Src	Trg	LinkCount	RelLinkCount
10867	11011	4	0.049383
10867	11046	1	0.012346
10867	11911	1	0.012346
10867	11272	29	0.358025
10867	11497	1	0.012346
10867	11313	82	1.012346
10867	11935	1	0.012346
10868	11272	4	0.210526
10868	11514	77	4.052632
10868	10964	1	0.052632
10868	11877	1	0.052632
10869	11176	27	1.000000
10869	11272	6	0.222222
10869	11387	2	0.074074
10869	11011	1	0.037037
10870	11272	1	0.021739
10870	10938	1	0.021739
10870	11134	24	0.521739
10871	12108	17	1.000000
10871	11924	17	1.000000
10872	10948	2	0.012500
10872	11597	1	0.006250
10876	11136	2	0.001373
10876	11011	1	0.000686
10876	10884	1370	0.940288
10876	11877	1	0.000686
10876	11272	4	0.002745
10876	11469	25	0.017159
10876	11541	182	0.124914
10877	11664	21	0.051095
10877	11272	22	0.053528
10877	10938	7	0.017032
10877	11011	194	0.472019
10877	11046	1	0.002433
10878	11216	423	1.368932
10878	11272	18	0.058252
10878	11664	4	0.012945
10878	11011	1	0.003236
10878	10964	1	0.003236
10880	11272	7	0.060870
10880	11536	1	0.008696
10881	11413	1	0.001304
10881	10945	1	0.001304
10881	12003	1	0.001304
10881	11653	1	0.001304
10881	11143	1	0.001304
10881	10888	1	0.001304
10881	11917	1	0.001304
10881	11502	1	0.001304
10881	11117	1	0.001304
10881	11272	21	0.027379
10881	11011	1	0.001304
10881	11572	1	0.001304
10881	11061	1	0.001304
10881	11767	1	0.001304
10881	10964	1	0.001304
10881	11969	1	0.001304
10881	10938	1	0.001304
10881	11989	1	0.001304
10882	11272	2	0.095238
10884	11272	4	0.002935
10884	11136	2	0.001467
10884	11011	1	0.000734
10884	11541	156	0.114453
10884	11469	21	0.015407
10889	11904	2	0.007605
10889	11272	2	0.007605
10889	11365	3	0.011407
10890	11552	4	0.027211
10890	11301	4	0.027211
10890	11272	153	1.040816
10890	11243	4	0.027211
10890	11080	4	0.027211
10890	12023	4	0.027211
10890	10938	145	0.986395
10891	11877	2	0.004464
10891	11272	19	0.042411
10891	11497	4	0.008929
10891	11944	1	0.002232
10891	11636	1	0.002232
10891	11935	2	0.004464
10892	11489	1	0.009901
10892	11011	4	0.039604
10892	11654	1	0.009901
10892	11271	1	0.009901
10892	11214	16	0.158416
10892	11497	1	0.009901
10892	11723	1	0.009901
10892	11278	4	0.039604
10892	11409	1	0.009901
10892	11475	1	0.009901
10892	11342	4	0.039604
10892	10998	1	0.009901
10892	10881	1	0.009901
10894	11272	6	0.052632
10894	11011	2	0.017544
10894	11164	2	0.017544
10894	11853	2	0.017544
10894	11238	2	0.017544
10895	11272	3	0.001326
10895	10938	662	0.292532
10895	11429	2	0.000884
10895	11614	3	0.001326
10895	10951	1	0.000442
10896	11272	20	0.080972
10896	11011	1	0.004049
10896	11935	2	0.008097
10898	11272	1	0.023810
10898	10946	3	0.071429
10898	11995	1	0.023810
10900	11011	4	0.001900
10900	11911	2	0.000950
10900	11272	87	0.041330
10900	11532	4	0.001900
10900	11500	4	0.001900
10900	11725	1810	0.859857
10901	11272	5	0.024038
10901	11681	211	1.014423
10901	10964	2	0.009615
10901	11935	2	0.009615
10902	11700	84	42.000000
10904	11448	1	0.047619
10904	11272	2	0.095238
10905	11272	36	18.000000
10914	11011	20	0.010035
10914	11272	216	0.108379
10914	11919	2	0.001004
10914	11924	2	0.001004
10914	11545	1	0.000502
10914	11932	1	0.000502
10914	11296	1	0.000502
10914	11173	1	0.000502
10914	11164	6	0.003011
10914	11820	3	0.001505
10914	11183	1	0.000502
10914	10930	1	0.000502
10914	11241	1	0.000502
10914	11961	12	0.006021
10914	10938	2	0.001004
10914	11723	1	0.000502
10914	11346	1	0.000502
10914	10964	10	0.005018
10914	11749	1	0.000502
10914	12004	1	0.000502
10914	11877	28	0.014049
10914	11238	2	0.001004
10914	11497	1	0.000502
10914	11389	1	0.000502
10914	11827	1	0.000502
10914	11127	1	0.000502
10914	11260	13	0.006523
10914	11005	1	0.000502
10915	11489	2	0.003442
10915	11011	2	0.003442
10915	11877	2	0.003442
10915	11272	4	0.006885
10915	11497	2	0.003442
10915	10954	35	0.060241
10915	11723	2	0.003442
10915	11409	1	0.001721
10915	10947	10	0.017212
10915	10964	1	0.001721
10915	10998	2	0.003442
10915	11389	2	0.003442
10917	11272	9	0.095745
10917	11594	6	0.063830
10917	12092	1	0.010638
10917	11935	96	1.021277
10919	11286	5	0.047619
10920	11272	60	15.000000
10922	11272	3	0.111111
10922	11556	1	0.037037
10924	11272	1	0.100000
10924	11162	1	0.100000
10924	11722	1	0.100000
10930	11272	41	0.230337
10930	11011	1	0.005618
10930	11935	1	0.005618
10931	11272	42	21.000000
10931	11380	6	3.000000
10934	11272	43	0.108312
10934	11164	1	0.002519
10934	11182	409	1.030227
10937	10872	2	0.111111
10937	10948	2	0.111111
10937	11052	2	0.111111
10938	11272	63	9.000000
10939	11272	14	7.000000
10940	11272	7	0.098592
10940	11162	2	0.028169
10940	11164	1	0.014085
10940	11997	1	0.014085
10941	11272	1	0.022727
10941	11011	2	0.045455
10941	11877	1	0.022727
10941	11166	2	0.045455
10942	11272	134	67.000000
10942	11011	2	1.000000
10942	11877	2	1.000000
10943	11905	5	0.000367
10943	11651	5	0.000367
10943	11653	1	0.000073
10943	11911	10	0.000734
10943	11272	12108	0.888204
10943	11659	12	0.000880
10943	11532	8	0.000587
10943	11533	17	0.001247
10943	11790	3	0.000220
10943	11536	3	0.000220
10943	11409	2	0.000147
10943	11011	583	0.042767
10943	12056	7	0.000513
10943	11695	9	0.000660
10943	11164	94	0.006896
10943	11038	3	0.000220
10943	11227	6	0.000440
10943	11046	12	0.000880
10943	11431	1	0.000073
10943	10922	1	0.000073
10943	11079	3	0.000220
10943	11820	6	0.000440
10943	11311	23	0.001687
10943	11184	2	0.000147
10943	11953	2	0.000147
10943	11891	1	0.000073
10943	11700	4	0.000293
10943	11447	1	0.000073
10943	11514	3	0.000220
10943	10938	9	0.000660
10943	11835	9	0.000660
10943	11139	3	0.000220
10943	10954	8	0.000587
10943	10947	9	0.000660
10943	10870	2	0.000147
10943	10951	2	0.000147
10943	11976	14	0.001027
10943	11850	9	0.000660
10943	11489	2	0.000147
10943	12108	2	0.000147
10943	11725	2	0.000147
10943	10960	5	0.000367
10943	11089	1	0.000073
10943	11939	4	0.000293
10943	10964	10	0.000734
10943	10931	8	0.000587
10943	11748	7	0.000513
10943	11226	2	0.000147
10943	11867	2	0.000147
10943	11187	6	0.000440
10943	11229	8	0.000587
10943	11617	9	0.000660
10943	11619	7	0.000513
10943	12004	1	0.000073
10943	11877	25	0.001834
10943	11238	3	0.000220
10943	11004	9	0.000660
10943	11884	2	0.000147
10943	12029	3	0.000220
10943	11827	10	0.000734
10943	10867	5	0.000367
10943	11380	9	0.000660
10943	11059	3	0.000220
10943	10998	6	0.000440
10943	10999	8	0.000587
10943	12026	15	0.001100
10943	11132	7	0.000513
10943	11005	2	0.000147
10944	11233	2	0.001390
10944	11011	17	0.011814
10944	11272	6	0.004170
10944	11275	2	0.001390
10944	11409	1449	1.006949
10944	10947	1	0.000695
10944	11164	1	0.000695
10945	11653	1	0.011628
10946	11272	146	0.044512
10946	10898	9	0.002744
10946	11011	9	0.002744
10946	11877	1	0.000305
10946	10943	2	0.000610
10947	11272	386	1.649573
10947	10954	1	0.004274
10947	11011	9	0.038462
10947	11380	1	0.004274
10947	11389	1	0.004274
10948	10872	4	0.059701
10950	11272	40	10.000000
10951	11776	1	0.000600
10951	11011	3	0.001801
10951	11877	1	0.000600
10951	11911	1	0.000600
10951	11272	51	0.030612
10951	11497	1	0.000600
10951	10954	1	0.000600
10951	11275	1	0.000600
10951	11953	1	0.000600
10951	10964	2	0.001200
10951	11127	2	0.001200
10951	11227	1	0.000600
10951	11164	3	0.001801
10951	11935	4	0.002401
10952	11617	1	0.001404
10952	11084	1	0.001404
10952	12076	1	0.001404
10952	11756	1	0.001404
10952	11790	3	0.004213
10952	11272	2	0.002809
10952	11385	1	0.001404
10952	11196	4	0.005618
10953	11304	1	0.000799
10953	11272	4	0.003195
10953	11914	318	0.253994
10953	10938	4	0.003195
10954	11011	31	0.121569
10954	11910	1	0.003922
10954	11272	783	3.070588
10954	11663	22	0.086275
10954	11154	2	0.007843
10954	11036	3	0.011765
10954	10915	2	0.007843
10954	11953	205	0.803922
10954	11706	22	0.086275
10954	11070	16	0.062745
10954	10947	6	0.023529
10954	11335	4	0.015686
10954	11338	9	0.035294
10954	11723	24	0.094118
10954	11089	15	0.058824
10954	11489	18	0.070588
10954	11748	14	0.054902
10954	11877	205	0.803922
10954	11497	25	0.098039
10954	11380	1	0.003922
10954	10997	16	0.062745
10954	10998	26	0.101961
10954	10999	205	0.803922
10954	11001	4	0.015686
10957	11272	216	18.000000
10958	11272	34	17.000000
10958	11011	2	1.000000
10959	11586	1	0.066667
10959	11011	3	0.200000
10959	11877	1	0.066667
10959	11272	10	0.666667
10959	11081	1	0.066667
10959	11497	1	0.066667
10960	11272	21	0.291667
10960	11011	69	0.958333
10960	11935	2	0.027778
10961	11489	1	0.000377
10961	11011	3	0.001132
10961	11748	1	0.000377
10961	11781	2	0.000755
10961	11272	2602	0.981887
10961	11497	1	0.000377
10961	11183	11	0.004151
10961	11409	1	0.000377
10961	11001	1	0.000377
10961	11547	7	0.002642
10963	11272	1	0.047619
10964	11272	195	39.000000
10968	11272	2	0.250000
10968	10964	1	0.125000
10969	11552	2	0.018182
10969	11301	2	0.018182
10969	11879	1	0.009091
10969	11272	115	1.045455
10969	11243	2	0.018182
10969	11080	2	0.018182
10969	12023	2	0.018182
10969	10938	115	1.045455
10972	11272	5	1.666667
10972	11087	2	0.666667
10977	11272	2	0.051282
10977	10941	1	0.025641
10977	10943	1	0.025641
10978	11272	1	0.019231
10979	10938	8	0.004479
10979	11570	4	0.002240
10979	10978	26	0.014558
10981	11272	36	18.000000
10982	11011	1	0.016949
10982	11411	1	0.016949
10985	11272	14	0.215385
10985	11011	1	0.015385
10985	11877	2	0.030769
10986	11272	3	0.014563
10986	11536	1	0.004854
10986	11419	1	0.004854
10987	11011	14	0.026565
10987	11877	2	0.003795
10987	11272	126	0.239089
10987	11250	2	0.003795
10987	11043	4	0.007590
10987	10964	2	0.003795
10987	11034	2	0.003795
10987	11935	2	0.003795
10991	11011	1	0.000443
10991	11399	1	0.000443
10991	11272	11	0.004878
10991	11850	22	0.009756
10991	11051	22	0.009756
10991	11286	298	0.132151
10992	11011	1	0.000134
10992	11877	3	0.000402
10992	11272	3	0.000402
10992	11318	6	0.000804
10992	11257	14692	1.967591
10992	10938	1	0.000134
10992	11166	1	0.000134
10994	11272	3	0.088235
10994	11935	2	0.058824
10994	10959	1	0.029412
10995	11272	1	0.011494
10995	11950	5	0.057471
10997	11489	1	0.001689
10997	10947	14	0.023649
10997	12004	6	0.010135
10997	11877	5	0.008446
10997	11233	1	0.001689
10997	11272	13	0.021959
10997	10954	27	0.045608
10997	11723	3	0.005068
10997	11953	1	0.001689
10997	11011	4	0.006757
10997	11380	2	0.003378
10997	10998	3	0.005068
10997	11748	6	0.010135
10997	12052	1	0.001689
10998	11489	1	0.000734
10998	11011	2	0.001468
10998	11877	1	0.000734
10998	11272	26	0.019090
10998	11497	3	0.002203
10998	10954	30	0.022026
10998	11723	1	0.000734
10998	11953	1	0.000734
10998	10947	3	0.002203
10998	11929	1	0.000734
10998	11389	1	0.000734
10998	10943	10	0.007342
10999	11272	14	7.000000
10999	11011	4	2.000000
11001	10944	1	0.006098
11001	11489	1	0.006098
11001	10947	9	0.054878
11001	11335	1	0.006098
11001	11272	8	0.048780
11001	11497	1	0.006098
11001	10954	7	0.042683
11001	11723	1	0.006098
11001	11154	1	0.006098
11001	10915	1	0.006098
11001	10998	2	0.012195
11001	11011	2	0.012195
11001	11706	1	0.006098
11001	11036	1	0.006098
11001	11338	1	0.006098
11004	11272	16	8.000000
11005	11272	197	0.951691
11005	11164	2	0.009662
11007	11272	137	1.030075
11007	10938	134	1.007519
11011	10960	4	0.000325
11011	10914	1	0.000081
11011	10947	2	0.000163
11011	11877	3	0.000244
11011	11238	1	0.000081
11011	11911	2	0.000163
11011	11272	94	0.007642
11011	11046	2	0.000163
11011	11820	2	0.000163
11011	11311	2	0.000163
11011	11344	1	0.000081
11011	11827	2	0.000163
11011	11187	2	0.000163
11012	11272	32	16.000000
11014	11272	45	0.255682
11014	11011	5	0.028409
11014	11533	1	0.005682
11015	11197	54	1.018868
11018	11103	18	3.000000
11020	10944	1	0.015873
11020	11272	1	0.015873
11020	11586	1	0.015873
11023	11072	13	0.019231
11023	11203	1	0.001479
11023	11335	1	0.001479
11023	11272	28	0.041420
11023	10931	1	0.001479
11023	11011	1	0.001479
11023	11613	3	0.004438
11023	11935	3	0.004438
11025	11272	4	0.005427
11025	11304	1	0.001357
11025	10988	9	0.012212
11027	11272	1	0.076923
11030	11272	7	0.015660
11030	11504	1	0.002237
11030	10938	1	0.002237
11030	11180	1	0.002237
11030	11791	10	0.022371
11031	11272	12	0.081633
11031	11380	4	0.027211
11031	11877	2	0.013605
11031	11935	1	0.006803
11032	11992	1	0.001300
11032	11272	7	0.009103
11032	11011	1	0.001300
11032	11409	1	0.001300
11034	11168	2	0.013072
11034	11272	28	0.183007
11034	11497	2	0.013072
11034	11185	1	0.006536
11034	11423	158	1.032680
11034	11388	160	1.045752
11034	11935	2	0.013072
11035	11568	1	0.006494
11035	12021	3	0.019481
11036	11272	2	0.023529
11036	10954	8	0.094118
11037	11272	6	0.021201
11037	11385	1	0.003534
11037	11725	1	0.003534
11038	11586	1	0.012987
11038	11877	6	0.077922
11038	11020	1	0.012987
11038	11272	17	0.220779
11038	11081	2	0.025974
11038	11532	3	0.038961
11038	11538	2	0.025974
11038	11279	6	0.077922
11038	11346	28	0.363636
11038	11226	1	0.012987
11038	11935	1	0.012987
11039	11272	351	27.000000
11039	11011	13	1.000000
11040	11272	13	0.288889
11040	11011	1	0.022222
11040	11238	1	0.022222
11040	11174	1	0.022222
11040	11935	2	0.044444
11042	11877	3	0.024194
11042	11238	127	1.024194
11042	11272	270	2.177419
11042	11497	1	0.008065
11042	11081	1	0.008065
11042	11447	254	2.048387
11042	11935	265	2.137097
11043	11011	6	0.005970
11043	11272	72	0.071642
11043	11372	853	0.848756
11043	11311	27	0.026866
11043	10964	5	0.004975
11043	11001	1	0.000995
11043	11935	8	0.007960
11045	10978	26	0.013514
11045	11570	4	0.002079
11045	10938	8	0.004158
11045	10979	3	0.001559
11046	11272	44	22.000000
11047	11272	2	0.007273
11047	10938	2	0.007273
11051	11011	1	0.000671
11051	11399	1	0.000671
11051	11272	22	0.014755
11051	11850	5	0.003353
11051	10964	1	0.000671
11051	11286	13	0.008719
11051	11961	1	0.000671
11051	11164	1	0.000671
11052	11272	2	0.006390
11053	11272	205	1.004902
11058	11011	2	0.004202
11058	11272	10	0.021008
11058	11180	1	0.002101
11058	11791	12	0.025210
11058	11504	1	0.002101
11058	10938	1	0.002101
11059	11272	7	0.001452
11059	11011	2	0.000415
11059	11935	1	0.000207
11059	11582	4822	1.000415
11059	11911	1	0.000207
11066	11784	5	0.003544
11066	11523	4	0.002835
11070	11011	4	0.002364
11070	11877	3	0.001773
11070	11272	13	0.007683
11070	11497	3	0.001773
11070	10954	1731	1.023050
11070	10947	4	0.002364
11070	11706	2	0.001182
11070	11187	3	0.001773
11072	11877	7	0.004968
11072	11272	12	0.008517
11072	10964	2	0.001419
11072	11023	9	0.006388
11072	11976	1	0.000710
11072	11380	1	0.000710
11072	11861	1	0.000710
11072	11700	1	0.000710
11072	10938	2	0.001419
11072	12091	1	0.000710
11072	11164	1	0.000710
11072	11613	6	0.004258
11072	11935	1	0.000710
11074	11489	1	0.004202
11074	10954	1	0.004202
11075	11272	14	0.015419
11075	11020	21	0.023128
11075	10938	1	0.001101
11075	11972	1777	1.957048
11076	11027	3	0.001524
11076	11272	12	0.006098
11076	11867	6	0.003049
11076	11004	2	0.001016
11076	11877	4	0.002033
11079	11011	7	0.005418
11079	11205	4	0.003096
11079	11272	73	0.056502
11079	10985	1	0.000774
11079	11597	1	0.000774
11079	11827	1	0.000774
11079	11935	2	0.001548
11079	11513	7	0.005418
11079	11611	4	0.003096
11079	11164	3	0.002322
11079	12037	2	0.001548
11080	11552	2	0.020833
11080	11301	2	0.020833
11080	11272	102	1.062500
11080	11243	2	0.020833
11080	12023	2	0.020833
11080	10938	97	1.010417
11081	11272	10	0.025510
11081	11935	4	0.010204
11082	11792	44	1.629630
11082	11181	33	1.222222
11083	11877	1	0.004587
11083	11272	28	0.128440
11083	11081	1	0.004587
11083	10964	1	0.004587
11083	11126	1	0.004587
11083	11935	2	0.009174
11086	10951	10	0.714286
11088	11651	37	0.115987
11088	11911	1	0.003135
11088	11272	1113	3.489028
11088	11275	2	0.006270
11088	11409	2	0.006270
11088	11154	2	0.006270
11088	11011	107	0.335423
11088	11935	1	0.003135
11088	11043	1	0.003135
11088	11046	1	0.003135
11088	11311	4	0.012539
11088	10931	11	0.034483
11088	11451	1	0.003135
11088	12092	1	0.003135
11088	10954	4	0.012539
11088	10947	70	0.219436
11088	11335	3	0.009404
11088	11338	1	0.003135
11088	11723	2	0.006270
11088	10964	1	0.003135
11088	11861	1	0.003135
11088	11187	2	0.006270
11088	11233	1	0.003135
11088	11748	3	0.009404
11088	11877	72	0.225705
11088	11238	1	0.003135
11088	11497	4	0.012539
11088	12029	23	0.072100
11088	11827	1	0.003135
11088	11380	409	1.282132
11088	10998	3	0.009404
11088	10999	11	0.034483
11088	11001	1	0.003135
11088	11389	1	0.003135
11089	11233	1	0.000334
11089	11458	2	0.000668
11089	10947	12	0.004011
11089	11877	14	0.004679
11089	11272	30	0.010027
11089	11497	2	0.000668
11089	10954	54	0.018048
11089	11723	1	0.000334
11089	11953	1	0.000334
11089	11187	3	0.001003
11089	10998	2	0.000668
11089	11011	2	0.000668
11089	11036	2	0.000668
11089	11338	3	0.001003
11089	11103	3	0.001003
11092	11011	1	0.000441
11092	11399	1	0.000441
11092	11272	11	0.004846
11092	11850	22	0.009692
11092	11051	22	0.009692
11092	11286	292	0.128634
11095	11272	166	83.000000
11097	11272	28	14.000000
11098	11272	377	31.416667
11099	11272	14	0.194444
11102	11272	18	9.000000
11103	11458	35	0.021499
11103	11011	3	0.001843
11103	11431	2	0.001229
11103	11272	20	0.012285
11103	11723	1	0.000614
11103	11820	1	0.000614
11103	11089	4	0.002457
11103	11935	3	0.001843
11105	11877	1	0.003717
11105	11272	3	0.011152
11105	11178	7	0.026022
11105	10891	1	0.003717
11105	11409	273	1.014870
11105	11987	1	0.003717
11110	11272	100	25.000000
11111	11272	156	39.000000
11114	11552	1	0.009091
11114	11301	1	0.009091
11114	11272	114	1.036364
11114	11243	1	0.009091
11114	11080	1	0.009091
11114	12023	1	0.009091
11114	10938	113	1.027273
11115	11781	3	0.001655
11115	11782	3	0.001655
11115	11271	3	0.001655
11115	11272	27569	15.206288
11115	11099	3	0.001655
11115	11790	3	0.001655
11115	11438	3	0.001655
11115	11296	3	0.001655
11115	11810	3	0.001655
11115	11811	3	0.001655
11115	11304	3	0.001655
11115	11307	3	0.001655
11115	11821	3	0.001655
11115	11311	2	0.001103
11115	11784	3	0.001655
11115	11829	3	0.001655
11115	11338	1	0.000552
11115	11346	3	0.001655
11115	11873	3	0.001655
11115	11362	3	0.001655
11115	11877	6	0.003309
11115	11371	3	0.001655
11115	11887	3	0.001655
11115	10867	3	0.001655
11115	11380	6	0.003309
11115	10869	3	0.001655
11115	11895	3	0.001655
11115	11389	3	0.001655
11115	11903	3	0.001655
11115	11904	3	0.001655
11115	10881	3	0.001655
11115	11910	3	0.001655
11115	10891	3	0.001655
11115	10946	3	0.001655
11115	10894	3	0.001655
11115	11919	3	0.001655
11115	11924	3	0.001655
11115	10901	3	0.001655
11115	11419	3	0.001655
11115	10914	3	0.001655
11115	10917	3	0.001655
11115	11942	3	0.001655
11115	11463	3	0.001655
11115	10924	3	0.001655
11115	11950	3	0.001655
11115	11440	3	0.001655
11115	11953	1	0.000552
11115	10930	3	0.001655
11115	10934	3	0.001655
11115	11448	3	0.001655
11115	10938	1	0.000552
11115	11451	3	0.001655
11115	11970	3	0.001655
11115	10947	1	0.000552
11115	10951	3	0.001655
11115	11981	3	0.001655
11115	11042	3	0.001655
11115	11475	3	0.001655
11115	11478	3	0.001655
11115	11481	3	0.001655
11115	10972	3	0.001655
11115	11997	3	0.001655
11115	12000	3	0.001655
11115	10978	3	0.001655
11115	12004	3	0.001655
11115	11493	3	0.001655
11115	10982	3	0.001655
11115	10985	3	0.001655
11115	10987	3	0.001655
11115	10994	3	0.001655
11115	10998	6	0.003309
11115	11514	3	0.001655
11115	11005	3	0.001655
11115	11011	966	0.532819
11115	12037	3	0.001655
11115	11014	3	0.001655
11115	11529	3	0.001655
11115	11532	23	0.012686
11115	11023	3	0.001655
11115	11025	3	0.001655
11115	12054	3	0.001655
11115	11034	3	0.001655
11115	11036	1	0.000552
11115	11037	3	0.001655
11115	11040	3	0.001655
11115	11554	3	0.001655
11115	11043	3	0.001655
11115	12068	3	0.001655
11115	11142	3	0.001655
11115	11051	3	0.001655
11115	11053	3	0.001655
11115	11568	3	0.001655
11115	11059	3	0.001655
11115	11573	3	0.001655
11115	12088	3	0.001655
11115	12090	3	0.001655
11115	11076	6	0.003309
11115	11079	3	0.001655
11115	11081	1	0.000552
11115	11083	3	0.001655
11115	11601	3	0.001655
11115	11611	3	0.001655
11115	11614	3	0.001655
11115	11103	3	0.001655
11115	11626	3	0.001655
11115	11118	3	0.001655
11115	11127	3	0.001655
11115	10900	3	0.001655
11115	11644	3	0.001655
11115	11133	3	0.001655
11115	11134	3	0.001655
11115	11136	3	0.001655
11115	11139	3	0.001655
11115	11654	3	0.001655
11115	11657	3	0.001655
11115	11159	3	0.001655
11115	11664	3	0.001655
11115	11153	3	0.001655
11115	11671	3	0.001655
11115	11164	3	0.001655
11115	11166	3	0.001655
11115	11169	3	0.001655
11115	11173	3	0.001655
11115	11690	3	0.001655
11115	11185	3	0.001655
11115	11497	1	0.000552
11115	11190	3	0.001655
11115	11704	3	0.001655
11115	11193	3	0.001655
11115	11196	3	0.001655
11115	11197	3	0.001655
11115	11714	3	0.001655
11115	11205	3	0.001655
11115	11723	1	0.000552
11115	11212	3	0.001655
11115	11725	3	0.001655
11115	11214	3	0.001655
11115	11217	3	0.001655
11115	11219	3	0.001655
11115	11230	3	0.001655
11115	11233	12	0.006619
11115	11747	3	0.001655
11115	11748	1	0.000552
11115	11749	3	0.001655
11115	11244	3	0.001655
11115	11757	3	0.001655
11115	11251	3	0.001655
11115	11766	3	0.001655
11115	11768	3	0.001655
11115	11258	3	0.001655
11117	11272	2	0.021739
11117	10938	1	0.010870
11117	11917	7	0.076087
11117	11653	2	0.021739
11118	11272	14	0.009629
11118	11911	1	0.000688
11118	11620	2	0.001376
11118	11783	3	0.002063
11121	11365	20	0.714286
11122	11011	1	0.000445
11122	11399	1	0.000445
11122	11272	11	0.004898
11122	11850	22	0.009795
11122	11051	22	0.009795
11122	11286	288	0.128228
11123	11011	1	0.004717
11123	11877	2	0.009434
11123	11272	32	0.150943
11123	11437	1	0.004717
11123	12085	2	0.009434
11123	11935	1	0.004717
11124	11272	1	0.023256
11126	11083	40	0.180180
11127	11272	16	0.035320
11127	11961	3	0.006623
11128	11440	164	0.832487
11132	11272	78	39.000000
11132	11011	2	1.000000
11132	11532	2	1.000000
11133	11272	7	0.038674
11133	11011	4	0.022099
11134	11810	2	0.001362
11134	11011	48	0.032698
11134	11272	56	0.038147
11134	10870	1442	0.982289
11134	11164	2	0.001362
11134	11935	9	0.006131
11136	11011	4	0.004762
11136	11911	1	0.001190
11136	11272	28	0.033333
11136	11051	1	0.001190
11136	11469	6	0.007143
11136	10964	1	0.001190
11139	11272	24	0.100000
11139	11011	2	0.008333
11139	11661	4	0.016667
11139	11935	2	0.008333
11142	11489	1	0.000599
11142	11011	3	0.001797
11142	11877	2	0.001198
11142	11272	60	0.035950
11142	11497	2	0.001198
11142	11438	6	0.003595
11142	11409	1	0.000599
11142	10915	1	0.000599
11142	11575	7	0.004194
11142	11935	2	0.001198
11143	11808	1	0.003300
11143	11653	2	0.006601
11143	11431	1	0.003300
11143	11272	2	0.006601
11143	11497	1	0.003300
11143	12074	1	0.003300
11143	11723	1	0.003300
11143	11409	1	0.003300
11143	11240	1	0.003300
11143	10998	1	0.003300
11143	11001	1	0.003300
11143	10938	2	0.006601
11143	11877	1	0.003300
11149	11736	1	0.004049
11149	11272	1	0.004049
11149	10938	1	0.004049
11149	11573	230	0.931174
11150	11272	28	14.000000
11153	11272	5	0.029412
11153	11489	1	0.005882
11153	11935	3	0.017647
11153	10998	170	1.000000
11153	11047	383	2.252941
11154	11877	2	0.012579
11154	11272	32	0.201258
11154	10954	8	0.050314
11154	11532	1	0.006289
11154	11953	2	0.012579
11154	11451	1	0.006289
11156	11939	4	0.200000
11157	11272	1	0.008065
11157	10936	2	0.016129
11159	11907	1131	1.994709
11159	12004	1	0.001764
11159	11272	11	0.019400
11159	11497	1	0.001764
11159	11311	1	0.001764
11159	10938	1	0.001764
11159	11164	2	0.003527
11163	11272	8	0.045455
11164	11011	170	0.481586
11164	10939	3	0.008499
11164	11272	326	0.923513
11164	11311	3	0.008499
11164	11877	1	0.002833
11164	10960	4	0.011331
11164	10947	4	0.011331
11164	11835	2	0.005666
11164	11004	2	0.005666
11164	10943	4	0.011331
11166	11011	9	0.002993
11166	11272	138	0.045893
11166	11820	1	0.000333
11166	11409	3	0.000998
11166	11827	6	0.001995
11166	10964	2	0.000665
11166	10938	2	0.000665
11166	11227	1	0.000333
11166	10941	4	0.001330
11166	11935	1	0.000333
11167	10978	25	0.016644
11167	11570	4	0.002663
11167	10938	8	0.005326
11167	10979	1	0.000666
11168	11409	1	0.002165
11168	11272	1	0.002165
11168	11185	462	1.000000
11168	12088	5	0.010823
11168	11034	5	0.010823
11168	11423	455	0.984848
11169	11011	2063	0.882756
11169	11877	1	0.000428
11169	11272	221	0.094566
11169	10947	3	0.001284
11169	11380	3	0.001284
11169	10931	1	0.000428
11169	11163	1	0.000428
11169	11935	1	0.000428
11171	11272	26	13.000000
11173	11272	14	0.028807
11173	11905	5	0.010288
11173	11011	5	0.010288
11173	10951	1	0.002058
11173	11935	1	0.002058
11174	11040	1	0.008000
11174	11272	2	0.016000
11174	11164	1	0.008000
11176	11877	1	0.005291
11176	11953	1	0.005291
11176	11272	2	0.010582
11176	10922	1	0.005291
11176	11400	1	0.005291
11176	10869	1	0.005291
11176	11935	2	0.010582
11176	10943	1	0.005291
11178	11272	72	0.496552
11178	10922	1477	10.186207
11180	11184	2	0.013793
11180	11272	1	0.006897
11180	12026	1	0.006897
11180	11877	1	0.006897
11181	11792	44	1.629630
11182	11272	4	0.075472
11182	11275	1	0.018868
11182	11877	1	0.018868
11182	10934	6	0.113208
11183	11489	1	0.000384
11183	11011	3	0.001153
11183	11748	1	0.000384
11183	11781	2	0.000768
11183	11272	2565	0.985401
11183	11497	1	0.000384
11183	11409	1	0.000384
11183	11001	1	0.000384
11183	11547	7	0.002689
11184	11489	1	0.010417
11184	11554	18	0.187500
11184	11011	1	0.010417
11184	11877	1	0.010417
11184	11272	18	0.187500
11184	11004	1	0.010417
11184	11850	1	0.010417
11184	11532	1	0.010417
11184	11369	1	0.010417
11184	10999	1	0.010417
11184	11132	1	0.010417
11184	11164	1	0.010417
11184	11935	1	0.010417
11185	11168	10	0.009756
11185	11489	2	0.001951
11185	11011	8	0.007805
11185	11272	44	0.042927
11185	11081	3	0.002927
11185	11275	2	0.001951
11185	11372	1	0.000976
11185	11409	5	0.004878
11185	10964	1	0.000976
11185	11831	18	0.017561
11185	10938	1	0.000976
11185	11132	1	0.000976
11185	11935	7	0.006829
11187	11272	100	25.000000
11190	11272	195	1.048387
11190	11235	23	0.123656
11190	10964	1	0.005376
11190	12085	1	0.005376
11190	11935	1	0.005376
11192	11271	561	1.224891
11193	11272	12	0.010821
11193	11011	4	0.003607
11193	11238	3	0.002705
11193	11935	2	0.001803
11196	11272	12	0.014778
11196	11011	3	0.003695
11196	12076	680	0.837438
11196	11238	2	0.002463
11197	11272	126	1.095652
11197	11011	29	0.252174
11197	11183	1	0.008696
11197	11132	1	0.008696
11197	11015	112	0.973913
11199	11489	1	0.001502
11199	11365	1	0.001502
11199	11272	27	0.040541
11199	11118	1	0.001502
11199	11222	215	0.322823
11199	10938	2	0.003003
11202	11223	63	12.600000
11204	10938	2	0.002729
11205	11011	3	0.007212
11205	11877	1	0.002404
11205	11272	24	0.057692
11205	11311	1	0.002404
11205	11568	1	0.002404
11205	12026	3	0.007212
11205	11226	6	0.014423
11206	11272	98	49.000000
11207	11939	2	0.004739
11208	11939	4	0.009153
11211	11272	34	17.000000
11211	10964	2	1.000000
11212	11272	31	0.008083
11212	12104	1	0.000261
11212	11011	16	0.004172
11212	11827	1	0.000261
11214	11272	4	0.005682
11214	11705	702	0.997159
11214	11011	1	0.001420
11214	11877	2	0.002841
11214	11278	702	0.997159
11216	11272	3	0.136364
11217	11877	3	0.037975
11217	11911	2	0.025316
11217	11272	67	0.848101
11217	11538	1	0.012658
11217	11412	3	0.037975
11217	11164	2	0.025316
11217	11935	1	0.012658
11219	11011	2	0.002766
11219	11272	38	0.052559
11219	12111	25	0.034578
11219	11164	3	0.004149
11219	11038	1	0.001383
11219	11935	2	0.002766
11221	11011	1	0.015385
11221	11238	1	0.015385
11221	11272	17	0.261538
11221	11632	3	0.046154
11221	11698	68	1.046154
11221	10964	1	0.015385
11222	11489	1	0.001852
11222	11365	1	0.001852
11222	11272	19	0.035185
11222	11118	1	0.001852
11222	10938	2	0.003704
11222	11199	3833	7.098148
11226	11011	1	0.052632
11226	11205	2	0.105263
11226	11877	1	0.052632
11227	11272	102	34.000000
11227	11011	9	3.000000
11229	11272	40	20.000000
11230	11272	6	0.010889
11230	12059	4	0.007260
11230	11820	1	0.001815
11230	11783	3	0.005445
11231	11272	76	38.000000
11232	11169	2	0.090909
11233	10944	1	0.000872
11233	11586	729	0.635571
11233	11011	9	0.007847
11233	11877	4	0.003487
11233	11238	1	0.000872
11233	11272	64	0.055798
11233	10960	8	0.006975
11233	11380	5	0.004359
11233	10943	8	0.006975
11235	11272	7	0.241379
11235	10951	1	0.034483
11235	11011	1	0.034483
11235	11190	4	0.137931
11235	11935	1	0.034483
11236	11272	14	0.014690
11236	11020	21	0.022036
11236	10938	1	0.001049
11236	11972	1922	2.016789
11238	11272	10	5.000000
11240	11409	78	3.000000
11240	11139	25	0.961538
11240	11877	1	0.038462
11241	11296	1	0.000282
11241	11011	2	0.000563
11241	11972	24	0.006759
11241	11166	1	0.000282
11241	11911	2	0.000563
11241	11272	241	0.067868
11241	11497	4	0.001126
11241	11020	3136	0.883132
11241	11346	2	0.000563
11241	11219	2	0.000563
11241	11221	1	0.000282
11241	10947	1	0.000282
11241	10999	2	0.000563
11241	11027	2	0.000563
11241	11005	1	0.000282
11241	11038	1	0.000282
11241	11935	10	0.002816
11243	11272	145	0.935484
11243	10938	144	0.929032
11244	11973	13	0.003957
11244	11272	52	0.015830
11244	11275	1	0.000304
11244	11409	4	0.001218
11244	11935	2	0.000609
11244	11877	2	0.000609
11245	10978	26	0.013430
11245	10938	8	0.004132
11245	10979	1	0.000517
11245	11570	4	0.002066
11247	11354	1	0.023810
11247	11860	1	0.023810
11247	11770	1	0.023810
11247	11162	2	0.047619
11247	11997	1	0.023810
11249	11272	4	0.036036
11249	11497	1	0.009009
11249	11723	1	0.009009
11249	11965	2	0.018018
11249	12055	1	0.009009
11250	11272	3	0.050000
11250	11497	1	0.016667
11250	11186	1	0.016667
11250	10987	2	0.033333
11251	11272	27	0.262136
11251	11011	2	0.019417
11251	11139	2	0.019417
11251	11751	3	0.029126
11257	11011	1	0.000134
11257	11877	3	0.000402
11257	11272	3	0.000402
11257	11318	6	0.000804
11257	10938	1	0.000134
11257	11166	1	0.000134
11258	11272	8	0.013223
11258	12015	1688	2.790083
11260	11011	1	0.001634
11260	11653	2	0.003268
11260	11272	21	0.034314
11260	11409	1	0.001634
11260	11932	4	0.006536
11260	11935	3	0.004902
11260	10914	543	0.887255
11260	11939	4	0.006536
11260	11184	4	0.006536
11260	10938	2	0.003268
11260	12091	4	0.006536
11260	11072	4	0.006536
11260	11976	4	0.006536
11260	11850	4	0.006536
11260	11723	1	0.001634
11260	12108	4	0.006536
11260	11984	6	0.009804
11260	11861	4	0.006536
11260	11489	1	0.001634
11260	11877	1	0.001634
11260	11369	4	0.006536
11260	10998	1	0.001634
11260	11497	1	0.001634
11266	11304	1	0.000798
11266	11272	4	0.003192
11266	11914	318	0.253791
11266	10938	4	0.003192
11268	11810	2	0.019048
11268	11011	3	0.028571
11268	11911	1	0.009524
11268	11272	10	0.095238
11268	11275	1	0.009524
11268	10999	1	0.009524
11268	12026	1	0.009524
11268	11164	4	0.038095
11268	10938	1	0.009524
11268	11935	2	0.019048
11271	11272	138	0.049605
11271	10881	1	0.000359
11271	11011	6	0.002157
11271	11877	2	0.000719
11272	11781	17	0.017617
11272	11782	17	0.017617
11272	11271	17	0.017617
11272	11784	17	0.017617
11272	11275	23	0.023834
11272	11438	17	0.017617
11272	11296	17	0.017617
11272	11099	17	0.017617
11272	11307	17	0.017617
11272	11820	7	0.007254
11272	11311	60	0.062176
11272	11835	2	0.002073
11272	11334	17	0.017617
11272	11335	23	0.023834
11272	11338	23	0.023834
11272	11346	17	0.017617
11272	11861	23	0.023834
11272	11873	34	0.035233
11272	11451	17	0.017617
11272	11877	116	0.120207
11272	11879	17	0.017617
11272	11371	17	0.017617
11272	11887	17	0.017617
11272	10867	17	0.017617
11272	11380	5	0.005181
11272	11895	17	0.017617
11272	11389	17	0.017617
11272	11903	17	0.017617
11272	11904	17	0.017617
11272	10881	17	0.017617
11272	11910	17	0.017617
11272	10891	17	0.017617
11272	10946	17	0.017617
11272	10894	17	0.017617
11272	11919	17	0.017617
11272	11409	23	0.023834
11272	10900	17	0.017617
11272	10901	17	0.017617
11272	11419	17	0.017617
11272	11935	4	0.004145
11272	10914	17	0.017617
11272	10915	23	0.023834
11272	11942	17	0.017617
11272	10985	17	0.017617
11272	10924	17	0.017617
11272	11950	17	0.017617
11272	11440	17	0.017617
11272	11953	24	0.024870
11272	10934	17	0.017617
11272	11448	17	0.017617
11272	10939	1	0.001036
11272	11970	17	0.017617
11272	10947	2	0.002073
11272	11463	17	0.017617
11272	10954	15	0.015544
11272	11981	17	0.017617
11272	11475	17	0.017617
11272	10964	1	0.001036
11272	11478	17	0.017617
11272	11997	17	0.017617
11272	11489	138	0.143005
11272	12004	17	0.017617
11272	11493	17	0.017617
11272	11497	276	0.286010
11272	10987	17	0.017617
11272	10998	46	0.047668
11272	11001	46	0.047668
11272	11514	17	0.017617
11272	11004	54	0.055959
11272	11011	278	0.288083
11272	11014	17	0.017617
11272	11529	17	0.017617
11272	11532	2	0.002073
11272	11023	17	0.017617
11272	12054	17	0.017617
11272	11036	23	0.023834
11272	11037	17	0.017617
11272	11040	17	0.017617
11272	11042	17	0.017617
11272	11043	17	0.017617
11272	11046	1	0.001036
11272	11051	17	0.017617
11272	11053	17	0.017617
11272	11568	17	0.017617
11272	11573	17	0.017617
11272	12088	17	0.017617
11272	12090	17	0.017617
11272	12092	23	0.023834
11272	11076	17	0.017617
11272	11079	17	0.017617
11272	11083	17	0.017617
11272	11601	17	0.017617
11272	11611	17	0.017617
11272	11616	17	0.017617
11272	11619	1	0.001036
11272	11626	17	0.017617
11272	11118	17	0.017617
11272	11127	17	0.017617
11272	11132	8	0.008290
11272	11133	17	0.017617
11272	11134	17	0.017617
11272	11136	17	0.017617
11272	11139	17	0.017617
11272	11657	17	0.017617
11272	11664	17	0.017617
11272	11154	23	0.023834
11272	11671	17	0.017617
11272	11164	21	0.021762
11272	11169	17	0.017617
11272	11178	17	0.017617
11272	11181	17	0.017617
11272	11183	17	0.017617
11272	11185	17	0.017617
11272	11187	2	0.002073
11272	11704	17	0.017617
11272	11193	17	0.017617
11272	11205	17	0.017617
11272	11723	23	0.023834
11272	11212	17	0.017617
11272	11725	17	0.017617
11272	11214	17	0.017617
11272	11217	17	0.017617
11272	11219	17	0.017617
11272	11221	17	0.017617
11272	11227	1	0.001036
11272	11230	17	0.017617
11272	11233	17	0.017617
11272	11748	12	0.012435
11272	11749	17	0.017617
11272	11238	2	0.002073
11272	11757	17	0.017617
11272	11768	17	0.017617
11272	11690	17	0.017617
11275	11272	4	0.133333
11275	11409	70	2.333333
11275	11296	1	0.033333
11276	11272	1	0.076923
11276	11554	72	5.538462
11277	11272	121	13.444444
11277	11164	18	2.000000
11277	11810	392	43.555556
11277	11268	9	1.000000
11277	11935	9	1.000000
11279	11346	1	0.000683
11281	11011	1	0.000445
11281	11399	1	0.000445
11281	11272	11	0.004900
11281	11850	22	0.009800
11281	11051	22	0.009800
11281	11286	290	0.129176
11285	11272	3	0.004348
11285	11681	3	0.004348
11285	10938	2	0.002899
11285	10901	3	0.004348
11286	11272	11	0.004699
11286	11011	1	0.000427
11286	11850	22	0.009398
11286	11051	22	0.009398
11286	11399	1	0.000427
11290	11977	43	0.208738
11290	11435	3	0.014563
11290	12063	3	0.014563
11295	11272	2	0.054054
11295	11438	186	5.027027
11296	11748	1	0.006250
11296	11877	2	0.012500
11296	11272	10	0.062500
11296	11497	1	0.006250
11296	11275	3	0.018750
11296	11409	1	0.006250
11296	12022	1	0.006250
11296	11081	1	0.006250
11296	11935	3	0.018750
11301	11552	4	0.038095
11301	11877	2	0.019048
11301	11272	108	1.028571
11301	11243	4	0.038095
11301	11080	4	0.038095
11301	11953	1	0.009524
11301	12023	4	0.038095
11301	10938	103	0.980952
11303	11011	1	0.000443
11303	11399	1	0.000443
11303	11272	11	0.004872
11303	11850	22	0.009743
11303	11051	22	0.009743
11303	11286	290	0.128432
11304	11011	1	0.000934
11304	11272	57	0.053221
11304	11081	5	0.004669
11304	11914	3	0.002801
11304	11887	1	0.000934
11304	11025	1	0.000934
11304	10964	1	0.000934
11304	11164	1	0.000934
11304	11935	4	0.003735
11307	11011	6	0.001684
11307	11272	1836	0.515296
11307	11081	4	0.001123
11307	10915	4	0.001123
11307	11414	2	0.000561
11307	11497	4	0.001123
11307	11935	4	0.001123
11308	11429	1	0.000443
11308	10951	1	0.000443
11308	11272	3	0.001330
11308	10895	4412	1.955674
11308	10938	664	0.294326
11308	11614	3	0.001330
11310	11272	1	0.002710
11311	11272	9	0.073770
11311	11011	1	0.008197
11311	11132	1	0.008197
11311	11877	3	0.024590
11312	11272	25	1.000000
11312	11182	25	1.000000
11312	10934	100	4.000000
11313	11681	1	0.009434
11313	11469	1	0.009434
11313	10936	1	0.009434
11313	10867	321	3.028302
11313	11128	1	0.009434
11313	11897	1	0.009434
11313	11389	1	0.009434
11314	11272	12	6.000000
11318	11011	1	0.013333
11318	11877	1	0.013333
11318	11272	2	0.026667
11318	11257	1	0.013333
11318	11935	1	0.013333
11318	10943	1	0.013333
11320	11440	57	0.156593
11320	10938	59	0.162088
11323	11272	66	2.062500
11323	11011	4	0.125000
11323	11380	2	0.062500
11323	10947	1	0.031250
11325	11939	4	0.006723
11330	11914	6	0.181818
11330	11877	2	0.060606
11334	11272	155	0.044349
11334	11011	20	0.005722
11334	11939	6244	1.786552
11334	11877	1	0.000286
11334	11827	6	0.001717
11335	10947	16	0.017699
11335	11431	1	0.001106
11335	11272	9	0.009956
11335	10954	14	0.015487
11335	11723	1	0.001106
11335	11380	1	0.001106
11335	10997	1	0.001106
11335	10998	1	0.001106
11335	11700	3	0.003319
11335	11036	11	0.012168
11335	11338	1	0.001106
11338	11233	1	0.003968
11338	11586	1	0.003968
11338	11011	2	0.007937
11338	11748	2	0.007937
11338	11489	3	0.011905
11338	11497	3	0.011905
11338	10954	1	0.003968
11338	11275	1	0.003968
11338	10998	2	0.007937
11338	12074	1	0.003968
11338	11723	1	0.003968
11339	10894	1	0.038462
11342	11011	1	0.011111
11342	12038	2	0.022222
11342	11272	2	0.022222
11342	11756	1	0.011111
11342	11214	1	0.011111
11342	11473	5	0.055556
11344	11272	16	8.000000
11346	11296	1	0.000502
11346	11011	4	0.002007
11346	11877	36	0.018063
11346	11166	1	0.000502
11346	11272	117	0.058705
11346	11241	1	0.000502
11346	11275	2	0.001004
11346	11827	2	0.001004
11346	11219	1	0.000502
11346	10964	4	0.002007
11346	11221	1	0.000502
11346	10931	2	0.001004
11346	11005	1	0.000502
11346	11038	89	0.044656
11346	11935	2	0.001004
11349	11272	6	3.000000
11349	11942	2	1.000000
11351	11272	66	33.000000
11356	11272	120	15.000000
11357	11272	48	24.000000
11358	11272	18	9.000000
11362	11272	10	0.007037
11362	11410	6	0.004222
11362	11766	2	0.001407
11362	11935	2	0.001407
11365	11904	1	0.037037
11365	10889	1	0.037037
11365	11121	1	0.037037
11367	11489	1	0.020000
11367	11877	1	0.020000
11367	11272	2	0.040000
11367	11497	1	0.020000
11367	11409	1	0.020000
11367	10998	1	0.020000
11367	11001	2	0.040000
11367	11164	1	0.020000
11367	11935	1	0.020000
11369	11877	1	0.000850
11369	11272	3	0.002551
11369	11984	1	0.000850
11369	11953	1	0.000850
11369	11127	4	0.003401
11369	10938	1	0.000850
11369	11164	1	0.000850
11371	11011	1	0.026316
11371	11238	1	0.026316
11371	11272	24	0.631579
11371	11081	2	0.052632
11371	10999	1	0.026316
11371	11164	2	0.052632
11371	11935	1	0.026316
11372	11877	3	0.071429
11372	10943	1	0.023810
11374	11700	132	66.000000
11379	11272	12	0.079470
11379	12105	108	0.715232
11379	10943	2	0.013245
11379	11863	6	0.039735
11380	11011	101	0.378277
11380	11911	1	0.003745
11380	11272	880	3.295880
11380	11409	1	0.003745
11380	11651	37	0.138577
11380	11935	1	0.003745
11380	11046	1	0.003745
11380	11311	4	0.014981
11380	11827	1	0.003745
11380	12092	1	0.003745
11380	10947	45	0.168539
11380	10954	4	0.014981
11380	11088	2	0.007491
11380	10964	1	0.003745
11380	10931	6	0.022472
11380	11187	2	0.007491
11380	11233	1	0.003745
11380	11748	1	0.003745
11380	11877	64	0.239700
11380	11238	1	0.003745
11380	12029	22	0.082397
11380	10999	6	0.022472
11380	11389	1	0.003745
11383	10914	1	0.001695
11383	11011	1	0.001695
11383	11272	4	0.006780
11383	10954	13	0.022034
11383	10947	8	0.013559
11383	11861	72	0.122034
11383	11338	2	0.003390
11385	11272	1	0.037037
11385	11037	4	0.148148
11387	11176	2	0.005495
11387	10869	363	0.997253
11388	11272	4	0.222222
11389	11233	1	0.001825
11389	11011	7	0.012774
11389	11877	6	0.010949
11389	11272	75	0.136861
11389	11532	1	0.001825
11389	11820	1	0.001825
11389	10964	2	0.003650
11389	10998	3	0.005474
11389	12058	4	0.007299
11400	11176	132	0.144105
11400	11387	132	0.144105
11400	10869	136	0.148472
11404	11272	58	0.024370
11404	10946	8576	3.603361
11404	11011	9	0.003782
11404	11877	1	0.000420
11404	10898	9	0.003782
11405	12088	2	0.020833
11405	11839	2	0.020833
11407	11984	34	0.971429
11407	11749	36	1.028571
11409	11808	4	0.500000
11409	11105	2	0.250000
11409	11168	1	0.125000
11409	11431	2	0.250000
11409	11240	2	0.250000
11409	12074	3	0.375000
11409	11275	3	0.375000
11409	10944	6	0.750000
11410	11272	12	0.051724
11410	11362	20	0.086207
11410	11011	3	0.012931
11411	11272	2	0.142857
11412	11272	1	0.000441
11414	11272	83	1.024691
11414	11877	2	0.024691
11415	11272	1	0.007937
11415	11338	1	0.007937
11415	11451	1	0.007937
11419	11536	253	0.247796
11419	11272	773	0.757101
11419	10880	108	0.105779
11419	11935	1	0.000979
11422	11700	230	57.500000
11423	11168	1	0.003279
11423	11388	1	0.003279
11424	11272	14	0.015642
11424	11020	15	0.016760
11424	10938	1	0.001117
11424	11972	1751	1.956425
11427	11272	2	0.400000
11427	11463	2	0.400000
11428	11272	185	37.000000
11429	11272	9	0.105882
11429	11973	1	0.011765
11429	11614	86	1.011765
11429	11877	1	0.011765
11431	11409	134	1.887324
11431	11311	2	0.028169
11433	11104	1	1.000000
11435	11977	1	0.007937
11435	10938	1	0.007937
11435	11601	1	0.007937
11436	11523	9	0.016981
11436	11784	411	0.775472
11436	11272	15	0.028302
11436	11011	2	0.003774
11436	11066	6	0.011321
11436	11164	1	0.001887
11436	11935	4	0.007547
11437	11272	3	0.166667
11437	11935	1	0.055556
11438	11272	4	0.050633
11438	11409	1	0.012658
11438	11307	1	0.012658
11438	11478	1	0.012658
11438	11295	329	4.164557
11440	11320	96	0.969697
11440	11272	9	0.090909
11440	11664	1	0.010101
11440	11011	11	0.111111
11441	11272	8	0.023669
11441	11953	15	0.044379
11441	10954	1	0.002959
11441	11011	2	0.005917
11441	11877	2	0.005917
11443	11272	24	12.000000
11444	11429	1	0.000438
11444	10951	1	0.000438
11444	11272	3	0.001315
11444	10895	4460	1.955283
11444	10938	664	0.291100
11444	11614	3	0.001315
11447	11272	9	0.070866
11447	11042	4	0.031496
11447	11011	1	0.007874
11447	11877	1	0.007874
11448	11011	16	0.017719
11448	11478	1	0.001107
11448	11142	1	0.001107
11448	11272	70	0.077519
11448	11307	1	0.001107
11448	11053	1	0.001107
11448	11438	1	0.001107
11448	12088	1	0.001107
11448	11371	1	0.001107
11448	10964	1	0.001107
11448	12054	1	0.001107
11448	10904	9	0.009967
11448	11099	1	0.001107
11451	11193	1	0.000715
11451	11011	36	0.025751
11451	11877	10	0.007153
11451	11238	4	0.002861
11451	10938	3	0.002146
11451	11272	2836	2.028612
11451	11671	1	0.000715
11451	10894	1	0.000715
11451	11942	1	0.000715
11451	11747	1	0.000715
11451	11217	1	0.000715
11451	11154	2	0.001431
11451	11827	5	0.003577
11451	10964	5	0.003577
11451	11415	16	0.011445
11451	11704	1	0.000715
11451	11380	7	0.005007
11451	11514	1	0.000715
11451	11301	1	0.000715
11451	11935	1	0.000715
11454	11272	80	40.000000
11454	11877	2	1.000000
11457	11272	13	0.361111
11457	11389	5092	141.444444
11458	11011	2	0.013793
11458	11877	7	0.048276
11458	11046	2	0.013793
11458	11272	21	0.144828
11458	11132	2	0.013793
11458	10954	1	0.006897
11458	11311	1	0.006897
11458	11935	1	0.006897
11458	12026	1	0.006897
11458	11835	1	0.006897
11458	11164	5	0.034483
11458	11103	107	0.737931
11462	11272	24	12.000000
11462	11011	2	1.000000
11463	11011	4	0.006135
11463	11272	27	0.041411
11463	11275	1	0.001534
11463	11427	4	0.006135
11463	10999	2	0.003067
11463	11027	1	0.001534
11463	11935	2	0.003067
11467	10985	1	0.016667
11469	11136	9	0.028571
11469	11011	1	0.003175
11469	10884	1	0.003175
11469	11877	1	0.003175
11469	11272	67	0.212698
11469	11313	1	0.003175
11469	11523	1	0.003175
11469	11447	1	0.003175
11469	11164	2	0.006349
11473	11272	2	0.036364
11473	11342	57	1.036364
11475	10947	3	0.002368
11475	11877	1	0.000789
11475	11272	1177	0.928966
11475	11756	4508	3.558011
11475	10964	1	0.000789
11475	11935	1	0.000789
11476	11552	3	0.028302
11476	11301	3	0.028302
11476	11272	110	1.037736
11476	11243	3	0.028302
11476	11080	3	0.028302
11476	12023	3	0.028302
11476	10938	103	0.971698
11478	11877	26	0.010297
11478	12060	12	0.004752
11478	11911	39	0.015446
11478	11272	551	0.218218
11478	11132	13	0.005149
11478	11532	13	0.005149
11478	11311	39	0.015446
11478	11409	26	0.010297
11478	11827	13	0.005149
11478	10938	26	0.010297
11478	11004	39	0.015446
11478	11935	19	0.007525
11481	11272	1	0.047619
11486	11272	13	0.010700
11486	11020	36	0.029630
11486	10938	1	0.000823
11486	11972	2337	1.923457
11486	11877	1	0.000823
11488	11104	1	0.022727
11488	11811	1	0.022727
11488	11354	2	0.045455
11488	11860	2	0.045455
11488	11770	2	0.045455
11488	11162	2	0.045455
11489	11904	4	0.001673
11489	10915	2	0.000836
11489	11365	1	0.000418
11489	11272	2	0.000836
11489	11497	94	0.039314
11489	10954	2	0.000836
11489	11723	1	0.000418
11489	11953	2	0.000836
11489	10998	3	0.001255
11489	10968	1	0.000418
11489	11877	1	0.000418
11493	11272	2	0.006667
11493	11557	4	0.013333
11493	11118	1	0.003333
11493	11783	4	0.013333
11495	11272	3	0.004348
11495	11681	3	0.004348
11495	10938	2	0.002899
11495	11285	22	0.031884
11495	10901	3	0.004348
11496	11011	1	0.000432
11496	11399	1	0.000432
11496	11272	11	0.004750
11496	11850	22	0.009499
11496	11051	22	0.009499
11496	11286	382	0.164940
11497	11776	1	0.000588
11497	11076	1	0.000588
11497	11911	1	0.000588
11497	11272	12	0.007055
11497	10954	2	0.001176
11497	11311	1	0.000588
11497	11380	3	0.001764
11497	11867	1	0.000588
11499	11272	14	0.011485
11499	11020	22	0.018048
11499	10938	1	0.000820
11499	11972	2340	1.919606
11499	11877	1	0.000820
11500	11272	1	0.027778
11500	11497	1	0.027778
11500	10900	1	0.027778
11501	12040	1	0.005155
11501	11272	1	0.005155
11504	11981	1	0.041667
11508	11026	5	1.000000
11508	11223	15	3.000000
11509	11272	82	41.000000
11509	10947	2	1.000000
11514	11684	322	1.012579
11514	11238	1	0.003145
11514	11272	374	1.176101
11514	11217	1	0.003145
11514	11827	4	0.012579
11514	10964	326	1.025157
11514	11704	1	0.003145
11514	10868	3	0.009434
11514	11451	1	0.003145
11518	11272	64	32.000000
11519	11272	3	0.004348
11519	11681	3	0.004348
11519	10938	2	0.002899
11519	11285	22	0.031884
11519	10901	3	0.004348
11523	11784	44	0.453608
11523	11272	1	0.010309
11523	11066	1	0.010309
11527	11272	84	12.000000
11529	11272	13	0.216667
11529	11159	1	0.016667
11529	11757	1	0.016667
11529	11766	1	0.016667
11529	11935	58	0.966667
11530	11626	1	0.009615
11530	11868	1	0.009615
11532	11272	66	33.000000
11532	10947	2	1.000000
11532	11132	2	1.000000
11533	11072	1	0.009009
11533	11011	1	0.009009
11533	11877	8	0.072072
11533	11014	5	0.045045
11533	11272	11	0.099099
11533	11977	1	0.009009
11533	10938	1	0.009009
11533	11164	2	0.018018
11533	11935	1	0.009009
11536	11272	2	0.060606
11536	11419	1	0.030303
11538	11272	24	12.000000
11538	11311	4	2.000000
11540	11011	1	0.011111
11540	11877	2	0.022222
11540	11654	11	0.122222
11540	11271	1	0.011111
11540	11272	5	0.055556
11540	11946	4	0.044444
11540	11066	3	0.033333
11540	11164	2	0.022222
11540	12026	1	0.011111
11540	11935	1	0.011111
11541	11272	4	0.010840
11541	10884	257	0.696477
11541	11469	9	0.024390
11545	11011	3	0.046154
11545	11911	2	0.030769
11545	11272	4	0.061538
11545	11695	14	0.215385
11545	11409	1	0.015385
11545	11443	1	0.015385
11545	11935	2	0.030769
11547	11272	10	0.196078
11547	11011	2	0.039216
11547	11275	1	0.019608
11547	11164	1	0.019608
11547	11877	2	0.039216
11550	11441	75	1.923077
11551	12111	1	0.043478
11552	11272	30	1.153846
11554	11911	1	0.003077
11554	11272	55	0.169231
11554	11276	1	0.003077
11554	11184	1	0.003077
11554	10964	1	0.003077
11554	11481	1	0.003077
11556	12108	1	0.022222
11557	11493	8	1.000000
11557	11118	8	1.000000
11557	11783	8	1.000000
11562	11782	8	0.114286
11565	11272	20	10.000000
11565	11835	2	1.000000
11566	11700	122	61.000000
11568	11272	9	0.020501
11568	11035	3	0.006834
11568	11238	1	0.002278
11568	10999	1	0.002278
11569	10978	26	0.016938
11569	10938	7	0.004560
11569	10979	1	0.000651
11569	11570	4	0.002606
11570	11272	90	2.307692
11570	10978	1	0.025641
11572	10881	1	0.012658
11573	11011	14	0.008480
11573	11877	4	0.002423
11573	11272	36	0.021805
11573	11275	2	0.001211
11573	11149	1421	0.860690
11573	11953	1	0.000606
11573	11736	15	0.009085
11575	10938	3975	0.919288
11581	11136	3	0.003722
11581	11011	1	0.001241
11581	10884	2193	2.720844
11581	11272	4	0.004963
11581	11469	17	0.021092
11581	11541	384	0.476427
11582	11272	1	0.052632
11582	11059	1	0.052632
11586	11233	6	0.023622
11586	11011	2	0.007874
11586	11877	10	0.039370
11586	11272	22	0.086614
11586	11497	2	0.007874
11586	11338	2	0.007874
11586	11820	2	0.007874
11586	11953	2	0.007874
11586	11032	2	0.007874
11595	11272	4	0.034783
11595	11867	2	0.017391
11595	11076	104	0.904348
11595	11877	2	0.017391
11599	11489	1	0.001923
11599	11365	1	0.001923
11599	11272	19	0.036538
11599	11118	1	0.001923
11599	11222	229	0.440385
11599	10938	2	0.003846
11599	11199	3839	7.382692
11601	11011	2	0.001182
11601	11877	4	0.002364
11601	11014	1	0.000591
11601	11911	1	0.000591
11601	11272	55	0.032506
11601	11977	51	0.030142
11601	11311	1	0.000591
11601	10964	5	0.002955
11601	11290	1	0.000591
11601	12063	1	0.000591
11601	11004	1	0.000591
11601	11935	2	0.001182
11607	11168	1	0.014925
11607	11185	83	1.238806
11607	10938	1	0.014925
11607	11489	2	0.029851
11607	11831	7	0.104478
11611	11272	3	0.060000
11613	11072	8	0.002361
11613	11011	4	0.001180
11613	11272	18	0.005311
11613	11023	20	0.005901
11613	11976	4	0.001180
11613	11700	4	0.001180
11613	12091	4	0.001180
11613	10943	2	0.000590
11614	11272	75	0.086605
11614	11011	2	0.002309
11614	11164	5	0.005774
11614	11911	1	0.001155
11615	11877	1	0.100000
11616	11011	1	0.004975
11616	11781	1	0.004975
11616	11911	201	1.000000
11616	11272	772	3.840796
11616	11081	1	0.004975
11616	10964	1	0.004975
11616	11318	201	1.000000
11616	11935	1	0.004975
11616	11877	379	1.885572
11617	11272	10	0.243902
11617	11877	1	0.024390
11619	11272	39	13.000000
11619	11187	3	1.000000
11620	11118	81	1.000000
11626	11272	2	0.058824
11629	11272	37	0.012551
11629	11939	10	0.003392
11632	11698	4	0.307692
11632	11221	2	0.153846
11635	11409	1	0.021739
11635	10938	1	0.021739
11635	11036	1	0.021739
11639	11272	4	0.125000
11639	11747	31	0.968750
11644	11272	220	0.073677
11644	11042	1	0.000335
11644	11011	48	0.016075
11644	12006	10	0.003349
11644	11935	1	0.000335
11645	11304	1	0.000799
11645	11272	4	0.003197
11645	11914	317	0.253397
11645	10938	4	0.003197
11646	11272	26	13.000000
11647	11066	1	0.004082
11650	11272	1	0.062500
11651	11272	21	7.000000
11654	11011	3	0.046875
11654	11271	3	0.046875
11654	11272	3	0.046875
11654	11946	2	0.031250
11654	11540	3	0.046875
11654	11066	4	0.062500
11654	11164	3	0.046875
11657	11272	9	0.006966
11657	11218	9	0.006966
11657	11354	3	0.002322
11657	11162	6	0.004644
11659	11272	24	12.000000
11661	11272	2	0.006390
11661	10943	2	0.006390
11663	11042	1	0.001238
11663	10947	32	0.039604
11663	11748	5	0.006188
11663	11877	7	0.008663
11663	11953	1	0.001238
11663	11272	12	0.014851
11663	11497	2	0.002475
11663	10954	41	0.050743
11663	11723	2	0.002475
11663	11532	1	0.001238
11663	11469	1	0.001238
11663	11586	1	0.001238
11663	11313	1	0.001238
11663	11011	1	0.001238
11663	11380	1	0.001238
11663	10998	2	0.002475
11663	11164	1	0.001238
11663	11389	8	0.009901
11664	11272	663	2.857759
11664	11911	1	0.004310
11664	10964	1	0.004310
11664	10877	425	1.831897
11664	12101	4	0.017241
11670	11700	86	43.000000
11670	11910	2	1.000000
11671	11272	1	0.013699
11671	11217	74	1.013699
11671	10964	1	0.013699
11681	11272	5	0.031250
11681	10901	1	0.006250
11682	11011	1	0.001374
11682	11272	4	0.005495
11682	11084	1	0.001374
11682	12076	1	0.001374
11682	11790	2	0.002747
11682	11196	4	0.005495
11690	11272	7	0.007919
11690	11657	16	0.018100
11690	11770	12	0.013575
11690	11011	6	0.006787
11690	11162	7	0.007919
11695	11586	9	0.016981
11695	11011	3	0.005660
11695	11877	30	0.056604
11695	11272	78	0.147170
11695	11338	3	0.005660
11695	11275	3	0.005660
11695	11545	47	0.088679
11695	12026	3	0.005660
11695	11164	10	0.018868
11695	11935	3	0.005660
11698	11272	1	0.008621
11698	11586	4	0.034483
11698	11020	4	0.034483
11698	11221	116	1.000000
11699	11429	1	0.000433
11699	10951	1	0.000433
11699	11272	3	0.001300
11699	10895	4512	1.955787
11699	10938	664	0.287820
11699	11614	3	0.001300
11700	11877	1	0.003460
11700	11910	4	0.013841
11700	11272	13	0.044983
11700	11374	15	0.051903
11700	10902	4	0.013841
11700	12026	1	0.003460
11704	11011	27	0.039359
11704	11272	114	0.166181
11704	10922	10	0.014577
11704	10964	2	0.002915
11704	11164	1	0.001458
11704	11935	4	0.005831
11705	11272	1	0.007634
11705	11756	1	0.007634
11705	11342	2	0.015267
11705	11214	1	0.007634
11706	11011	2	0.001091
11706	11272	40	0.021810
11706	11663	4	0.002181
11706	11409	1	0.000545
11706	11036	1	0.000545
11706	11182	2	0.001091
11706	11953	10	0.005453
11706	11827	1	0.000545
11706	10934	4	0.002181
11706	10938	1	0.000545
11706	11338	4	0.002181
11706	10947	2	0.001091
11706	11205	1	0.000545
11706	10954	996	0.543075
11706	11723	4	0.002181
11706	11226	2	0.001091
11706	11489	7	0.003817
11706	11748	10	0.005453
11706	11877	15	0.008179
11706	11497	2	0.001091
11706	10998	3	0.001636
11706	11387	1	0.000545
11707	11552	2	0.016260
11707	11301	2	0.016260
11707	11272	126	1.024390
11707	11243	2	0.016260
11707	11080	2	0.016260
11707	12023	2	0.016260
11707	10938	116	0.943089
11708	11412	5	0.072464
11708	11597	1	0.014493
11711	11011	1	0.000445
11711	11399	1	0.000445
11711	11272	11	0.004895
11711	11850	22	0.009791
11711	11051	22	0.009791
11711	11286	291	0.129506
11714	11139	1	0.030303
11714	11272	74	2.242424
11714	11657	1	0.030303
11714	11626	1	0.030303
11714	10924	1	0.030303
11714	11950	1	0.030303
11714	11162	1	0.030303
11714	11251	1	0.030303
11714	10964	1	0.030303
11714	10900	1	0.030303
11714	12090	1	0.030303
11714	11644	1	0.030303
11714	11997	1	0.030303
11721	11011	1	0.000441
11721	11399	1	0.000441
11721	11272	11	0.004848
11721	11850	22	0.009696
11721	11051	22	0.009696
11721	11286	295	0.130013
11723	11489	1	0.000406
11723	11554	1	0.000406
11723	10947	9	0.003654
11723	11877	2	0.000812
11723	11046	1	0.000406
11723	11335	1	0.000406
11723	11272	38	0.015428
11723	11497	18	0.007308
11723	10954	484	0.196508
11723	12108	1	0.000406
11723	10914	1	0.000406
11723	11821	1	0.000406
11723	11664	2	0.000812
11723	11089	1	0.000406
11723	11011	2	0.000812
11723	11924	44	0.017864
11723	11861	1	0.000406
11723	10871	2	0.000812
11723	10968	1	0.000406
11723	10938	1	0.000406
11723	10943	2	0.000812
11725	11970	1	0.000530
11725	11011	9	0.004772
11725	11813	36	0.019088
11725	11238	2	0.001060
11725	11272	52	0.027572
11725	11164	2	0.001060
11725	11790	1	0.000530
11725	10900	1	0.000530
11725	11380	19	0.010074
11725	10964	1	0.000530
11725	11196	2	0.001060
11725	11037	1	0.000530
11725	11935	1	0.000530
11727	11272	3	0.004348
11727	11681	3	0.004348
11727	10938	2	0.002899
11727	11285	22	0.031884
11727	10901	3	0.004348
11729	11011	1	0.000221
11729	11399	1	0.000221
11729	11272	11	0.002427
11729	11850	22	0.004854
11729	11051	22	0.004854
11729	11286	293	0.064651
11730	11272	16	0.177778
11730	11011	1	0.011111
11730	11935	2	0.022222
11735	11272	3	0.024793
11735	11380	1	0.008264
11735	11877	1	0.008264
11735	11879	103	0.851240
11736	11272	4	0.078431
11736	11164	2	0.039216
11736	11877	2	0.039216
11736	11573	1	0.019608
11736	11149	6	0.117647
11738	11272	5	1.666667
11738	10972	177	59.000000
11747	11272	10	0.185185
11747	11238	3	0.055556
11747	10943	1	0.018519
11748	11489	2	0.004878
11748	11011	1	0.002439
11748	11272	10	0.024390
11748	10954	395	0.963415
11748	11953	1	0.002439
11748	10931	1	0.002439
11748	11001	3	0.007317
11748	11338	3	0.007317
11749	11011	3	0.033333
11749	11272	28	0.311111
11749	11984	2	0.022222
11749	10931	1	0.011111
11749	10964	1	0.011111
11749	11961	5	0.055556
11751	11011	1	0.076923
11751	11272	1	0.076923
11751	11251	1	0.076923
11754	11272	20	10.000000
11757	11489	2	0.011364
11757	11810	2	0.011364
11757	11011	4	0.022727
11757	11748	2	0.011364
11757	11272	26	0.147727
11757	11497	2	0.011364
11757	11723	2	0.011364
11757	11409	2	0.011364
11757	10998	2	0.011364
11757	11001	2	0.011364
11762	11011	1	0.000437
11762	11399	1	0.000437
11762	11272	11	0.004806
11762	11850	22	0.009611
11762	11051	22	0.009611
11762	11286	289	0.126256
11765	11272	1	0.001486
11765	11810	4	0.005944
11765	11268	2	0.002972
11765	11877	3	0.004458
11766	11011	1	0.002841
11766	11877	1	0.002841
11766	11272	25	0.071023
11766	12010	176	0.500000
11766	11380	2	0.005682
11766	11935	1	0.002841
11767	11272	2	0.025974
11767	10881	1	0.012987
11767	11011	1	0.012987
11767	11061	1	0.012987
11768	11649	104	1.009709
11772	11272	1	0.001486
11772	11810	4	0.005944
11772	11268	2	0.002972
11772	11877	3	0.004458
11775	11272	3	0.004348
11775	11681	3	0.004348
11775	10938	2	0.002899
11775	11285	22	0.031884
11775	10901	3	0.004348
11776	11076	1656	0.835520
11776	11877	4	0.002018
11776	11272	12	0.006054
11776	11027	3	0.001514
11776	11867	6	0.003027
11776	11004	2	0.001009
11781	11272	2	0.033898
11781	11001	4	0.067797
11781	11497	1	0.016949
11782	11272	12	0.070588
11782	11562	172	1.011765
11783	11272	1	0.003937
11783	11489	2	0.007874
11783	12059	1	0.003937
11783	11620	1	0.003937
11784	11011	2	0.003781
11784	11272	15	0.028355
11784	11523	9	0.017013
11784	11066	6	0.011342
11784	11164	1	0.001890
11784	11935	4	0.007561
11790	11272	1	0.023810
11790	11725	2	0.047619
11790	11935	1	0.023810
11791	11272	10	0.021277
11791	11504	1	0.002128
11791	10938	1	0.002128
11791	11011	2	0.004255
11791	11180	1	0.002128
11793	11272	10	5.000000
11796	11272	279	31.000000
11800	11011	2	0.004184
11800	11272	10	0.020921
11800	11180	1	0.002092
11800	11597	1	0.002092
11800	11791	13	0.027197
11800	11504	1	0.002092
11800	10938	1	0.002092
11801	10938	7	0.004522
11801	11570	4	0.002584
11801	10978	26	0.016796
11801	10979	1	0.000646
11807	11552	1	0.009901
11807	11301	1	0.009901
11807	11272	103	1.019802
11807	11243	1	0.009901
11807	11080	1	0.009901
11807	12023	1	0.009901
11807	10938	99	0.980198
11808	10944	2	0.006826
11808	10914	1	0.003413
11808	11939	179	0.610922
11808	11877	1	0.003413
11808	11334	3	0.010239
11808	11431	1	0.003413
11808	11240	1	0.003413
11808	11275	2	0.006826
11808	11409	294	1.003413
11808	11272	1	0.003413
11808	11260	1	0.003413
11810	11272	4888	11.951100
11810	11164	806	1.970660
11810	11268	405	0.990220
11810	11935	409	1.000000
11811	11272	3	0.046154
11811	11104	3	0.046154
11811	11162	31	0.476923
11820	11272	62	31.000000
11821	11272	19	0.090047
11821	11011	2	0.009479
11821	11893	1	0.004739
11821	11935	1	0.004739
11826	11272	9	0.500000
11826	11781	306	17.000000
11827	11272	58	29.000000
11829	11272	7	0.233333
11831	11272	1	0.002611
11831	11185	385	1.005222
11833	11272	16	1.600000
11833	11134	49	4.900000
11833	10870	10	1.000000
11835	11272	54	18.000000
11839	11168	572	1.001751
11839	10915	1	0.001751
11839	11272	3	0.005254
11839	11405	571	1.000000
11839	11380	1	0.001751
11839	12088	572	1.001751
11841	11304	1	0.000799
11841	11272	4	0.003197
11841	11914	317	0.253397
11841	10938	4	0.003197
11845	11272	18	0.059211
11845	11011	4	0.013158
11845	11891	4	0.013158
11845	10964	2	0.006579
11845	11935	1	0.003289
11848	11626	20	4.000000
11850	11011	1	0.001116
11850	12101	3	0.003348
11850	11399	6	0.006696
11850	11272	9	0.010045
11850	11051	15	0.016741
11850	11939	2	0.002232
11850	11286	9	0.010045
11850	10943	1	0.001116
11851	11617	1	0.001473
11851	11272	5	0.007364
11851	11756	1	0.001473
11851	12076	1	0.001473
11851	11790	3	0.004418
11851	11385	1	0.001473
11851	11196	4	0.005891
11853	11552	1	0.008197
11853	11301	1	0.008197
11853	11272	130	1.065574
11853	11243	1	0.008197
11853	11080	1	0.008197
11853	12023	1	0.008197
11853	10938	125	1.024590
11857	11489	1	0.000772
11857	11011	1	0.000772
11857	11272	3	0.002315
11857	10938	1	0.000772
11857	11451	1	0.000772
11857	11935	1	0.000772
11860	12090	2	0.002519
11861	10914	1	0.001724
11861	11011	1	0.001724
11861	11272	4	0.006897
11861	10954	13	0.022414
11861	10947	8	0.013793
11861	11338	2	0.003448
11863	10947	2	0.000914
11863	11046	2	0.000914
11863	11238	2	0.000914
11863	11272	126	0.057561
11863	12105	10	0.004568
11863	11827	2	0.000914
11863	11379	8	0.003655
11863	11011	4	0.001827
11863	10938	2	0.000914
11863	10943	6	0.002741
11863	11935	2	0.000914
11865	11272	6	0.750000
11865	10964	1	0.125000
11867	11076	1	0.016667
11867	11877	1	0.016667
11867	11272	1	0.016667
11867	11497	3	0.050000
11867	11748	1	0.016667
11867	10943	1	0.016667
11868	11768	1	0.016949
11868	11935	1	0.016949
11871	11272	14	7.000000
11872	11272	1	0.090909
11872	10938	1	0.090909
11872	10995	1	0.090909
11872	11950	6	0.545455
11873	11970	1	0.004831
11873	11877	1	0.004831
11873	11272	5	0.024155
11873	11214	1	0.004831
11873	11475	1	0.004831
11873	11342	1	0.004831
11873	11615	1	0.004831
11875	11939	3	0.214286
11876	11042	695	5.429688
11876	11877	3	0.023438
11876	11238	130	1.015625
11876	11272	276	2.156250
11876	11497	1	0.007812
11876	11081	1	0.007812
11876	11409	1	0.007812
11876	10998	1	0.007812
11876	11447	260	2.031250
11876	11935	270	2.109375
11877	11072	1	0.007194
11877	11586	1	0.007194
11877	11011	25	0.179856
11877	11748	6	0.043165
11877	12038	1	0.007194
11877	11335	1	0.007194
11877	11272	488	3.510791
11877	11497	1	0.007194
11877	11850	1	0.007194
11877	11884	1	0.007194
11877	11976	1	0.007194
11877	11311	3	0.021583
11877	11473	1	0.007194
11877	11154	1	0.007194
11877	10915	3	0.021583
11877	11939	1	0.007194
11877	11977	1	0.007194
11877	10938	2	0.014388
11877	11451	1	0.007194
11877	11260	1	0.007194
11877	11615	1	0.007194
11879	11011	20	0.023557
11879	11877	6	0.007067
11879	11046	1	0.001178
11879	11272	50	0.058893
11879	11081	1	0.001178
11879	11735	3	0.003534
11879	11935	1	0.001178
11884	11272	1	0.002288
11886	11257	2970	2.100424
11886	11318	3	0.002122
11887	11723	1	0.047619
11890	11272	39	1.054054
11891	11011	3	0.016304
11891	11877	1	0.005435
11891	11272	11	0.059783
11891	11845	187	1.016304
11891	10943	2	0.010870
11891	11935	1	0.005435
11893	11272	1	0.010309
11895	11272	11	0.068750
11895	10964	1	0.006250
11895	11919	1	0.006250
11897	11272	14	0.051095
11897	11275	1	0.003650
11897	11663	1	0.003650
11897	11409	2	0.007299
11897	11154	1	0.003650
11897	11027	1	0.003650
11897	11036	1	0.003650
11897	11935	1	0.003650
11897	11808	1	0.003650
11897	10915	1	0.003650
11897	11431	1	0.003650
11897	12074	1	0.003650
11897	11440	197	0.718978
11897	11953	1	0.003650
11897	11320	2	0.007299
11897	10944	1	0.003650
11897	11105	1	0.003650
11897	11723	1	0.003650
11897	11489	1	0.003650
11897	11748	1	0.003650
11897	11877	4	0.014599
11897	11497	1	0.003650
11897	10998	1	0.003650
11897	11128	5	0.018248
11897	12026	1	0.003650
11897	11389	1	0.003650
11903	11272	23	0.009465
11903	12091	29	0.011934
11904	11272	5	0.002939
11904	10889	16	0.009406
11904	11011	3	0.001764
11904	11365	1	0.000588
11904	11489	13	0.007643
11905	11586	1	0.008929
11905	11011	1	0.008929
11905	11173	4	0.035714
11905	11272	7	0.062500
11905	11877	1	0.008929
11905	11953	2	0.017857
11905	11164	1	0.008929
11905	11935	1	0.008929
11907	11272	1	0.076923
11907	11159	3	0.230769
11910	11233	1	0.000529
11910	11011	18	0.009514
11910	11877	1	0.000529
11910	11335	1	0.000529
11910	11272	114	0.060254
11910	11987	1	0.000529
11910	11380	1	0.000529
11910	11700	7	0.003700
11910	11546	3	0.001586
11910	11389	1	0.000529
11911	11272	32	16.000000
11914	11304	1	0.000799
11914	11272	4	0.003197
11914	10938	4	0.003197
11917	11272	6	0.044118
11917	10938	1	0.007353
11917	11653	7	0.051471
11919	11011	4	0.001380
11919	11976	36	0.012422
11919	11272	34	0.011732
11919	11380	2	0.000690
11919	11961	2	0.000690
11919	11164	1	0.000345
11919	11935	1	0.000345
11924	11011	1	0.001348
11924	11877	1	0.001348
11924	11272	17	0.022911
11924	12108	3	0.004043
11924	11380	1	0.001348
11924	11935	1	0.001348
11925	11272	14	7.000000
11925	11011	2	1.000000
11928	11011	20	0.011813
11928	11272	307	0.181335
11928	11919	3	0.001772
11928	11924	2	0.001181
11928	11545	1	0.000591
11928	11932	1	0.000591
11928	11296	1	0.000591
11928	10914	2816	1.663320
11928	11173	1	0.000591
11928	11164	6	0.003544
11928	11820	3	0.001772
11928	11183	1	0.000591
11928	10930	1	0.000591
11928	11827	1	0.000591
11928	11961	10	0.005907
11928	10938	2	0.001181
11928	11723	1	0.000591
11928	11346	1	0.000591
11928	11127	1	0.000591
11928	10964	8	0.004725
11928	11749	2	0.001181
11928	12004	1	0.000591
11928	11877	26	0.015357
11928	11238	2	0.001181
11928	11497	1	0.000591
11928	11005	1	0.000591
11928	11241	1	0.000591
11928	11260	13	0.007679
11928	11389	1	0.000591
11929	11651	22	0.117647
11929	11911	1	0.005348
11929	11272	584	3.122995
11929	11409	1	0.005348
11929	11011	73	0.390374
11929	11935	1	0.005348
11929	11043	1	0.005348
11929	11046	1	0.005348
11929	11311	4	0.021390
11929	11827	1	0.005348
11929	11451	1	0.005348
11929	12092	1	0.005348
11929	10947	64	0.342246
11929	11335	1	0.005348
11929	10954	4	0.021390
11929	11723	1	0.005348
11929	10931	2	0.010695
11929	11187	2	0.010695
11929	11233	1	0.005348
11929	11748	1	0.005348
11929	11877	50	0.267380
11929	11238	1	0.005348
11929	11389	1	0.005348
11929	11380	194	1.037433
11929	10998	1	0.005348
11929	11001	1	0.005348
11929	12029	15	0.080214
11929	11861	1	0.005348
11932	11272	1	0.040000
11932	10914	7	0.280000
11934	11272	45	15.000000
11938	11272	12	6.000000
11939	11521	1	0.002985
11939	11011	1	0.002985
11939	11272	33	0.098507
11939	11156	1	0.002985
11939	11164	5	0.014925
11939	11935	1	0.002985
11939	11207	1	0.002985
11939	11325	1	0.002985
11939	10943	2	0.005970
11939	11586	1	0.002985
11939	11204	1	0.002985
11939	11334	8	0.023881
11939	11335	1	0.002985
11939	11208	1	0.002985
11939	11723	1	0.002985
11939	11875	1	0.002985
11939	11877	4	0.011940
11939	11878	1	0.002985
11939	12009	1	0.002985
11939	11629	2	0.005970
11939	10999	1	0.002985
11939	11260	1	0.002985
11939	11389	1	0.002985
11942	11011	14	0.037135
11942	10951	2	0.005305
11942	11272	36	0.095491
11942	11911	2	0.005305
11942	11820	2	0.005305
11942	11935	5	0.013263
11944	11877	1	0.006579
11944	11272	3	0.019737
11944	10922	1	0.006579
11944	10891	3	0.019737
11944	11409	1	0.006579
11944	11154	1	0.006579
11944	11411	1	0.006579
11944	12026	1	0.006579
11944	11935	1	0.006579
11946	11272	3	0.004573
11946	11066	3	0.004573
11946	11540	3	0.004573
11946	10998	2	0.003049
11946	11654	1	0.001524
11949	10946	1	0.100000
11949	11556	1	0.100000
11949	11178	1	0.100000
11949	11877	1	0.100000
11950	11272	1	0.040000
11950	11872	2	0.080000
11950	10995	4	0.160000
11951	11873	130	0.625000
11951	11970	1	0.004808
11951	11877	1	0.004808
11951	11272	5	0.024038
11951	11342	1	0.004808
11951	11475	1	0.004808
11951	11214	1	0.004808
11951	11615	1	0.004808
11952	11552	3	0.027027
11952	11301	3	0.027027
11952	11272	113	1.018018
11952	11243	3	0.027027
11952	11080	3	0.027027
11952	12023	3	0.027027
11952	10938	107	0.963964
11953	10944	2	0.030303
11953	11489	2	0.030303
11953	11011	5	0.075758
11953	11877	5	0.075758
11953	11046	1	0.015152
11953	11431	2	0.030303
11953	11272	191	2.893939
11953	11497	2	0.030303
11953	10954	4	0.060606
11953	11275	2	0.030303
11953	11911	2	0.030303
11953	11240	2	0.030303
11953	10998	2	0.030303
11953	10999	1	0.015152
11953	11001	2	0.030303
11953	10938	1	0.015152
11953	11036	2	0.030303
11953	11338	2	0.030303
11953	11723	2	0.030303
11955	11272	115	1.045455
11955	10938	111	1.009091
11959	11272	4	0.003067
11959	11304	1	0.000767
11959	11914	317	0.243098
11959	10938	4	0.003067
11961	10914	13	0.015476
11961	11011	6	0.007143
11961	11749	17	0.020238
11961	11272	136	0.161905
11961	11051	15	0.017857
11961	11919	15	0.017857
11961	10960	2	0.002381
11961	10964	4	0.004762
11961	12085	2	0.002381
11961	11127	15	0.017857
11961	11481	11	0.013095
11961	11023	2	0.002381
11961	11877	4	0.004762
11964	11272	3	0.004342
11964	11681	3	0.004342
11964	10938	2	0.002894
11964	11285	22	0.031838
11964	10901	3	0.004342
11965	12000	4	0.005882
11965	11011	1	0.001471
11969	11272	1	0.014286
11969	10881	1	0.014286
11969	10938	1	0.014286
11970	11272	51	0.035992
11970	11084	2	0.001411
11970	11877	1	0.000706
11970	11238	1231	0.868737
11970	11935	3	0.002117
11971	11619	2	1.000000
11971	10939	2	1.000000
11971	11272	30	15.000000
11971	11820	2	1.000000
11971	11187	2	1.000000
11971	11227	2	1.000000
11972	11272	14	0.015317
11972	10938	1	0.001094
11972	11020	15	0.016411
11973	11272	2	0.071429
11973	11244	3	0.107143
11973	11877	5	0.178571
11976	11072	1	0.000410
11976	11939	1	0.000410
11976	11272	62	0.025410
11976	11369	1	0.000410
11976	11850	1	0.000410
11976	11723	1	0.000410
11976	12108	1	0.000410
11976	11919	240	0.098361
11976	11984	1	0.000410
11976	11700	1	0.000410
11976	11260	1	0.000410
11977	11272	4	0.058824
11977	11601	73	1.073529
11977	11290	1	0.014706
11977	11877	1	0.014706
11977	12063	1	0.014706
11981	11504	1	0.002778
11981	11272	13	0.036111
11981	11791	2	0.005556
11981	11935	1	0.002778
11984	11272	4	0.000913
11984	11850	2	0.000457
11984	11749	79	0.018032
11985	11272	1	0.066667
11985	11887	1	0.066667
11987	11272	3	0.003161
11987	11233	2	0.002107
11987	11389	2	0.002107
11987	11910	2	0.002107
11989	11272	2	0.013072
11989	10938	1	0.006536
11992	11272	11	0.578947
11997	11011	3	0.002311
11997	11272	104	0.080123
11997	11497	1	0.000770
11997	11690	1	0.000770
11997	11247	5	0.003852
11997	10964	2	0.001541
11997	11162	2	0.001541
11997	10940	2	0.001541
11998	11781	14	0.071066
11998	11782	14	0.071066
11998	11271	14	0.071066
11998	11272	3223	16.360406
11998	11275	15	0.076142
11998	11438	14	0.071066
11998	11296	14	0.071066
11998	11099	14	0.071066
11998	11307	14	0.071066
11998	11311	30	0.152284
11998	11784	14	0.071066
11998	11334	14	0.071066
11998	11335	15	0.076142
11998	11338	15	0.076142
11998	11346	14	0.071066
11998	11861	15	0.076142
11998	11873	28	0.142132
11998	11877	15	0.076142
11998	11879	14	0.071066
11998	11371	14	0.071066
11998	11887	14	0.071066
11998	10867	14	0.071066
11998	11380	8	0.040609
11998	11895	14	0.071066
11998	11389	14	0.071066
11998	11903	14	0.071066
11998	11904	14	0.071066
11998	10881	14	0.071066
11998	11910	14	0.071066
11998	10891	14	0.071066
11998	10946	14	0.071066
11998	10894	14	0.071066
11998	11919	14	0.071066
11998	11409	15	0.076142
11998	10900	14	0.071066
11998	10901	14	0.071066
11998	11419	14	0.071066
11998	10914	14	0.071066
11998	10915	15	0.076142
11998	11942	14	0.071066
11998	10924	14	0.071066
11998	11950	14	0.071066
11998	11440	14	0.071066
11998	11953	23	0.116751
11998	10934	14	0.071066
11998	11448	14	0.071066
11998	11451	14	0.071066
11998	11970	14	0.071066
11998	11463	14	0.071066
11998	10954	29	0.147208
11998	11127	14	0.071066
11998	11981	14	0.071066
11998	11475	14	0.071066
11998	11478	14	0.071066
11998	11997	14	0.071066
11998	11489	90	0.456853
11998	12004	14	0.071066
11998	11493	14	0.071066
11998	10985	14	0.071066
11998	10987	14	0.071066
11998	10998	30	0.152284
11998	11001	30	0.152284
11998	11514	14	0.071066
11998	11011	160	0.812183
11998	11014	14	0.071066
11998	11529	14	0.071066
11998	11023	14	0.071066
11998	12054	14	0.071066
11998	11036	15	0.076142
11998	11037	14	0.071066
11998	11040	14	0.071066
11998	11042	14	0.071066
11998	11043	14	0.071066
11998	11051	14	0.071066
11998	11053	14	0.071066
11998	11568	14	0.071066
11998	11573	14	0.071066
11998	12088	14	0.071066
11998	12090	14	0.071066
11998	12092	15	0.076142
11998	11076	14	0.071066
11998	11079	14	0.071066
11998	11083	14	0.071066
11998	11601	14	0.071066
11998	11611	14	0.071066
11998	11616	14	0.071066
11998	11626	14	0.071066
11998	11118	14	0.071066
11998	11497	180	0.913706
11998	11133	14	0.071066
11998	11134	14	0.071066
11998	11136	14	0.071066
11998	11139	14	0.071066
11998	11657	14	0.071066
11998	11664	14	0.071066
11998	11154	15	0.076142
11998	11671	14	0.071066
11998	11164	14	0.071066
11998	11169	14	0.071066
11998	11178	14	0.071066
11998	11181	14	0.071066
11998	11183	14	0.071066
11998	11185	14	0.071066
11998	11704	14	0.071066
11998	11193	14	0.071066
11998	11205	14	0.071066
11998	11723	15	0.076142
11998	11212	14	0.071066
11998	11725	14	0.071066
11998	11214	14	0.071066
11998	11217	14	0.071066
11998	11219	14	0.071066
11998	11221	14	0.071066
11998	11230	14	0.071066
11998	11233	14	0.071066
11998	11749	14	0.071066
11998	11757	14	0.071066
11998	11768	14	0.071066
11998	11690	14	0.071066
12000	11272	4	0.036036
12000	11497	1	0.009009
12000	11723	1	0.009009
12000	11965	2	0.018018
12000	12055	1	0.009009
12004	11586	1	0.000606
12004	11011	14	0.008490
12004	11877	10	0.006064
12004	11272	4482	2.718011
12004	12052	11	0.006671
12004	10997	2	0.001213
12004	10964	3	0.001819
12004	11164	5	0.003032
12004	11935	7	0.004245
12006	11272	8	0.076190
12006	11644	105	1.000000
12009	11939	6	0.006376
12009	11877	2	0.002125
12009	11334	7	0.007439
12009	11850	4	0.004251
12009	11597	2	0.002125
12009	11984	4	0.004251
12009	11409	2	0.002125
12009	10938	7	0.007439
12009	11260	4	0.004251
12010	11272	1	0.066667
12010	11766	211	14.066667
12013	11133	5	1.000000
12015	11272	1	0.047619
12015	11258	13	0.619048
12021	11568	2	0.022989
12021	11035	1	0.011494
12022	11296	167	0.843434
12023	11552	1	0.008696
12023	11301	1	0.008696
12023	11272	120	1.043478
12023	11243	1	0.008696
12023	11080	1	0.008696
12023	10938	114	0.991304
12025	11272	14	0.015873
12025	11020	12	0.013605
12025	10938	1	0.001134
12025	11972	1716	1.945578
12029	11011	3	0.300000
12032	11011	2	0.004211
12032	11272	10	0.021053
12032	11180	1	0.002105
12032	11791	13	0.027368
12032	11504	1	0.002105
12032	10938	1	0.002105
12037	11272	9	0.155172
12037	11238	1	0.017241
12038	11473	1	0.055556
12040	11011	1	0.007042
12040	11877	1	0.007042
12040	11272	11	0.077465
12040	11953	1	0.007042
12040	11164	2	0.014085
12040	11935	1	0.007042
12042	11011	1	0.000444
12042	11399	1	0.000444
12042	11272	11	0.004889
12042	11850	22	0.009778
12042	11051	22	0.009778
12042	11286	293	0.130222
12047	11272	4	0.114286
12047	12068	51	1.457143
12047	11935	2	0.057143
12052	11586	1	0.000564
12052	11011	14	0.007901
12052	12004	255	0.143905
12052	11877	10	0.005643
12052	11272	5096	2.875847
12052	10964	4	0.002257
12052	10997	2	0.001129
12052	11164	5	0.002822
12052	11935	7	0.003950
12054	11272	6	0.058824
12054	11708	2	0.019608
12054	11650	2	0.019608
12054	11011	1	0.009804
12054	11164	1	0.009804
12056	11272	54	27.000000
12059	11272	1	0.006667
12059	11393	1	0.006667
12059	11620	1	0.006667
12059	11230	272	1.813333
12059	11783	1	0.006667
12060	11011	2	0.037736
12060	11877	1	0.018868
12060	11046	1	0.018868
12060	11272	9	0.169811
12060	11478	1	0.018868
12060	12026	1	0.018868
12060	11164	1	0.018868
12061	11489	1	0.033333
12061	11650	1	0.033333
12061	11011	1	0.033333
12061	11272	12	0.400000
12061	11371	30	1.000000
12061	11414	1	0.033333
12064	11003	29	1.000000
12068	11272	4	0.114286
12068	11935	2	0.057143
12074	11240	1	0.004785
12074	11409	211	1.009569
12074	11431	1	0.004785
12076	11196	1	0.083333
12085	11776	58	1.000000
12085	11011	8	0.137931
12085	11877	1	0.017241
12085	11879	60	1.034483
12085	11272	9	0.155172
12085	11081	1	0.017241
12085	11463	60	1.034483
12085	11573	59	1.017241
12085	11190	59	1.017241
12085	11497	2	0.034483
12085	11614	59	1.017241
12085	11935	59	1.017241
12088	11272	11	0.017572
12088	10964	3	0.004792
12088	11405	1	0.001597
12091	11272	2	0.042553
12091	11877	2	0.042553
12091	11903	1	0.021277
12092	11011	412	2.921986
12092	11877	4	0.028369
12092	11272	844	5.985816
12092	11081	2	0.014184
12092	10947	1	0.007092
12092	10999	139	0.985816
12092	11004	1	0.007092
12093	11552	2	0.020000
12093	11301	2	0.020000
12093	11272	109	1.090000
12093	11243	2	0.020000
12093	11080	2	0.020000
12093	12023	2	0.020000
12093	10938	103	1.030000
12101	11664	4	0.043011
12101	11272	4	0.043011
12101	12108	1	0.010753
12101	10877	1	0.010753
12101	10999	1	0.010753
12103	11272	6	0.004468
12103	11850	19	0.014147
12103	11051	11	0.008191
12103	11286	141	0.104989
12104	11232	2	1.000000
12104	11681	2	1.000000
12104	11523	2	1.000000
12104	11415	2	1.000000
12104	11180	2	1.000000
12104	11469	2	1.000000
12104	10959	2	1.000000
12104	11447	4	2.000000
12104	11128	2	1.000000
12104	11513	2	1.000000
12104	11226	2	1.000000
12104	11087	2	1.000000
12104	12015	2	1.000000
12105	11272	5	0.135135
12105	11011	1	0.027027
12105	11863	3	0.081081
12107	10938	8	0.006163
12107	11570	4	0.003082
12107	10978	25	0.019260
12107	10979	1	0.000770
12108	11011	2	0.002829
12108	11877	1	0.001414
12108	11272	13	0.018388
12108	11275	1	0.001414
12108	11924	8	0.011315
12108	10871	1	0.001414
12108	12026	1	0.001414
12108	11935	3	0.004243
12111	10977	1	0.022222
12111	11235	1	0.022222
12111	11272	3	0.066667
12111	11020	1	0.022222
12111	11219	3	0.066667
12111	11011	3	0.066667
12111	11005	1	0.022222
12111	11038	1	0.022222
12113	11272	91	1.070588
12113	10938	88	1.035294
