Src	Trg	LinkCount	RelLinkCount
25602	25472	1	0.010526
25602	25856	2	0.021053
25602	25987	3	0.031579
25602	25993	2	0.021053
25602	26000	3	0.031579
25602	25710	2	0.021053
25602	25373	1	0.010526
25602	25246	2	0.021053
25602	25764	1	0.010526
25602	25641	1	0.010526
25602	25906	2	0.021053
25602	25481	2	0.021053
25602	26042	1	0.010526
25602	25661	13	0.136842
25602	25312	1	0.010526
25602	25670	1	0.010526
25602	25160	3	0.031579
25602	25171	1	0.010526
25602	25429	2	0.021053
25602	25562	1	0.010526
25602	25952	2	0.021053
25602	25616	1	0.010526
25602	25958	1	0.010526
25602	25319	1	0.010526
25602	25197	2	0.021053
25602	25454	2	0.021053
25602	25456	1	0.010526
25602	25202	1	0.010526
25602	25331	2	0.021053
25602	25972	2	0.021053
25602	25717	1	0.010526
25602	25210	1	0.010526
25602	25685	1	0.010526
26027	25641	2	0.000129
26027	25988	2	0.000129
26027	25461	1	0.000065
25604	25210	88	0.988764
25605	25988	2	1.000000
25608	25210	6	0.230769
25764	25391	1	0.055556
25764	25330	1	0.055556
25764	25331	3	0.166667
25764	25204	316	17.555556
25764	25751	2	0.111111
25764	25660	2	0.111111
25744	25544	1	0.003165
25744	25644	5	0.015823
25744	25252	308	0.974684
25744	25981	1	0.003165
25614	25472	26	0.033548
25614	25488	4	0.005161
25614	25930	2	0.002581
25614	25661	2	0.002581
25615	25803	1	0.062500
25616	25605	1	0.000460
25616	25224	1	0.000460
25616	25354	1	0.000460
25616	26000	2	0.000920
25616	25746	1	0.000460
25616	25751	1	0.000460
25616	25884	1	0.000460
25616	25245	1	0.000460
25616	25630	1	0.000460
25616	25861	1	0.000460
25616	25633	1	0.000460
25616	25764	1	0.000460
25616	25641	2	0.000920
25616	25774	2	0.000920
25616	25821	1	0.000460
25616	25945	1	0.000460
25616	25246	2	0.000920
25616	25398	1	0.000460
25616	25280	1	0.000460
25616	25544	1	0.000460
25616	25298	4	0.001840
25616	25443	2	0.000920
25616	25177	2	0.000920
25616	25466	2	0.000920
25616	25951	1	0.000460
25616	25952	1	0.000460
25616	25187	1	0.000460
25616	25319	1	0.000460
25616	25704	1	0.000460
25616	25325	1	0.000460
25616	25719	2166	0.996320
25616	25210	2	0.000920
25616	25854	1	0.000460
25688	25472	3	0.038961
25688	25218	1	0.012987
25688	25354	1	0.012987
25688	25751	2	0.025974
25688	25241	2	0.025974
25688	25246	1	0.012987
25688	25634	9	0.116883
25688	25508	1	0.012987
25688	25396	2	0.025974
25688	25398	1	0.012987
25688	25784	1	0.012987
25688	25159	1	0.012987
25688	25544	1	0.012987
25688	25175	1	0.012987
25688	25177	4	0.051948
25688	25821	1	0.012987
25688	25312	1	0.012987
25688	25187	2	0.025974
25688	25210	1	0.012987
25688	25323	1	0.012987
25688	25330	4	0.051948
25688	25331	6	0.077922
25688	25204	40	0.519481
25688	25976	2	0.025974
25688	25466	1	0.012987
25688	25854	1	0.012987
25619	25472	221	0.358185
25619	25488	1	0.001621
25620	26016	63	0.056757
25620	25187	2	0.001802
25620	25572	910	0.819820
25620	25544	3	0.002703
25620	25900	915	0.824324
25620	25424	2	0.001802
25620	25331	1	0.000901
25620	25751	6	0.005405
25620	25821	11	0.009910
25621	25416	3	0.002896
25621	25838	1	0.000965
25621	25981	2	0.001931
25621	25544	3	0.002896
25621	25746	2	0.001931
25621	25331	2	0.001931
25621	25466	2	0.001931
25621	25309	5	0.004826
25621	25246	17	0.016409
25945	25760	2	0.029412
25945	25633	3	0.044118
25945	25987	1	0.014706
25945	25670	2	0.029412
25945	25478	3	0.044118
25945	25323	2	0.029412
25945	25932	1	0.014706
25945	26000	2	0.029412
25945	25435	3	0.044118
25945	25759	2	0.029412
25626	25472	59	0.024583
25626	25475	4	0.001667
25626	25227	18	0.007500
25626	25616	3	0.001250
25626	26000	3	0.001250
25626	25493	4	0.001667
25626	26006	5	0.002083
25626	25890	2	0.000833
25626	25254	2	0.000833
25626	26032	5	0.002083
25626	25396	7	0.002917
25626	25398	5	0.002083
25626	25661	3	0.001250
25626	25544	4	0.001667
25626	25293	3	0.001250
25626	25552	3	0.001250
25626	25569	4	0.001667
25626	25187	3	0.001250
25626	25319	8	0.003333
25626	25746	5	0.002083
25626	25331	4	0.001667
25626	25204	17	0.007083
25626	25717	2	0.000833
25626	25976	3	0.001250
25626	25854	13	0.005417
25628	25544	1	0.050000
25628	25633	1	0.050000
25628	25435	1	0.050000
25628	25311	1	0.050000
25631	25312	1	0.012195
25631	25187	1	0.012195
25631	25224	1	0.012195
25631	25424	3	0.036585
25631	25976	1	0.012195
25631	25977	80	0.975610
25632	26016	1	0.025641
25632	25569	1	0.025641
25632	25443	1	0.025641
25632	25846	1	0.025641
25632	25992	1	0.025641
25632	25641	1	0.025641
25632	25900	1	0.025641
25632	25646	1	0.025641
25632	25616	1	0.025641
25632	25619	1	0.025641
25632	25461	1	0.025641
25632	26006	1	0.025641
25632	26041	1	0.025641
25632	25402	1	0.025641
25632	25373	1	0.025641
25632	25599	1	0.025641
25633	25472	2	0.000552
25633	25354	4	0.001103
25633	26000	1	0.000276
25633	26011	7	0.001931
25633	25628	1	0.000276
25633	25507	1	0.000276
25633	25641	1	0.000276
25633	25644	1	0.000276
25633	25396	2	0.000552
25633	25398	1	0.000276
25633	25544	4	0.001103
25633	25808	1	0.000276
25633	25177	1	0.000276
25633	25210	1	0.000276
25633	25951	1	0.000276
25633	25952	25	0.006895
25633	25552	4	0.001103
25633	25319	1	0.000276
25633	25838	1	0.000276
25633	25202	1	0.000276
25633	25204	4	0.001103
25633	25976	1	0.000276
25633	25466	3	0.000827
25633	25854	29	0.007998
25634	25473	1	0.001437
25634	25218	1	0.001437
25634	25987	1	0.001437
25634	25231	29	0.041667
25634	26000	557	0.800287
25634	25241	3	0.004310
25634	25626	1	0.001437
25634	26011	1	0.001437
25634	25636	1	0.001437
25634	25670	2	0.002874
25634	25894	1	0.001437
25634	25821	1	0.001437
25634	26032	1	0.001437
25634	25522	1	0.001437
25634	26039	1	0.001437
25634	25913	1	0.001437
25634	25661	7	0.010057
25634	25794	1	0.001437
25634	25926	1	0.001437
25634	25544	1	0.001437
25634	25290	1	0.001437
25634	25932	1	0.001437
25634	25807	1	0.001437
25634	25424	2	0.002874
25634	25848	1	0.001437
25634	25177	3	0.004310
25634	25466	2	0.002874
25634	25187	1	0.001437
25634	25329	1	0.001437
25634	25714	1	0.001437
25634	25717	1	0.001437
25634	25976	15	0.021552
25634	25210	6	0.008621
25634	25468	14	0.020115
25947	25210	182	0.994536
25636	25544	3	0.003589
25636	25398	1	0.001196
25636	25599	1	0.001196
25641	25472	3	0.004380
25641	25442	1	0.001460
25641	25187	2	0.002920
25641	25988	639	0.932847
25641	25544	1	0.001460
25641	25424	2	0.002920
25641	25224	2	0.002920
25641	25298	1	0.001460
25641	25331	2	0.002920
25641	26038	1	0.001460
25641	25951	1	0.001460
25644	25475	3	0.017143
25644	25476	1	0.005714
25644	25227	8	0.045714
25644	25487	4	0.022857
25644	25744	14	0.080000
25644	25626	3	0.017143
25644	25633	1	0.005714
25644	25378	1	0.005714
25644	25252	1	0.005714
25644	25894	2	0.011429
25644	25201	1	0.005714
25644	25903	1	0.005714
25644	26039	2	0.011429
25644	25535	9	0.051429
25644	25537	1	0.005714
25644	25794	1	0.005714
25644	25926	3	0.017143
25644	25932	5	0.028571
25644	25549	1	0.005714
25644	25807	1	0.005714
25644	25305	4	0.022857
25644	25435	1	0.005714
25644	25636	3	0.017143
25644	25184	1	0.005714
25644	25329	1	0.005714
25644	25714	3	0.017143
25644	25331	1	0.005714
25644	25848	1	0.005714
25522	25472	1	0.000902
25522	25634	1	0.000902
25522	25508	1	0.000902
25522	25177	1	0.000902
25522	25159	1	0.000902
25522	25544	1	0.000902
25522	25175	1	0.000902
25522	25323	1	0.000902
25522	25575	83	0.074842
25522	25821	1	0.000902
25522	26000	10	0.009017
25522	25854	1	0.000902
25522	25330	1	0.000902
25522	25396	1	0.000902
25522	25685	1	0.000902
25522	25751	1	0.000902
25522	25976	1	0.000902
25522	25241	8	0.007214
25522	25784	1	0.000902
25522	25354	1	0.000902
25522	25246	1	0.000902
25646	25184	1	0.001052
25646	25472	17	0.017876
25646	25443	1	0.001052
25646	25181	1	0.001052
25646	26032	2	0.002103
25646	25298	6	0.006309
25646	25187	1	0.001052
25646	25461	1	0.001052
25646	25402	1	0.001052
25646	25599	1	0.001052
25646	25466	5	0.005258
25646	25246	6	0.006309
25646	25951	1	0.001052
25454	25856	2	0.027778
25454	25472	1	0.013889
25454	25602	3	0.041667
25454	25987	3	0.041667
25454	25993	2	0.027778
25454	26000	1	0.013889
25454	25373	1	0.013889
25454	25246	2	0.027778
25454	25764	1	0.013889
25454	25641	1	0.013889
25454	25906	2	0.027778
25454	25481	2	0.027778
25454	26042	1	0.013889
25454	25661	3	0.041667
25454	25312	1	0.013889
25454	25670	1	0.013889
25454	25160	3	0.041667
25454	25171	1	0.013889
25454	25429	2	0.027778
25454	25562	1	0.013889
25454	25952	2	0.027778
25454	25616	1	0.013889
25454	25958	1	0.013889
25454	25319	1	0.013889
25454	25197	2	0.027778
25454	25710	2	0.027778
25454	25456	1	0.013889
25454	25202	1	0.013889
25454	25331	2	0.027778
25454	25972	2	0.027778
25454	25717	1	0.013889
25454	25210	1	0.013889
25454	25685	1	0.013889
25704	25770	2	1.000000
25704	25331	6	3.000000
25653	25443	1	0.000860
25653	25402	3	0.002580
25653	26063	2	0.001720
25653	25969	1	0.000860
25653	25210	2	0.001720
25653	25373	1	0.000860
25655	25721	1	0.001233
25655	25746	4	0.004932
25655	25839	2	0.002466
25655	25977	2	0.002466
25655	25599	1	0.001233
25657	26000	130	1.000000
25928	26006	1	0.019608
25661	25472	6	0.006383
25661	25473	1	0.001064
25661	25347	1	0.001064
25661	25998	1	0.001064
25661	25488	2	0.002128
25661	25746	4	0.004255
25661	25365	2	0.002128
25661	25878	1	0.001064
25661	25246	2	0.002128
25661	25634	2	0.002128
25661	25892	1	0.001064
25661	25509	1	0.001064
25661	25396	10	0.010638
25661	25781	1	0.001064
25661	25332	1	0.001064
25661	25951	1	0.001064
25661	25920	2	0.002128
25661	25441	1	0.001064
25661	25930	1	0.001064
25661	25293	1	0.001064
25661	25806	1	0.001064
25661	25551	1	0.001064
25661	25552	2	0.002128
25661	25592	1	0.001064
25661	25426	1	0.001064
25661	25816	1	0.001064
25661	25177	2	0.002128
25661	25434	1	0.001064
25661	25694	2	0.002128
25661	25311	5	0.005319
25661	25312	2	0.002128
25661	26000	459	0.488298
25661	25192	2	0.002128
25661	25449	2	0.002128
25661	25706	1	0.001064
25661	25709	1	0.001064
25661	25202	2	0.002128
25661	25331	2	0.002128
25661	25204	4	0.004255
25661	25717	2	0.002128
25661	25976	4	0.004255
25661	25450	3	0.003191
25661	25215	1	0.001064
25911	26016	189	0.245455
25911	25472	1	0.001299
25911	25572	175	0.227273
25911	25544	3	0.003896
25911	25227	119	0.154545
25911	25900	177	0.229870
25911	25293	2	0.002597
25911	25646	6	0.007792
25911	25298	301	0.390909
25911	26041	19	0.024675
25911	25626	3	0.003896
25911	25951	2	0.002597
25911	25373	5	0.006494
25911	25599	2	0.002597
25668	25354	54	3.600000
25526	25231	4	0.022099
25526	26000	2	0.011050
25526	25329	189	1.044199
25526	25746	181	1.000000
25526	25331	181	1.000000
25526	25177	6	0.033149
25670	25472	34	0.036876
25670	25987	2795	3.031453
25670	25359	7	0.007592
25670	26000	934	1.013015
25670	25746	951	1.031453
25670	25884	1	0.001085
25670	25246	1829	1.983731
25670	25902	910	0.986985
25670	25396	2	0.002169
25670	25398	1	0.001085
25670	25922	2	0.002169
25670	26060	14	0.015184
25670	25552	2	0.002169
25670	25169	8	0.008677
25670	25174	13	0.014100
25670	25688	2	0.002169
25670	25177	919	0.996746
25670	25951	1	0.001085
25670	25616	2	0.002169
25670	25319	1	0.001085
25670	25838	1820	1.973970
25670	25202	1	0.001085
25670	25204	2	0.002169
25670	25717	19	0.020607
25670	25976	16	0.017354
25670	25854	911	0.988069
25670	25599	6	0.006508
25671	25472	9	0.264706
25671	25177	13	0.382353
25671	25354	11	0.323529
25671	26000	9	0.264706
25671	25751	9	0.264706
25671	26014	1	0.029412
25671	25759	1	0.029412
25671	25760	51	1.500000
25671	25633	1	0.029412
25671	25634	2	0.058824
25671	25764	2	0.058824
25671	25396	2	0.058824
25671	26039	1	0.029412
25671	25920	2	0.058824
25671	25670	2	0.058824
25671	26060	9	0.264706
25671	25297	2	0.058824
25671	25945	4	0.117647
25671	25184	1	0.029412
25671	25704	2	0.058824
25671	25449	9	0.264706
25671	25323	9	0.264706
25671	25201	2	0.058824
25671	25850	2	0.058824
25671	25854	11	0.323529
25160	25602	3	0.073171
25160	25454	2	0.048780
25160	25993	2	0.048780
25160	25197	2	0.048780
25160	25710	2	0.048780
25160	25906	2	0.048780
25160	25972	2	0.048780
25160	25429	2	0.048780
25160	25481	2	0.048780
25160	26042	1	0.024390
25160	25661	1	0.024390
25673	25217	1	0.083333
25673	25378	1	0.083333
25673	25636	1	0.083333
25673	25297	1	0.083333
25673	25322	1	0.083333
25673	25201	1	0.083333
25162	25364	2	0.003831
25162	25751	2	0.003831
25676	25472	2	0.010695
25676	25569	3	0.016043
25676	25634	1	0.005348
25676	25988	2	0.010695
25676	25641	3	0.016043
25676	26063	3	0.016043
25676	25298	8	0.042781
25676	25846	3	0.016043
25303	25904	2	0.016000
25303	26019	2	0.016000
25303	25896	2	0.016000
25303	25774	2	0.016000
25303	25328	2	0.016000
25303	25968	2	0.016000
25303	25331	116	0.928000
25303	25396	1	0.008000
25169	25472	3	0.002075
25169	25488	1	0.000692
25169	25616	1	0.000692
25169	25298	4	0.002766
25169	25331	1	0.000692
25169	25396	1	0.000692
25169	25719	4	0.002766
25169	25177	1	0.000692
25169	25210	1	0.000692
25169	25246	1	0.000692
25169	25951	1	0.000692
25172	25210	4	0.444444
25172	25331	1	0.111111
25173	25210	47	0.979167
25174	25472	1	0.006061
25174	25218	1	0.006061
25174	25188	3	0.018182
25174	25544	1	0.006061
25174	26057	3	0.018182
25174	25354	740	4.484848
25174	25323	3	0.018182
25174	26060	145	0.878788
25174	25838	1	0.006061
25174	25552	1	0.006061
25174	25396	1	0.006061
25174	26006	1	0.006061
25174	25976	1	0.006061
25174	25466	1	0.006061
25174	25854	2	0.012121
25175	25433	25	1.000000
25175	25354	25	1.000000
25175	25995	25	1.000000
25175	25507	25	1.000000
25176	25488	1	0.004525
25176	25202	1	0.004525
25176	25853	2	0.009050
25176	25599	10	0.045249
25177	25992	3	0.001400
25177	25483	8	0.003733
25177	26000	1	0.000467
25177	25746	8	0.003733
25177	25884	8	0.003733
25177	25760	1	0.000467
25177	25634	3	0.001400
25177	25646	1	0.000467
25177	25396	4	0.001867
25177	25398	3	0.001400
25177	25922	1	0.000467
25177	26051	12	0.005600
25177	25925	7	0.003266
25177	25159	1	0.000467
25177	26060	1	0.000467
25177	25685	3	0.001400
25177	25311	2	0.000933
25177	25572	2	0.000933
25177	25322	2	0.000933
25177	25461	2	0.000933
25177	25976	4	0.001867
25177	25468	7	0.003266
25177	25854	6	0.002800
25508	25904	1309	11.382609
25508	25396	2	0.017391
25508	25661	1	0.008696
25180	25473	2	0.028986
25180	25770	69	1.000000
25180	25803	3	0.043478
25180	25331	207	3.000000
25180	25204	3	0.043478
25180	25685	1	0.014493
25180	25976	1	0.014493
25180	25721	2	0.028986
25180	25308	1	0.014493
25180	25182	1	0.014493
25693	26012	28972	105.737226
25693	25661	2	0.007299
25693	25246	1	0.003650
25695	25992	1	0.001289
25695	25646	1	0.001289
25695	25599	1	0.001289
25185	25746	2	0.100000
25186	25920	1	0.125000
25187	25331	2	0.250000
25192	25976	2	0.002451
25192	25472	2	0.002451
25192	25396	1	0.001225
25192	25311	1	0.001225
25196	25472	1	0.006667
25196	25424	3	0.020000
25196	25770	56	0.373333
25196	25904	2	0.013333
25196	25331	158	1.053333
25196	25976	1	0.006667
25197	25472	1	0.013889
25197	25856	2	0.027778
25197	25602	3	0.041667
25197	25987	3	0.041667
25197	25993	2	0.027778
25197	26000	1	0.013889
25197	25710	2	0.027778
25197	25373	1	0.013889
25197	25246	2	0.027778
25197	25764	1	0.013889
25197	25641	1	0.013889
25197	25906	2	0.027778
25197	25481	2	0.027778
25197	26042	1	0.013889
25197	25661	3	0.041667
25197	25312	1	0.013889
25197	25670	1	0.013889
25197	25160	3	0.041667
25197	25171	1	0.013889
25197	25429	2	0.027778
25197	25562	1	0.013889
25197	25952	2	0.027778
25197	25616	1	0.013889
25197	25958	1	0.013889
25197	25319	1	0.013889
25197	25454	2	0.027778
25197	25456	1	0.013889
25197	25202	1	0.013889
25197	25331	2	0.027778
25197	25972	2	0.027778
25197	25717	1	0.013889
25197	25210	1	0.013889
25197	25685	1	0.013889
25710	25472	1	0.010753
25710	25856	2	0.021505
25710	25602	3	0.032258
25710	25987	3	0.032258
25710	25993	2	0.021505
25710	26000	3	0.032258
25710	25373	1	0.010753
25710	25246	2	0.021505
25710	25764	1	0.010753
25710	25641	1	0.010753
25710	25906	2	0.021505
25710	25481	2	0.021505
25710	26042	1	0.010753
25710	25661	13	0.139785
25710	25312	1	0.010753
25710	25670	1	0.010753
25710	25160	3	0.032258
25710	25171	1	0.010753
25710	25429	2	0.021505
25710	25562	1	0.010753
25710	25952	2	0.021505
25710	25616	1	0.010753
25710	25958	1	0.010753
25710	25319	1	0.010753
25710	25197	2	0.021505
25710	25454	2	0.021505
25710	25456	1	0.010753
25710	25202	1	0.010753
25710	25331	2	0.021505
25710	25972	2	0.021505
25710	25717	1	0.010753
25710	25210	1	0.010753
25710	25685	1	0.010753
25277	25472	3	0.018750
25277	25896	2	0.012500
25277	25988	159	0.993750
25231	25976	11	0.207547
25231	25794	1	0.018868
25231	25987	1	0.018868
25231	25636	1	0.018868
25231	25926	1	0.018868
25231	25894	1	0.018868
25231	25290	1	0.018868
25231	25932	1	0.018868
25231	25522	1	0.018868
25231	25807	1	0.018868
25231	26000	45	0.849057
25231	25329	1	0.018868
25231	25714	1	0.018868
25231	25717	1	0.018868
25231	26039	1	0.018868
25231	25848	1	0.018868
25231	25241	3	0.056604
25231	25626	1	0.018868
25231	25913	1	0.018868
25201	25217	75	0.038860
25201	25992	122	0.063212
25201	26000	13	0.006736
25201	25746	24	0.012435
25201	25621	1	0.000518
25201	25751	27	0.013990
25201	26016	32	0.016580
25201	25770	1	0.000518
25201	25396	4	0.002073
25201	25661	3	0.001554
25201	25544	6	0.003109
25201	26060	1	0.000518
25201	25424	1	0.000518
25201	25169	6	0.003109
25201	25172	1	0.000518
25201	25302	1	0.000518
25201	25177	11	0.005699
25201	25447	51	0.026425
25201	25330	1	0.000518
25201	25331	5	0.002591
25201	25976	5	0.002591
25201	25210	9	0.004663
25201	25852	1	0.000518
25201	25854	7	0.003627
25201	25599	24	0.012435
25202	25476	1	0.028571
25202	25929	1	0.028571
25202	25290	1	0.028571
25202	26039	1	0.028571
25202	25848	1	0.028571
25202	25636	2	0.057143
25715	25544	1	0.038462
25715	25182	1	0.038462
25204	25472	1	0.003650
25204	25473	1	0.003650
25204	25475	1	0.003650
25204	25476	1	0.003650
25204	25354	1	0.003650
25204	25227	1	0.003650
25204	25612	1	0.003650
25204	25487	1	0.003650
25204	26000	1	0.003650
25204	25987	1	0.003650
25204	25621	1	0.003650
25204	25751	3	0.010949
25204	25391	1	0.003650
25204	25633	1	0.003650
25204	25634	1	0.003650
25204	25508	1	0.003650
25204	25926	1	0.003650
25204	25894	1	0.003650
25204	25329	1	0.003650
25204	25549	1	0.003650
25204	25799	1	0.003650
25204	25202	2	0.007299
25204	25903	1	0.003650
25204	25522	1	0.003650
25204	25396	1	0.003650
25204	25310	1	0.003650
25204	26039	1	0.003650
25204	25784	1	0.003650
25204	25913	1	0.003650
25204	25524	1	0.003650
25204	25660	2	0.007299
25204	25848	1	0.003650
25204	25535	1	0.003650
25204	25920	1	0.003650
25204	25922	1	0.003650
25204	25162	1	0.003650
25204	25670	1	0.003650
25204	25159	1	0.003650
25204	25416	1	0.003650
25204	25290	1	0.003650
25204	25305	1	0.003650
25204	25932	1	0.003650
25204	25378	1	0.003650
25204	25807	1	0.003650
25204	25297	1	0.003650
25204	25252	1	0.003650
25204	25685	2	0.007299
25204	25430	1	0.003650
25204	25175	1	0.003650
25204	25177	1	0.003650
25204	25309	1	0.003650
25204	25555	1	0.003650
25204	25311	1	0.003650
25204	25184	1	0.003650
25204	25744	1	0.003650
25204	25764	5	0.018248
25204	25323	1	0.003650
25204	25661	1	0.003650
25204	25201	1	0.003650
25204	25330	10	0.036496
25204	25331	13	0.047445
25204	25636	1	0.003650
25204	25567	1	0.003650
25204	25976	1	0.003650
25204	25854	1	0.003650
25717	25976	4458	3.660099
25717	25177	1	0.000821
25717	25319	1	0.000821
25477	25920	4	0.015748
25477	25416	1	0.003937
25477	25930	3	0.011811
25477	25323	1	0.003937
25477	25202	1	0.003937
25477	25396	2	0.007874
25477	25685	1	0.003937
25477	25913	1	0.003937
25477	25466	1	0.003937
25477	25884	9	0.035433
25477	25309	1	0.003937
25477	25621	1	0.003937
25719	25472	2	0.004963
25719	25473	2	0.004963
25719	25443	21	0.052109
25719	25992	143	0.354839
25719	25646	75	0.186104
25719	25821	2	0.004963
25719	25616	16	0.039702
25719	25169	16	0.039702
25719	25490	2	0.004963
25719	25461	22	0.054591
25719	26041	127	0.315136
25719	25402	26	0.064516
25719	25308	2	0.004963
25719	25373	15	0.037221
25719	25685	2	0.004963
25720	25435	2	0.008403
25364	25676	1	0.025641
25364	25210	2	0.051282
25364	25684	1	0.025641
25722	25922	1	0.005376
25722	25636	1	0.005376
25722	25704	4	0.021505
25722	25770	179	0.962366
25722	25331	537	2.887097
25722	25951	3	0.016129
25723	25472	1	0.083333
25723	25218	1	0.083333
25723	25331	2	0.166667
25475	25569	8	0.044444
25475	25449	1	0.005556
25475	25396	3	0.016667
25475	25717	1	0.005556
25475	25398	9	0.050000
25475	25311	1	0.005556
25475	25854	1	0.005556
25475	25493	8	0.044444
25215	25920	1	0.055556
25215	25331	1	0.055556
25215	25292	1	0.055556
25215	25661	4	0.222222
25217	25920	1	0.006711
25217	25544	1	0.006711
25217	25449	1	0.006711
25217	25552	1	0.006711
25217	25746	1	0.006711
25217	25331	1	0.006711
25217	25751	1	0.006711
25217	25848	2	0.013423
25218	25472	14	0.500000
25218	25634	14	0.500000
25218	25508	14	0.500000
25218	25177	14	0.500000
25218	25159	14	0.500000
25218	25544	14	0.500000
25218	25175	14	0.500000
25218	25323	14	0.500000
25218	25821	20	0.714286
25218	25784	14	0.500000
25218	25330	14	0.500000
25218	25396	14	0.500000
25218	25685	6	0.214286
25218	25751	14	0.500000
25218	25976	14	0.500000
25218	25241	28	1.000000
25218	25354	14	0.500000
25218	25854	14	0.500000
25732	25224	1	0.011111
25732	25424	1	0.011111
25732	25331	1	0.011111
25366	25688	1	0.090909
25366	25331	11	1.000000
25366	25204	1	0.090909
25366	25270	1	0.090909
25223	25270	1	0.083333
25736	25544	2	0.011628
25736	25746	3	0.017442
25736	25396	8	0.046512
25736	25509	4	0.023256
25736	25246	1	0.005814
25225	25904	8	0.727273
25225	25544	11	1.000000
25738	25633	1	0.015385
25738	25322	1	0.015385
25738	25187	2	0.030769
25738	25628	1	0.015385
25738	25359	1	0.015385
25227	25475	2	0.002525
25227	25746	3	0.003788
25227	25354	3	0.003788
25227	25751	1	0.001263
25227	25293	3	0.003788
25227	26032	3	0.003788
25227	25202	1	0.001263
25227	25396	7	0.008838
25227	26006	6	0.007576
25227	25911	2	0.002525
25227	25177	11	0.013889
25227	25626	18	0.022727
25227	25311	3	0.003788
25227	25884	2	0.002525
25227	25210	1	0.001263
25227	25854	8	0.010101
25227	25279	3	0.003788
25742	26000	3	0.300000
25742	25331	10	1.000000
25742	25204	3	0.300000
25743	25210	153	0.993506
25232	25472	8	0.014134
25232	25449	2	0.003534
25232	25426	1129	1.994700
25232	25945	1	0.001767
25234	25323	2	0.027027
25234	25807	2	0.027027
25234	25159	2	0.027027
25529	25210	15	0.017815
25529	25292	2	0.002375
25529	25655	1	0.001188
25236	25676	3	0.500000
25749	25746	4	0.027972
25751	25217	1	0.004310
25751	25480	1	0.004310
25751	25359	1	0.004310
25751	26000	1	0.004310
25751	25746	2	0.008621
25751	25879	2	0.008621
25751	25884	1	0.004310
25751	25885	1	0.004310
25751	25374	1	0.004310
25751	25760	2	0.008621
25751	25633	2	0.008621
25751	25378	1	0.004310
25751	25636	4	0.017241
25751	25904	1	0.004310
25751	25396	6	0.025862
25751	26039	2	0.008621
25751	25272	1	0.004310
25751	25669	1	0.004310
25751	25544	13	0.056034
25751	26060	6	0.025862
25751	25552	8	0.034483
25751	25297	1	0.004310
25751	25685	3	0.012931
25751	25174	1	0.004310
25751	25435	1	0.004310
25751	25951	2	0.008621
25751	25424	4	0.017241
25751	25487	1	0.004310
25751	25318	2	0.008621
25751	25201	1	0.004310
25751	25330	191	0.823276
25751	25204	1	0.004310
25751	25466	1	0.004310
25241	25472	5	0.007776
25241	25614	1	0.001555
25241	25616	2	0.003110
25241	25746	2	0.003110
25241	25882	4	0.006221
25241	25884	1	0.001555
25241	26017	1	0.001555
25241	25378	2	0.003110
25241	25508	2	0.003110
25241	25900	2	0.003110
25241	25275	1	0.001555
25241	25535	2	0.003110
25241	25922	5	0.007776
25241	25159	1	0.001555
25241	25169	2	0.003110
25241	25685	624	0.970451
25241	25945	2	0.003110
25241	25951	1	0.001555
25241	25569	1	0.001555
25241	25704	1	0.001555
25241	25449	1	0.001555
25241	25331	1	0.001555
25241	25717	1	0.001555
25241	25976	9	0.013997
25755	25630	39	3.250000
25245	25641	3	0.027778
25245	25977	1	0.009259
25246	25312	1	0.003484
25246	25218	1	0.003484
25246	25202	1	0.003484
25246	25331	1	0.003484
25246	25396	1	0.003484
25246	25466	3	0.010453
25247	25472	6	0.061856
25247	25988	1	0.010309
25247	25992	2	0.020619
25247	25614	2	0.020619
25247	25616	1	0.010309
25247	25619	1	0.010309
25247	26006	2	0.020619
25247	25373	2	0.020619
25247	26016	3	0.030928
25247	25641	2	0.020619
25247	25900	1	0.010309
25247	25646	2	0.020619
25247	26041	1	0.010309
25247	25402	2	0.020619
25247	25277	2	0.020619
25247	25674	2	0.020619
25247	25676	2	0.020619
25247	26063	2	0.020619
25247	25177	2	0.020619
25247	25569	1	0.010309
25247	25443	2	0.020619
25247	25969	2	0.020619
25247	25846	1	0.010309
25247	25977	1	0.010309
25247	25598	2	0.020619
25247	25599	2	0.020619
25760	25704	6	0.095238
25762	25473	2	0.000564
25762	25187	18	0.005076
25762	25803	16	0.004512
25762	25331	14	0.003948
25762	25204	1635	0.461083
25762	25751	2	0.000564
25762	25784	16	0.004512
25762	25311	16	0.004512
25252	25187	33	0.174603
25252	25450	189	1.000000
25252	26060	33	0.174603
25252	25744	3	0.015873
25252	25204	189	1.000000
25252	25174	33	0.174603
25252	25311	189	1.000000
25253	25328	1	0.055556
25253	25968	1	0.055556
25253	25552	1	0.055556
25254	25210	2	1.000000
25256	25746	18	1.000000
25256	26006	18	1.000000
25256	25655	18	1.000000
25256	25176	18	1.000000
25256	25977	18	1.000000
25256	25631	18	1.000000
25256	25599	18	1.000000
25257	25472	17	0.033268
25257	25218	1	0.001957
25257	25764	1	0.001957
25257	25204	2	0.003914
25257	25770	1	0.001957
25257	25932	7	0.013699
25257	25902	10	0.019569
25257	25838	1	0.001957
25257	25201	7	0.013699
25257	25331	3	0.005871
25257	25396	71	0.138943
25257	25685	5	0.009785
25257	25172	15	0.029354
25257	25210	30	0.058708
25257	25821	15	0.029354
25258	25968	2	0.016807
25258	25896	1	0.008403
25258	25298	1	0.008403
25258	25685	2	0.016807
25272	25746	1	0.062500
25773	25816	3	0.062500
25773	25424	4	0.083333
25773	25746	3	0.062500
25773	25765	3	0.062500
25920	25217	2	0.001206
25920	25477	2	0.001206
25920	25478	2	0.001206
25920	25473	2	0.001206
25920	25736	2	0.001206
25920	26000	2	0.001206
25920	25621	2	0.001206
25920	25885	2	0.001206
25920	25374	2	0.001206
25920	25759	2	0.001206
25920	25633	2	0.001206
25920	25378	2	0.001206
25920	25636	2	0.001206
25920	25765	2	0.001206
25920	25895	2	0.001206
25920	25202	2	0.001206
25920	25904	2	0.001206
25920	26014	2	0.001206
25920	26039	2	0.001206
25920	25272	2	0.001206
25920	25275	2	0.001206
25920	25409	2	0.001206
25920	25669	2	0.001206
25920	26060	2	0.001206
25920	25556	2	0.001206
25920	25305	2	0.001206
25920	25435	2	0.001206
25920	25311	17	0.010253
25920	25184	2	0.001206
25920	25185	2	0.001206
25920	25186	2	0.001206
25920	25447	2	0.001206
25920	25449	2	0.001206
25920	25325	2	0.001206
25920	25201	2	0.001206
25920	25330	2	0.001206
25920	25466	2	0.001206
25903	25544	2	0.001092
25903	26060	1	0.000546
25903	25644	6	0.003275
25903	25331	1	0.000546
25903	25751	1	0.000546
25903	25177	1	0.000546
25903	25854	7	0.003821
25779	25218	1	0.083333
25779	25331	2	0.166667
25511	25472	2	0.005277
25511	25569	9	0.023747
25511	25988	26539	70.023747
25511	25641	9	0.023747
25511	25674	5	0.013193
25511	25452	7	0.018470
25511	25901	9	0.023747
25511	25614	8	0.021108
25511	26063	9	0.023747
25511	25676	8	0.021108
25511	25969	8	0.021108
25511	25846	8	0.021108
25511	25210	2	0.005277
25511	25277	6	0.015831
25511	25598	8	0.021108
25270	25751	5	0.119048
25784	25187	1	0.012658
25784	25922	1	0.012658
25784	25331	77	0.974684
25784	25685	4	0.050633
25784	25311	1	0.012658
25786	25218	1	0.083333
25786	25331	2	0.166667
25275	25330	2	0.400000
25275	25488	1	0.200000
25275	25490	1	0.200000
25275	25241	2	0.400000
25275	25466	1	0.200000
25275	25311	1	0.200000
25789	25472	28	0.500000
25789	25634	28	0.500000
25789	25508	28	0.500000
25789	25177	28	0.500000
25789	25159	28	0.500000
25789	25544	28	0.500000
25789	25175	28	0.500000
25789	25323	28	0.500000
25789	25218	45	0.803571
25789	25902	4	0.071429
25789	25821	119	2.125000
25789	25784	28	0.500000
25789	25330	28	0.500000
25789	25396	28	0.500000
25789	25589	2	0.035714
25789	25751	28	0.500000
25789	25976	28	0.500000
25789	25241	56	1.000000
25789	25354	28	0.500000
25789	25854	28	0.500000
25789	25685	8	0.142857
25278	26022	4768	40.406780
25280	26032	1	0.001695
25280	25330	434	0.735593
25280	25751	1	0.001695
25281	25472	25	0.462963
25281	25634	25	0.462963
25281	25508	25	0.462963
25281	25177	25	0.462963
25281	25159	25	0.462963
25281	25544	35	0.648148
25281	25175	25	0.462963
25281	25323	25	0.462963
25281	25976	25	0.462963
25281	25330	26	0.481481
25281	25396	25	0.462963
25281	25685	109	2.018519
25281	25751	25	0.462963
25281	25354	25	0.462963
25281	25241	50	0.925926
25281	25784	25	0.462963
25281	25821	147	2.722222
25281	25854	25	0.462963
25794	25509	11	0.048673
25794	25969	1	0.004425
25794	25736	1	0.004425
25794	25231	1	0.004425
25794	26000	1	0.004425
25794	25544	2	0.008850
25794	25241	2	0.008850
25794	25981	1	0.004425
25794	25951	1	0.004425
25291	26000	37	0.168182
25530	25210	254	1.007937
25797	26000	1	0.008475
25797	25210	117	0.991525
25798	25210	2	0.001204
25289	26016	3	0.000244
25289	25646	2	0.000163
25289	25210	16	0.001302
25289	25660	2	0.000163
25289	25661	4	0.000325
25289	25599	2	0.000163
25290	25992	7	0.015766
25290	25981	2	0.004505
25290	25552	3	0.006757
25290	25544	2	0.004505
25290	25717	2	0.004505
25290	25661	1	0.002252
25290	25374	8	0.018018
25290	25311	2	0.004505
25803	25770	81	0.078261
25803	25331	253	0.244444
25803	25182	8	0.007729
25292	25529	86	0.311594
25292	25210	15	0.054348
25292	25655	1	0.003623
25805	25218	1	0.083333
25805	25331	2	0.166667
25806	25920	1	0.011494
25806	25389	1	0.011494
25806	26000	1	0.011494
25806	25202	1	0.011494
25806	25717	2	0.022989
25806	25661	1	0.011494
25293	25187	871	0.802765
25293	25751	1	0.000922
25293	25354	5	0.004608
25293	25227	874	0.805530
25293	25483	1	0.000922
25293	26051	2	0.001843
25293	25661	7	0.006452
25293	25202	1	0.000922
25293	25475	1	0.000922
25293	25396	871	0.802765
25293	25398	1742	1.605530
25293	25331	1	0.000922
25293	25976	876	0.807373
25293	25177	897	0.826728
25293	25626	872	0.803687
25293	25468	1	0.000922
25293	25210	1	0.000922
25293	25246	10	0.009217
25293	25311	10	0.009217
25296	25210	132	3.473684
25809	25303	2	0.166667
25298	25988	2	1.000000
25853	25202	16	1.000000
25853	25331	16	1.000000
25300	25177	2	0.068966
25300	25297	2	0.068966
25300	25636	2	0.068966
25300	25854	2	0.068966
25300	25359	2	0.068966
25302	26012	118	118.000000
25721	25473	4	0.066667
25721	25466	4	0.066667
25721	25661	18	0.300000
25721	25685	4	0.066667
25816	25472	1	0.040000
25709	25816	1	0.001294
25709	25544	1	0.001294
25709	25746	3	0.003881
25709	26063	1	0.001294
25295	25760	9	0.187500
25295	25746	2	0.041667
25295	25331	96	2.000000
25308	25770	34	0.693878
25308	25331	102	2.081633
25821	25472	25	0.280899
25821	25633	2	0.022472
25821	25634	25	0.280899
25821	25508	25	0.280899
25821	25177	25	0.280899
25821	25159	25	0.280899
25821	25544	53	0.595506
25821	25257	2	0.022472
25821	25175	25	0.280899
25821	25323	25	0.280899
25821	25784	25	0.280899
25821	25330	26	0.292135
25821	25396	25	0.280899
25821	25685	199	2.235955
25821	25751	25	0.280899
25821	25976	25	0.280899
25821	25241	50	0.561798
25821	25210	6	0.067416
25821	25354	25	0.280899
25821	25854	25	0.280899
25312	25751	2	1.000000
25313	25331	7	0.019391
25313	25685	26	0.072022
25314	25569	1	0.020408
25314	25746	16	0.326531
25314	25475	2	0.040816
25314	25398	1	0.020408
25315	25509	1	0.012195
25746	25472	3	0.000274
25746	25217	2	0.000183
25746	25475	1	0.000091
25746	25319	2	0.000183
25746	25477	2	0.000183
25746	25478	2	0.000183
25746	25736	2	0.000183
25746	25224	1	0.000091
25746	25227	4	0.000365
25746	25487	2	0.000183
25746	25614	1	0.000091
25746	25615	1	0.000091
25746	26000	13	0.001187
25746	25619	1	0.000091
25746	25621	2	0.000183
25746	25878	1	0.000091
25746	25305	1	0.000091
25746	25374	2	0.000183
25746	25669	2	0.000183
25746	25633	4	0.000365
25746	25890	1	0.000091
25746	25892	1	0.000091
25746	25765	2	0.000183
25746	25201	2	0.000183
25746	25646	3	0.000274
25746	25903	1	0.000091
25746	25904	5	0.000457
25746	25480	2	0.000183
25746	25396	5	0.000457
25746	26038	2	0.000183
25746	26039	2	0.000183
25746	25913	2	0.000183
25746	25759	2	0.000183
25746	25661	1	0.000091
25746	25311	3	0.000274
25746	25717	4	0.000365
25746	25920	1	0.000091
25746	25976	1	0.000091
25746	25503	2	0.000183
25746	25925	4	0.000365
25746	25670	2	0.000183
25746	25159	4	0.000365
25746	25544	2	0.000183
25746	26057	1	0.000091
25746	25930	1	0.000091
25746	25655	7	0.000639
25746	26060	93	0.008492
25746	25424	18	0.001644
25746	25297	3	0.000274
25746	25298	1	0.000091
25746	25252	2	0.000183
25746	25177	9	0.000822
25746	25435	2	0.000183
25746	25751	14	0.001278
25746	25309	2	0.000183
25746	25636	5	0.000457
25746	25184	2	0.000183
25746	25442	1	0.000091
25746	25187	16	0.001461
25746	25188	1	0.000091
25746	25318	1	0.000091
25746	25575	2	0.000183
25746	25572	16	0.001461
25746	25447	3	0.000274
25746	25838	2	0.000183
25746	25329	1	0.000091
25746	25331	55	0.005022
25746	25589	1	0.000091
25746	26006	2	0.000183
25746	25977	3	0.000274
25746	25468	2	0.000183
25746	25854	3	0.000274
25746	25599	10980	1.002557
25318	25904	1	0.007874
25318	25770	210	1.653543
25318	25331	374	2.944882
25319	25472	1	0.020833
25319	25890	1	0.020833
25319	25188	1	0.020833
25319	25544	1	0.020833
25319	26057	1	0.020833
25319	25354	1	0.020833
25319	25323	1	0.020833
25319	26060	2	0.041667
25319	25615	1	0.020833
25319	25904	1	0.020833
25319	25396	1	0.020833
25319	25717	1	0.020833
25319	25174	1	0.020833
25319	25751	1	0.020833
25319	25884	1	0.020833
25319	25854	1	0.020833
25319	25599	1	0.020833
25322	25159	596	33.111111
25323	25472	1	0.001880
25323	25857	1	0.001880
25323	25177	9	0.016917
25323	25354	2	0.003759
25323	25487	2	0.003759
25323	25746	5	0.009398
25323	25751	4	0.007519
25323	25884	1362	2.560150
25323	25246	1	0.001880
25323	25633	2	0.003759
25323	25634	1	0.001880
25323	25396	6	0.011278
25323	26039	2	0.003759
25323	25784	5	0.009398
25323	25920	2	0.003759
25323	25670	2	0.003759
25323	25159	1	0.001880
25323	25544	2	0.003759
25323	25803	1	0.001880
25323	25685	4	0.007519
25323	25174	2	0.003759
25323	25945	1	0.001880
25323	25722	1	0.001880
25323	25951	1	0.001880
25323	25187	1	0.001880
25323	25322	7	0.013158
25323	25850	17	0.031955
25323	25854	12	0.022556
25325	25472	1	0.003937
25325	26000	1	0.003937
25325	25474	1	0.003937
25325	25322	1	0.003937
25325	25904	3	0.011811
25325	25331	2	0.007874
25325	25204	6	0.023622
25325	25685	1	0.003937
25325	25976	237	0.933071
25325	25821	1	0.003937
25325	25311	2	0.007874
25838	25472	1	0.000624
25838	26032	1	0.000624
25838	25544	4	0.002497
25838	25323	1	0.000624
25838	25424	2	0.001248
25838	25330	2	0.001248
25838	25331	10	0.006242
25838	25396	7	0.004370
25838	25717	2	0.001248
25838	25174	3	0.001873
25838	25751	36	0.022472
25838	25976	4	0.002497
25838	25210	8	0.004994
25838	25854	1	0.000624
25838	25631	1	0.000624
25839	25977	3	0.031250
25839	26006	3	0.031250
25329	26000	102	0.163987
25329	25495	7	0.011254
25329	25764	7	0.011254
25329	25894	14	0.022508
25329	25903	7	0.011254
25329	25904	7	0.011254
25329	25397	7	0.011254
25329	25535	7	0.011254
25329	25537	7	0.011254
25329	25926	7	0.011254
25329	25290	7	0.011254
25329	26060	7	0.011254
25329	25549	21	0.033762
25329	25552	7	0.011254
25329	25685	7	0.011254
25329	25430	7	0.011254
25329	25310	7	0.011254
25329	25311	7	0.011254
25329	25443	7	0.011254
25329	25192	7	0.011254
25329	25202	7	0.011254
25329	25717	21	0.033762
25330	25472	13	0.520000
25330	25569	2	0.080000
25330	25634	13	0.520000
25330	25508	13	0.520000
25330	25177	13	0.520000
25330	25159	13	0.520000
25330	25544	13	0.520000
25330	25175	13	0.520000
25330	25323	13	0.520000
25330	25821	19	0.760000
25330	25784	13	0.520000
25330	25396	13	0.520000
25330	25685	5	0.200000
25330	25751	13	0.520000
25330	25976	13	0.520000
25330	25241	26	1.040000
25330	25354	13	0.520000
25330	25854	13	0.520000
25332	25544	1	0.166667
25332	25187	1	0.166667
25332	25661	1	0.166667
25846	25224	1	0.001040
25846	25424	1	0.001040
25846	25187	2	0.002079
25846	26038	1	0.001040
25445	25904	81	27.000000
25336	26000	101	1.010000
25336	25488	1	0.010000
25336	25661	207	2.070000
25902	25330	288	1.090909
25902	25311	4	0.015152
25902	25396	138	0.522727
25902	25751	2	0.007576
25850	25760	2	0.111111
25850	26000	1	0.055556
25850	25354	88	4.888889
25850	25803	2	0.111111
25850	26060	1	0.055556
25850	25552	1	0.055556
25850	25746	1	0.055556
25850	25177	5	0.277778
25850	25322	1	0.055556
25850	25854	1	0.055556
25851	25210	219	0.636628
25852	25472	1	0.002119
25852	25988	1	0.002119
25852	25447	7	0.014831
25852	25614	1	0.002119
25852	25717	2	0.004237
25852	25599	1	0.002119
25852	25854	2	0.004237
25852	25567	1	0.002119
25341	25184	2	1.000000
25341	26022	80	40.000000
25854	25765	1	0.001285
25854	25187	9	0.011568
25854	25188	2	0.002571
25854	25475	1	0.001285
25854	25319	4	0.005141
25854	25544	1	0.001285
25854	25227	1	0.001285
25854	26060	4	0.005141
25854	25232	1	0.001285
25854	25746	2	0.002571
25854	25331	15	0.019280
25854	25396	13	0.016710
25854	25685	2	0.002571
25854	25751	3	0.003856
25854	25177	4	0.005141
25854	25626	1	0.001285
25854	25951	1	0.001285
25854	25884	4	0.005141
25854	25945	2	0.002571
25854	25636	3	0.003856
25856	25685	1	0.008929
25857	25770	25	0.892857
25857	25331	75	2.678571
25862	25218	2	0.166667
25351	26000	16	4.000000
25900	26016	1	0.002833
25900	25187	1	0.002833
25900	25605	1	0.002833
25900	25544	3	0.008499
25900	25224	1	0.002833
25900	25704	2	0.005666
25900	25298	2	0.005666
25900	26038	1	0.002833
25900	25751	1	0.002833
25900	25210	1	0.002833
25354	25668	3	0.300000
25354	25544	21	2.100000
25354	25931	4	0.400000
25354	25330	3	0.300000
25354	25174	3	0.300000
25354	25850	11	1.100000
25867	25449	1	0.033333
25868	25472	2	0.010811
25868	25313	1	0.005405
25868	25508	1	0.005405
25868	25767	1	0.005405
25868	25704	1	0.005405
25868	25319	1	0.005405
25868	26060	5	0.027027
25868	25544	1	0.005405
25868	25746	2	0.010811
25868	25396	58	0.313514
25868	25174	1	0.005405
25868	25751	184	0.994595
25868	25177	1	0.005405
25868	25466	1	0.005405
25868	25468	1	0.005405
25868	25821	1	0.005405
25868	25854	1	0.005405
25358	25988	1	0.001462
25358	25210	6796	9.935673
25358	25187	1	0.001462
25358	25172	684	1.000000
25358	25298	1	0.001462
25359	25472	2	0.007937
25359	25988	1	0.003968
25359	25224	2	0.007937
25359	25751	3	0.011905
25359	25636	2	0.007937
25359	25902	1	0.003968
25359	25397	1	0.003968
25359	25398	5	0.019841
25359	25920	1	0.003968
25359	25544	1	0.003968
25359	26060	1	0.003968
25359	25552	1	0.003968
25359	25945	4	0.015873
25359	25821	1	0.003968
25359	25951	1	0.003968
25359	25424	2	0.007937
25359	25187	19	0.075397
25359	25188	1	0.003968
25359	25319	1	0.003968
25359	25331	1	0.003968
25359	25466	1	0.003968
25359	25854	1	0.003968
25360	25552	2	0.039216
25873	25472	1	0.001256
25873	25544	1	0.001256
25873	25838	1500	1.884422
25873	25424	1	0.001256
25873	25331	1	0.001256
25873	25396	3	0.003769
25873	25717	2	0.002513
25873	25174	1	0.001256
25873	25976	1	0.001256
25873	25210	4	0.005025
25875	25746	1	0.040000
25876	25210	2	0.001163
25365	25202	43	6.142857
25878	25920	1	0.083333
25878	25472	1	0.083333
25878	25331	1	0.083333
25878	25661	1	0.083333
25879	25806	1	0.012821
25879	25751	1	0.012821
25880	25330	1	0.020000
25880	25331	1	0.020000
25880	25661	1	0.020000
25880	26014	3	0.060000
25880	25751	1	0.020000
25476	25544	1	0.001548
25476	25751	1	0.001548
25476	25487	7	0.010836
25883	26016	3	0.003979
25883	25270	8	0.010610
25883	26038	12	0.015915
25883	25224	3	0.003979
25883	25424	6	0.007958
25883	25302	3	0.003979
25883	25599	3	0.003979
25883	26012	3	0.003979
25883	26013	4	0.005305
25883	25951	4	0.005305
25884	25472	1	0.001709
25884	25857	1	0.001709
25884	25177	10	0.017094
25884	25354	2	0.003419
25884	25487	2	0.003419
25884	25746	14	0.023932
25884	25751	4	0.006838
25884	25246	1	0.001709
25884	25633	2	0.003419
25884	25634	1	0.001709
25884	25396	7	0.011966
25884	26039	2	0.003419
25884	25784	5	0.008547
25884	25920	2	0.003419
25884	25670	2	0.003419
25884	25159	1	0.001709
25884	25544	2	0.003419
25884	25803	1	0.001709
25884	25808	1	0.001709
25884	25685	4	0.006838
25884	25174	2	0.003419
25884	25945	1	0.001709
25884	25722	1	0.001709
25884	25951	1	0.001709
25884	25187	1	0.001709
25884	25322	6	0.010256
25884	25323	284	0.485470
25884	25850	17	0.029060
25884	25468	1	0.001709
25884	25854	12	0.020513
25885	25920	1	0.011628
25885	25751	1	0.011628
25885	25746	1	0.011628
25885	25495	1	0.011628
25885	25434	1	0.011628
25885	25882	1	0.011628
25374	25473	1	0.000379
25374	25483	1	0.000379
25374	26000	6	0.002276
25374	25746	24	0.009105
25374	25751	2	0.000759
25374	25241	6	0.002276
25374	25884	4	0.001517
25374	25246	27	0.010243
25374	25396	1	0.000379
25374	25398	1	0.000379
25374	25661	1	0.000379
25374	25277	1	0.000379
25374	26051	2	0.000759
25374	25159	1	0.000379
25374	25544	2	0.000759
25374	25290	6	0.002276
25374	25685	1	0.000379
25374	25177	36	0.013657
25374	25311	1	0.000379
25374	25323	1	0.000379
25374	25583	40	0.015175
25374	25202	2	0.000759
25374	25331	1	0.000379
25374	25204	1	0.000379
25374	25976	8	0.003035
25374	25468	2	0.000759
25374	25598	1	0.000379
25374	25599	1	0.000379
25887	25922	1	0.142857
25887	25685	1	0.142857
25888	25472	6	0.002265
25888	25544	1	0.000378
25888	25463	1	0.000378
25888	25746	6	0.002265
25888	26000	2	0.000755
25888	25426	14	0.005285
25888	25331	2	0.000755
25888	25172	3	0.001133
25888	25461	2	0.000755
25888	25655	6	0.002265
25888	25976	1	0.000378
25888	25210	32	0.012080
25888	25661	6	0.002265
25904	25508	1	0.004310
25904	25544	2	0.008621
25904	25424	1	0.004310
25904	25396	7	0.030172
25904	25685	1	0.004310
25904	25751	3	0.012931
25904	25976	1	0.004310
25904	25661	1	0.004310
25378	25472	7	0.002935
25378	25992	1	0.000419
25378	25354	1	0.000419
25378	25868	1	0.000419
25378	25616	1	0.000419
25378	25751	11	0.004612
25378	25241	2	0.000839
25378	25246	3	0.001258
25378	25508	2	0.000839
25378	26032	1	0.000419
25378	25396	9	0.003774
25378	25398	1	0.000419
25378	25277	2	0.000839
25378	25544	3	0.001258
25378	26060	1	0.000419
25378	25976	2	0.000839
25378	25821	2	0.000839
25378	25319	4	0.001677
25378	25449	1	0.000419
25378	25323	2	0.000839
25378	25331	2	0.000839
25378	25717	3	0.001258
25378	25592	2	0.000839
25378	25599	1	0.000419
25892	25472	9	0.021378
25892	25312	1	0.002375
25892	25634	8	0.019002
25892	25508	2	0.004751
25892	25483	1	0.002375
25892	25218	1	0.002375
25892	26000	2	0.004751
25892	25330	3	0.007126
25892	25331	7	0.016627
25892	25396	1	0.002375
25892	25398	1	0.002375
25892	25751	1	0.002375
25892	25976	1	0.002375
25892	25177	2	0.004751
25892	25661	7	0.016627
25892	25246	1	0.002375
25894	25434	1	0.034483
25383	25330	4	0.125000
25759	25932	2	0.010000
25759	25751	2	0.010000
25901	25472	161	1.000000
25901	25280	1	0.006211
25901	25605	1	0.006211
25901	25646	3	0.018634
25901	25246	1	0.006211
25901	25951	1	0.006211
25390	25760	5	0.151515
25390	25704	13	0.393939
25390	25770	33	1.000000
25390	25838	1	0.030303
25390	25331	107	3.242424
25390	25751	1	0.030303
25390	25722	3	0.090909
25390	25180	1	0.030303
25390	25951	2	0.060606
25391	25204	26	2.000000
25392	26000	1	0.021739
25392	25331	2	0.043478
25392	25661	1	0.021739
25392	25646	46	1.000000
25480	25920	3	0.008621
25480	25706	5	0.014368
25480	25323	11	0.031609
25480	25676	1	0.002874
25480	25331	4	0.011494
25480	25396	4	0.011494
25480	25177	3	0.008621
25480	25884	8	0.022989
25480	25854	7	0.020115
25906	25472	1	0.013889
25906	25856	2	0.027778
25906	25602	3	0.041667
25906	25987	3	0.041667
25906	25993	2	0.027778
25906	26000	1	0.013889
25906	25710	2	0.027778
25906	25373	1	0.013889
25906	25246	2	0.027778
25906	25764	1	0.013889
25906	25641	1	0.013889
25906	25481	2	0.027778
25906	26042	1	0.013889
25906	25661	3	0.041667
25906	25312	1	0.013889
25906	25670	1	0.013889
25906	25160	3	0.041667
25906	25171	1	0.013889
25906	25429	2	0.027778
25906	25562	1	0.013889
25906	25952	2	0.027778
25906	25616	1	0.013889
25906	25958	1	0.013889
25906	25319	1	0.013889
25906	25197	2	0.027778
25906	25454	2	0.027778
25906	25456	1	0.013889
25906	25202	1	0.013889
25906	25331	2	0.027778
25906	25972	2	0.027778
25906	25717	1	0.013889
25906	25210	1	0.013889
25906	25685	1	0.013889
25907	25187	1	0.018868
25907	25224	2	0.037736
25907	25322	1	0.018868
25907	25325	1	0.018868
25907	25424	2	0.037736
25907	25331	1	0.018868
25907	25300	1	0.018868
25907	25751	1	0.018868
25907	25374	1	0.018868
25396	25472	9	0.005879
25396	25218	1	0.000653
25396	25988	2	0.001306
25396	25746	15	0.009798
25396	25751	1472	0.961463
25396	26009	3	0.001960
25396	25246	5	0.003266
25396	25760	1	0.000653
25396	25563	1	0.000653
25396	25508	1	0.000653
25396	25253	1	0.000653
25396	25767	1	0.000653
25396	25257	3	0.001960
25396	25902	1	0.000653
25396	25655	1	0.000653
25396	25544	18	0.011757
25396	26060	11	0.007185
25396	25552	5	0.003266
25396	25174	5	0.003266
25396	25177	7	0.004572
25396	25435	1	0.000653
25396	25821	2	0.001306
25396	25312	4	0.002613
25396	25313	1	0.000653
25396	25187	2	0.001306
25396	25319	1	0.000653
25396	25704	1	0.000653
25396	25323	6	0.003919
25396	25838	7	0.004572
25396	25331	1	0.000653
25396	25424	3	0.001960
25396	25976	1	0.000653
25396	25466	2	0.001306
25396	25468	2	0.001306
25396	25854	10	0.006532
25397	25433	31	1.000000
25397	25354	31	1.000000
25397	25995	31	1.000000
25397	25507	31	1.000000
25398	25354	42	5.250000
25398	25717	1	0.125000
25481	25472	1	0.010101
25481	25856	2	0.020202
25481	25602	3	0.030303
25481	25987	3	0.030303
25481	25993	2	0.020202
25481	26000	3	0.030303
25481	25710	2	0.020202
25481	25373	1	0.010101
25481	25246	2	0.020202
25481	25764	1	0.010101
25481	25641	1	0.010101
25481	25906	2	0.020202
25481	26042	1	0.010101
25481	25661	13	0.131313
25481	25312	1	0.010101
25481	25670	1	0.010101
25481	25160	3	0.030303
25481	25171	1	0.010101
25481	25429	2	0.020202
25481	25562	1	0.010101
25481	25952	2	0.020202
25481	25616	1	0.010101
25481	25958	1	0.010101
25481	25319	1	0.010101
25481	25197	2	0.020202
25481	25454	2	0.020202
25481	25456	1	0.010101
25481	25202	1	0.010101
25481	25331	2	0.020202
25481	25972	2	0.020202
25481	25717	1	0.010101
25481	25210	1	0.010101
25481	25685	1	0.010101
25401	25373	1	0.000174
25401	25443	3	0.000521
25401	25988	1	0.000174
25401	25323	3	0.000521
25401	25661	3	0.000521
25401	26063	9	0.001563
25401	25969	1	0.000174
25401	25746	3	0.000521
25401	26051	3	0.000521
25401	25749	3	0.000521
25401	25719	3	0.000521
25401	25476	3	0.000521
25401	25210	88	0.015283
25401	25402	9	0.001563
25401	25599	1	0.000174
25402	25472	1	0.000442
25402	25605	2	0.000883
25402	25487	1	0.000442
25402	26000	1	0.000442
25402	25751	1	0.000442
25402	25246	3	0.001325
25402	25646	1	0.000442
25402	26038	2	0.000883
25402	25926	3	0.001325
25402	25544	1	0.000442
25402	26063	1	0.000442
25402	25552	2	0.000883
25402	25443	1	0.000442
25402	25685	1	0.000442
25402	25303	1	0.000442
25402	25210	1	0.000442
25402	25424	10	0.004417
25402	25187	5	0.002208
25402	25704	16	0.007067
25402	25719	2	0.000883
25402	25976	1	0.000442
25402	25466	2	0.000883
25510	25473	2	0.000549
25510	25187	19	0.005211
25510	25803	17	0.004663
25510	25331	18	0.004937
25510	25204	1780	0.488206
25510	25751	2	0.000549
25510	25784	17	0.004663
25510	25311	17	0.004663
25408	25472	1	0.002353
25408	25857	1	0.002353
25408	25354	2	0.004706
25408	25487	2	0.004706
25408	25746	1	0.002353
25408	25751	4	0.009412
25408	25884	1217	2.863529
25408	25246	1	0.002353
25408	25633	2	0.004706
25408	25634	1	0.002353
25408	25945	1	0.002353
25408	25396	7	0.016471
25408	26039	2	0.004706
25408	25784	1	0.002353
25408	25670	2	0.004706
25408	25159	1	0.002353
25408	25544	2	0.004706
25408	25803	1	0.002353
25408	25685	4	0.009412
25408	25177	9	0.021176
25408	25722	1	0.002353
25408	25951	1	0.002353
25408	25187	1	0.002353
25408	25322	6	0.014118
25408	25323	194	0.456471
25408	25850	17	0.040000
25408	25854	11	0.025882
25409	25920	1	0.062500
25409	25746	1	0.062500
25922	25784	158	2.051948
25922	25187	1	0.012987
25922	25331	77	1.000000
25922	25685	4	0.051948
25922	25311	1	0.012987
25483	25634	1	0.000686
25483	26051	11	0.007545
25483	25572	2	0.001372
25483	25925	1	0.000686
25483	25992	2	0.001372
25483	25884	4	0.002743
25483	25746	3	0.002058
25483	25396	4	0.002743
25483	25685	1	0.000686
25483	25398	2	0.001372
25483	25976	4	0.002743
25483	25177	19113	13.109053
25483	25468	6	0.004115
25483	25854	1	0.000686
25483	25311	2	0.001372
25925	25992	4	0.002163
25925	25483	6	0.003245
25925	26000	2	0.001082
25925	25746	11	0.005949
25925	25884	8	0.004327
25925	25760	2	0.001082
25925	25634	3	0.001622
25925	25646	2	0.001082
25925	25396	4	0.002163
25925	25398	2	0.001082
25925	25922	2	0.001082
25925	26051	11	0.005949
25925	25159	2	0.001082
25925	26060	2	0.001082
25925	25685	3	0.001622
25925	25177	21326	11.533802
25925	25572	2	0.001082
25925	25322	4	0.002163
25925	25461	4	0.002163
25925	25976	4	0.002163
25925	25468	6	0.003245
25925	25854	9	0.004867
25926	25476	1	0.001183
25926	25644	1	0.001183
25926	26063	1	0.001183
25926	26000	1	0.001183
25926	25555	1	0.001183
25926	25751	1	0.001183
25926	25402	3	0.003550
25926	25487	7	0.008284
25926	25854	1	0.001183
25416	25331	2	0.011628
25416	25309	2	0.011628
25416	25621	2	0.011628
25931	25544	10	0.037594
25931	25354	163	0.612782
25931	25396	1	0.003759
25932	25945	2	0.004396
25932	25396	1	0.002198
25932	25759	13	0.028571
25424	25187	1	0.200000
25424	25396	1	0.200000
25424	25941	1	0.200000
25937	26000	4	0.076923
25426	25634	1	0.005464
25426	25187	1	0.005464
25426	25232	2	0.010929
25426	25331	2	0.010929
25426	25717	1	0.005464
25426	25976	2	0.010929
25426	25210	1	0.005464
25426	25661	5	0.027322
25428	25904	1	0.050000
25428	25717	1	0.050000
25428	25589	1	0.050000
25428	25311	3	0.150000
25429	25472	1	0.009709
25429	25856	2	0.019417
25429	25602	3	0.029126
25429	25987	3	0.029126
25429	25993	2	0.019417
25429	26000	3	0.029126
25429	25454	2	0.019417
25429	25373	1	0.009709
25429	25246	2	0.019417
25429	25764	1	0.009709
25429	25641	1	0.009709
25429	25906	2	0.019417
25429	25481	2	0.019417
25429	26042	1	0.009709
25429	25661	13	0.126214
25429	25312	1	0.009709
25429	25670	1	0.009709
25429	25160	3	0.029126
25429	25171	1	0.009709
25429	25685	1	0.009709
25429	25562	1	0.009709
25429	25952	2	0.019417
25429	25616	1	0.009709
25429	25958	1	0.009709
25429	25319	1	0.009709
25429	25197	2	0.019417
25429	25710	2	0.019417
25429	25456	1	0.009709
25429	25202	1	0.009709
25429	25331	2	0.019417
25429	25972	2	0.019417
25429	25717	1	0.009709
25429	25210	1	0.009709
25942	25210	4	0.102564
25433	25354	2	1.000000
25433	25995	2	1.000000
25433	25507	2	1.000000
25433	26015	2	1.000000
25434	25443	1	0.038462
25434	25988	1	0.038462
25434	25894	1	0.038462
25434	25495	1	0.038462
25434	25402	2	0.076923
25434	25661	26	1.000000
25434	25599	1	0.038462
25435	25188	1	0.001905
25435	25319	1	0.001905
25435	26057	1	0.001905
25435	25323	4	0.007619
25435	25177	1	0.001905
25435	25854	2	0.003810
25951	25187	4	0.040404
25951	25704	3	0.030303
25951	25770	96	0.969697
25951	25331	290	2.929293
25951	25685	1	0.010101
25951	25466	1	0.010101
25951	25821	1	0.010101
25951	25246	2	0.020202
25952	25633	22	2.000000
25952	25661	2	0.181818
25488	25988	2	0.002813
25488	25605	631	0.887482
25488	25616	3	0.004219
25488	25992	2	0.002813
25488	25614	5	0.007032
25488	26000	1	0.001406
25488	25619	5	0.007032
25488	26006	2	0.002813
25488	25373	3	0.004219
25488	25246	1	0.001406
25488	26016	3	0.004219
25488	25641	5	0.007032
25488	25900	2	0.002813
25488	25901	5	0.007032
25488	25646	2	0.002813
25488	25655	5	0.007032
25488	26041	5	0.007032
25488	25661	632	0.888889
25488	25676	3	0.004219
25488	26063	5	0.007032
25488	25169	5	0.007032
25488	25176	3	0.004219
25488	25569	5	0.007032
25488	25443	3	0.004219
25488	25452	5	0.007032
25488	25969	5	0.007032
25488	25461	6	0.008439
25488	25846	5	0.007032
25488	25977	2	0.002813
25488	25598	5	0.007032
25443	25323	1	0.002392
25443	25605	2	0.004785
25443	25159	1	0.002392
25443	25751	1	0.002392
25443	25490	1	0.002392
25443	25298	3	0.007177
25443	25719	4	0.009569
25443	25241	1	0.002392
25210	25331	1	0.045455
25210	25172	21	0.954545
25447	26022	1	0.007752
25447	25320	1	0.007752
25447	25302	3	0.023256
25447	25689	2	0.015504
25447	25852	4	0.031008
25447	26013	1	0.007752
25447	25246	1	0.007752
25448	25472	3	0.009967
25448	25616	1	0.003322
25448	25746	2	0.006645
25448	25751	300	0.996678
25448	25508	1	0.003322
25448	25767	1	0.003322
25448	25257	1	0.003322
25448	25821	1	0.003322
25448	25396	64	0.212625
25448	25544	1	0.003322
25448	26060	5	0.016611
25448	25552	1	0.003322
25448	25174	1	0.003322
25448	25177	1	0.003322
25448	25466	1	0.003322
25448	25312	2	0.006645
25448	25319	1	0.003322
25448	25704	1	0.003322
25448	25328	1	0.003322
25448	25210	1	0.003322
25448	25468	1	0.003322
25448	25854	1	0.003322
25449	25920	1	0.006667
25449	25473	2	0.013333
25449	25472	1	0.006667
25449	26022	1	0.006667
25449	25867	1	0.006667
25449	26060	2	0.013333
25449	25325	1	0.006667
25449	25904	1	0.006667
25449	26000	12	0.080000
25449	25490	4	0.026667
25449	25331	2	0.013333
25449	25204	1	0.006667
25449	25685	1	0.006667
25449	25174	1	0.006667
25449	25751	1	0.006667
25449	25688	1	0.006667
25449	25396	1	0.006667
25449	25466	1	0.006667
25449	25661	1	0.006667
25449	25854	1	0.006667
25450	25744	2	0.028571
25450	25331	1	0.014286
25450	25661	19	0.271429
25452	25472	6	0.032967
25452	25569	4	0.021978
25452	25988	156	0.857143
25452	25670	1	0.005495
25452	25704	1	0.005495
25452	25358	1	0.005495
25452	25169	110	0.604396
25452	25806	8	0.043956
25452	25592	4	0.021978
25452	25210	1	0.005495
25452	25373	110	0.604396
25452	25246	1	0.005495
25452	25951	1	0.005495
25490	25473	2	0.000549
25490	25187	19	0.005211
25490	25803	17	0.004663
25490	25331	18	0.004937
25490	25204	1780	0.488206
25490	25751	2	0.000549
25490	25784	17	0.004663
25490	25311	17	0.004663
25966	25668	3	0.300000
25966	25544	21	2.100000
25966	25354	7	0.700000
25966	25931	4	0.400000
25966	25330	3	0.300000
25966	25174	3	0.300000
25966	25850	11	1.100000
25967	25770	50	0.980392
25967	25331	150	2.941176
25968	25328	1	0.008065
25968	25258	1	0.008065
25968	25303	1	0.008065
25968	25751	122	0.983871
25969	25472	6	0.020134
25969	25280	1	0.003356
25969	25605	1	0.003356
25969	25838	1	0.003356
25969	25424	4	0.013423
25969	26038	1	0.003356
25969	25210	1	0.003356
25972	25472	1	0.013889
25972	25856	2	0.027778
25972	25602	3	0.041667
25972	25987	3	0.041667
25972	25993	2	0.027778
25972	26000	1	0.013889
25972	25710	2	0.027778
25972	25373	1	0.013889
25972	25246	2	0.027778
25972	25764	1	0.013889
25972	25641	1	0.013889
25972	25906	2	0.027778
25972	25481	2	0.027778
25972	26042	1	0.013889
25972	25661	3	0.041667
25972	25312	1	0.013889
25972	25670	1	0.013889
25972	25160	3	0.041667
25972	25171	1	0.013889
25972	25429	2	0.027778
25972	25562	1	0.013889
25972	25952	2	0.027778
25972	25616	1	0.013889
25972	25958	1	0.013889
25972	25319	1	0.013889
25972	25197	2	0.027778
25972	25454	2	0.027778
25972	25456	1	0.013889
25972	25202	1	0.013889
25972	25331	2	0.027778
25972	25717	1	0.013889
25972	25210	1	0.013889
25972	25685	1	0.013889
25461	25488	2	0.001186
25461	25744	1	0.000593
25461	25246	1	0.000593
25461	26018	1	0.000593
25461	25901	6	0.003557
25461	25181	1	0.000593
25461	25396	1	0.000593
25461	25630	2	0.001186
25461	26038	2	0.001186
25461	25569	4	0.002371
25461	25544	175	0.103734
25461	25424	5	0.002964
25461	25298	7	0.004149
25461	25443	1	0.000593
25461	25685	1	0.000593
25461	25303	2	0.001186
25461	25177	1	0.000593
25461	25466	1	0.000593
25461	25951	2	0.001186
25461	25552	1	0.000593
25461	25187	5	0.002964
25461	25328	1	0.000593
25461	25331	1	0.000593
25461	25719	329	0.195021
25461	25210	1	0.000593
25461	25599	5	0.002964
25974	25210	238	0.995816
25463	25472	6	0.002208
25463	25544	1	0.000368
25463	25746	6	0.002208
25463	26000	2	0.000736
25463	25426	14	0.005153
25463	25331	2	0.000736
25463	25172	3	0.001104
25463	25461	2	0.000736
25463	25655	6	0.002208
25463	25976	1	0.000368
25463	25210	184	0.067722
25463	25661	6	0.002208
25976	25319	1	0.000455
25976	25331	1230	0.559600
25976	25204	1230	0.559600
25976	25717	380	0.172884
25976	25688	1230	0.559600
25976	25177	2	0.000910
25976	26011	17	0.007734
25977	25472	4	0.005548
25977	25992	1	0.001387
25977	25614	1	0.001387
25977	26006	1	0.001387
25977	25373	1	0.001387
25977	25631	38	0.052705
25977	26022	1	0.001387
25977	25641	2	0.002774
25977	25900	1	0.001387
25977	25646	1	0.001387
25977	25398	17	0.023578
25977	26041	1	0.001387
25977	25424	4	0.005548
25977	25176	1	0.001387
25977	25951	1	0.001387
25977	25569	1	0.001387
25977	25187	8	0.011096
25977	25969	1	0.001387
25977	25461	1	0.001387
25977	25846	1	0.001387
25977	25976	5	0.006935
25977	25721	1	0.001387
25466	25808	2	0.105263
25468	26051	1	0.015385
25468	26060	1	0.015385
25468	26000	2	0.030769
25468	25746	1	0.015385
25468	25331	1	0.015385
25468	25749	1	0.015385
25468	25177	4	0.061538
25981	25246	1	0.010000
25472	25760	1	0.002088
25472	26032	2	0.004175
25472	25187	1	0.002088
25472	26020	1	0.002088
25472	25868	1	0.002088
25472	25298	2	0.004175
25472	25487	2	0.004175
25472	25904	1	0.002088
25472	25969	1	0.002088
25472	25330	1	0.002088
25472	25331	2	0.004175
25472	25988	1	0.002088
25472	25626	1	0.002088
25473	25449	1	0.012346
25473	25275	1	0.012346
25473	25751	1	0.012346
25473	25331	1	0.012346
25474	26000	3	0.300000
25474	25331	10	1.000000
25474	25204	3	0.300000
25987	25616	3	0.010033
25987	25890	2	0.006689
25987	25764	12	0.040134
25987	25670	38	0.127090
25987	25641	3	0.010033
25987	26000	3	0.010033
25987	25746	4	0.013378
25987	25751	6	0.020067
25987	25945	3	0.010033
25988	25472	2	0.005263
25988	25569	9	0.023684
25988	25452	7	0.018421
25988	25641	9	0.023684
25988	25674	5	0.013158
25988	25676	8	0.021053
25988	25901	9	0.023684
25988	25614	8	0.021053
25988	26063	9	0.023684
25988	25969	8	0.021053
25988	25846	8	0.021053
25988	25210	2	0.005263
25988	25277	6	0.015789
25988	25598	8	0.021053
25989	25472	6	0.002306
25989	25544	1	0.000384
25989	25463	1	0.000384
25989	25746	6	0.002306
25989	26000	2	0.000769
25989	25426	14	0.005380
25989	25331	2	0.000769
25989	25172	3	0.001153
25989	25461	2	0.000769
25989	25655	6	0.002306
25989	25976	1	0.000384
25989	25210	32	0.012298
25989	25661	6	0.002306
25478	25544	1	0.006667
25478	25552	1	0.006667
25478	25746	2	0.013333
25478	25396	5	0.033333
25478	25781	1	0.006667
25478	25751	2	0.013333
25478	25177	3	0.020000
25992	25472	9	0.003425
25992	25552	1	0.000381
25992	25258	3	0.001142
25992	25322	1	0.000381
25992	25488	2	0.000761
25992	25880	1	0.000381
25992	25373	1	0.000381
25992	25374	2	0.000761
25992	25760	1	0.000381
25992	25507	2	0.000761
25992	25636	2	0.000761
25992	25770	1	0.000381
25992	25905	2	0.000761
25992	25396	1	0.000381
25992	25630	63	0.023973
25992	25398	1	0.000381
25992	26039	67	0.025495
25992	25661	6	0.002283
25992	25717	1	0.000381
25992	25921	3	0.001142
25992	25544	4	0.001522
25992	25290	4	0.001522
25992	25676	2	0.000761
25992	25424	2	0.000761
25992	25298	3	0.001142
25992	25175	2	0.000761
25992	25177	1	0.000381
25992	25181	10	0.003805
25992	26000	4	0.001522
25992	25706	1	0.000381
25992	25202	1	0.000381
25992	25331	5	0.001903
25992	25204	4	0.001522
25992	25589	1	0.000381
25992	25719	1	0.000381
25992	25592	1	0.000381
25992	25210	2	0.000761
25992	25642	1	0.000381
25992	25598	2	0.000761
25992	25599	2	0.000761
25993	25472	1	0.010526
25993	25856	2	0.021053
25993	25602	3	0.031579
25993	25987	3	0.031579
25993	25481	2	0.021053
25993	26000	3	0.031579
25993	25710	2	0.021053
25993	25373	1	0.010526
25993	25246	2	0.021053
25993	25764	1	0.010526
25993	25641	1	0.010526
25993	25906	2	0.021053
25993	26042	1	0.010526
25993	25661	13	0.136842
25993	25312	1	0.010526
25993	25670	1	0.010526
25993	25160	3	0.031579
25993	25171	1	0.010526
25993	25429	2	0.021053
25993	25562	1	0.010526
25993	25952	2	0.021053
25993	25616	1	0.010526
25993	25958	1	0.010526
25993	25319	1	0.010526
25993	25197	2	0.021053
25993	25454	2	0.021053
25993	25456	1	0.010526
25993	25202	1	0.010526
25993	25331	2	0.021053
25993	25972	2	0.021053
25993	25717	1	0.010526
25993	25210	1	0.010526
25993	25685	1	0.010526
25995	25433	2	1.000000
25995	25354	2	1.000000
25995	25507	2	1.000000
25998	25472	1	0.003135
25998	25661	1	0.003135
25999	25210	1	0.071429
26000	25473	1	0.001335
26000	25218	1	0.001335
26000	25987	1	0.001335
26000	25764	2	0.002670
26000	25231	29	0.038718
26000	25241	3	0.004005
26000	25626	1	0.001335
26000	26011	2	0.002670
26000	25636	1	0.001335
26000	25670	2	0.002670
26000	25894	1	0.001335
26000	26032	1	0.001335
26000	25522	1	0.001335
26000	26039	1	0.001335
26000	25913	1	0.001335
26000	25661	9	0.012016
26000	25794	1	0.001335
26000	25926	1	0.001335
26000	25290	1	0.001335
26000	25931	1	0.001335
26000	25932	1	0.001335
26000	25807	1	0.001335
26000	25424	2	0.002670
26000	25848	1	0.001335
26000	25685	2	0.002670
26000	25177	3	0.004005
26000	25821	1	0.001335
26000	25187	1	0.001335
26000	25466	2	0.002670
26000	25329	1	0.001335
26000	25714	1	0.001335
26000	25331	6	0.008011
26000	25717	1	0.001335
26000	25976	15	0.020027
26000	25210	6	0.008011
26000	25468	14	0.018692
25489	25472	4	0.004768
25489	25569	2	0.002384
25489	25187	1	0.001192
25489	25605	88	0.104887
25489	25202	1	0.001192
25489	25614	4	0.004768
25489	26032	2	0.002384
25489	25298	1	0.001192
25489	25746	543	0.647199
25489	25619	531	0.632896
25489	26006	531	0.632896
25489	25331	2	0.002384
25489	25176	531	0.632896
25489	25977	531	0.632896
25489	25402	39	0.046484
25489	25661	1	0.001192
25489	25599	544	0.648391
26002	25472	1	0.041667
26002	25904	3	0.125000
26002	25474	1	0.041667
26002	25322	1	0.041667
26002	26000	1	0.041667
26002	25331	4	0.166667
26002	25204	5	0.208333
26002	25685	1	0.041667
26002	25976	24	1.000000
26002	25821	1	0.041667
26002	25311	1	0.041667
25923	25218	1	0.083333
25923	25331	2	0.166667
25492	25760	5	0.156250
25492	25704	10	0.312500
25492	25770	32	1.000000
25492	25331	104	3.250000
25492	25751	1	0.031250
25492	25722	3	0.093750
25492	25180	1	0.031250
25492	25951	2	0.062500
26006	25472	1	0.001548
26006	26000	1	0.001548
26006	25488	1	0.001548
26006	25187	5	0.007740
26006	25398	1	0.001548
26006	25569	3	0.004644
26006	25323	1	0.001548
26006	25293	1	0.001548
26006	25424	1	0.001548
26006	25298	9	0.013932
26006	25331	1	0.001548
26006	26038	1	0.001548
26006	25303	1	0.001548
26006	26032	2	0.003096
26006	25626	1	0.001548
26006	25441	1	0.001548
26008	26016	1	0.027027
26008	25992	1	0.027027
26008	25641	1	0.027027
26008	25646	1	0.027027
26008	25616	1	0.027027
26008	25461	1	0.027027
26008	26041	1	0.027027
26008	25402	1	0.027027
26008	25373	4	0.108108
26008	25599	1	0.027027
26010	26032	9	3.000000
26011	25976	33	0.037162
26011	26000	1	0.001126
26012	25661	2	0.007299
26012	25246	1	0.003650
25501	25443	2	0.009217
25501	25447	1	0.004608
25501	25992	2	0.009217
25501	25646	2	0.009217
25501	25373	2	0.009217
25501	25302	6	0.027650
25501	26041	2	0.009217
25501	25210	2	0.009217
25501	25402	2	0.009217
26014	25472	2	0.001635
26014	25992	1	0.000818
26014	25354	5	0.004088
26014	25616	1	0.000818
26014	25746	20	0.016353
26014	25751	1	0.000818
26014	25880	27	0.022077
26014	25241	1	0.000818
26014	25374	1	0.000818
26014	26016	1	0.000818
26014	25633	1	0.000818
26014	25378	1	0.000818
26014	25641	1	0.000818
26014	25902	1	0.000818
26014	25544	2	0.001635
26014	25673	1	0.000818
26014	25552	2	0.001635
26014	25297	1	0.000818
26014	25177	2	0.001635
26014	25311	2	0.001635
26014	25443	1	0.000818
26014	25322	2	0.001635
26014	25323	1	0.000818
26014	25201	1	0.000818
26014	25202	6	0.004906
26014	25846	1	0.000818
26014	25976	9	0.007359
26014	25981	3	0.002453
26014	25854	3	0.002453
26014	25599	2	0.001635
26015	25952	1	0.007194
26015	25892	1	0.007194
26015	25709	1	0.007194
26016	25424	1	0.000859
26016	25443	1	0.000859
26016	25572	3	0.002577
26016	25616	1	0.000859
26016	25544	1	0.000859
26016	25900	4	0.003436
26016	25614	1	0.000859
26016	25552	1	0.000859
26016	25846	1	0.000859
26016	26041	1	0.000859
26016	25402	1	0.000859
26016	25599	3	0.002577
26017	25187	1	0.006536
26017	25428	1	0.006536
26017	25589	148	0.967320
26018	25599	1	0.020833
25507	25187	20	0.059347
26020	26016	1	0.062500
26060	25187	1	0.007353
26060	25572	1	0.007353
26060	25241	1	0.007353
26060	25325	1	0.007353
26060	25323	1	0.007353
26060	25778	4	0.029412
26060	25646	1	0.007353
26060	25490	2	0.014706
26060	26000	1	0.007353
26060	25746	25	0.183824
26060	25331	2	0.014706
26060	25396	2	0.014706
26060	25749	3	0.022059
26060	25174	1	0.007353
26060	25751	5	0.036765
26060	25976	2	0.014706
26060	25177	3	0.022059
26060	25210	1	0.007353
26060	25884	1	0.007353
26060	25854	2	0.014706
26060	25599	1	0.007353
25494	26000	28	0.222222
25494	26032	1	0.007937
25494	25210	5	0.039683
25494	25177	3	0.023810
25905	26038	3	0.004511
25905	25331	1	0.001504
25905	25172	3	0.004511
25905	25270	3	0.004511
25905	25751	1	0.001504
25905	25976	1	0.001504
25905	25210	19	0.028571
25513	25210	1	0.026316
25159	25322	14	0.134615
25159	25187	2	0.019231
25159	25323	61	0.586538
25519	25472	1	0.005405
25519	25902	1	0.005405
25519	26000	2	0.010811
25519	25746	1	0.005405
25519	25331	1	0.005405
25519	25396	2	0.010811
25519	25717	1	0.005405
25519	25661	2002	10.821622
25685	25472	26	0.500000
25685	25634	26	0.500000
25685	25508	26	0.500000
25685	25177	26	0.500000
25685	25159	26	0.500000
25685	25544	34	0.653846
25685	25175	26	0.500000
25685	25323	26	0.500000
25685	25821	146	2.807692
25685	25784	26	0.500000
25685	25330	27	0.519231
25685	25396	26	0.500000
25685	25751	26	0.500000
25685	25976	26	0.500000
25685	25241	52	1.000000
25685	25354	26	0.500000
25685	25854	26	0.500000
25672	25668	1	0.033333
25672	25174	1	0.033333
25697	25331	5	1.000000
25524	25396	2	0.090909
26038	25424	2	0.019048
26038	25466	2	0.019048
26038	25187	1	0.009524
26038	25717	2	0.019048
26039	25472	1	0.001183
26039	25732	1	0.001183
26039	25177	1	0.001183
26039	25354	2	0.002367
26039	26000	6	0.007101
26039	25746	9	0.010651
26039	25751	2	0.002367
26039	25884	4	0.004734
26039	25246	16	0.018935
26039	25642	4	0.004734
26039	25396	1	0.001183
26039	25374	1	0.001183
26039	25397	1	0.001183
26039	25920	1	0.001183
26039	25922	1	0.001183
26039	25544	9	0.010651
26039	25290	3	0.003550
26039	25552	1	0.001183
26039	25305	1	0.001183
26039	25821	2	0.002367
26039	25319	1	0.001183
26039	25449	2	0.002367
26039	25322	3	0.003550
26039	25323	4	0.004734
26039	25854	2	0.002367
26039	25717	1	0.001183
26039	25598	4	0.004734
26041	25992	1	0.001961
26041	25258	1	0.001961
26041	25646	1	0.001961
26041	25616	1	0.001961
26041	25298	1	0.001961
26041	25331	1	0.001961
26041	25461	10	0.019608
26041	25719	1	0.001961
26041	25402	1	0.001961
26042	25472	1	0.014286
26042	25856	2	0.028571
26042	25602	3	0.042857
26042	25987	3	0.042857
26042	25993	2	0.028571
26042	26000	1	0.014286
26042	25710	2	0.028571
26042	25373	1	0.014286
26042	25246	2	0.028571
26042	25764	1	0.014286
26042	25641	1	0.014286
26042	25906	2	0.028571
26042	25481	2	0.028571
26042	25661	3	0.042857
26042	25312	1	0.014286
26042	25670	1	0.014286
26042	25160	3	0.042857
26042	25171	1	0.014286
26042	25429	2	0.028571
26042	25562	1	0.014286
26042	25952	2	0.028571
26042	25616	1	0.014286
26042	25958	1	0.014286
26042	25319	1	0.014286
26042	25197	2	0.028571
26042	25454	2	0.028571
26042	25456	1	0.014286
26042	25202	1	0.014286
26042	25331	2	0.028571
26042	25972	2	0.028571
26042	25717	1	0.014286
26042	25210	1	0.014286
26042	25685	1	0.014286
26043	25210	4	0.001993
25674	25424	1	0.005747
25674	25569	6	0.034483
25674	25472	2	0.011494
25674	25988	91	0.522989
25674	25241	7	0.040230
25535	25472	1503	1.996016
25535	25892	1	0.001328
25535	25646	1	0.001328
25535	25231	1	0.001328
25535	26000	10	0.013280
25535	25619	1	0.001328
25535	25305	1	0.001328
25537	25443	1	0.003344
26051	26000	1	0.026316
26051	25177	18	0.473684
25503	25466	1	0.014706
25541	26000	2	0.008734
25541	25194	2	0.008734
25541	25330	2	0.008734
25544	25475	1	0.005076
25544	25476	1	0.005076
25544	25992	1	0.005076
25544	25354	753	3.822335
25544	25872	1	0.005076
25544	25987	1	0.005076
25544	26006	1	0.005076
25544	25751	2	0.010152
25544	26016	1	0.005076
25544	25636	1	0.005076
25544	26022	1	0.005076
25544	25900	1	0.005076
25544	25646	1	0.005076
25544	25396	3	0.015228
25544	25397	1	0.005076
25544	26041	1	0.005076
25544	25402	1	0.005076
25544	25290	1	0.005076
25544	25922	1	0.005076
25544	25926	1	0.005076
25544	25799	1	0.005076
25544	25416	1	0.005076
25544	25162	1	0.005076
25544	25931	12	0.060914
25544	25932	1	0.005076
25544	25297	1	0.005076
25544	25175	1	0.005076
25544	25177	1	0.005076
25544	25616	1	0.005076
25544	25443	1	0.005076
25544	25704	1	0.005076
25544	25329	1	0.005076
25544	25461	1	0.005076
25544	25848	1	0.005076
25544	25981	1	0.005076
25545	25210	249	0.992032
25547	25472	1	0.001142
25547	25857	1	0.001142
25547	25177	9	0.010274
25547	25354	2	0.002283
25547	25487	2	0.002283
25547	25746	14	0.015982
25547	25751	4	0.004566
25547	25884	2682	3.061644
25547	25246	1	0.001142
25547	25633	2	0.002283
25547	25634	1	0.001142
25547	25396	7	0.007991
25547	26039	2	0.002283
25547	25784	5	0.005708
25547	25920	2	0.002283
25547	25670	2	0.002283
25547	25159	1	0.001142
25547	25544	2	0.002283
25547	25803	1	0.001142
25547	25685	4	0.004566
25547	25174	2	0.002283
25547	25945	1	0.001142
25547	25722	1	0.001142
25547	25951	1	0.001142
25547	25187	1	0.001142
25547	25322	6	0.006849
25547	25323	457	0.521689
25547	25850	17	0.019406
25547	25854	12	0.013699
25548	25330	2	0.333333
25548	25204	50	8.333333
25549	26000	1	0.027778
26062	25473	2	0.000564
26062	25187	18	0.005078
26062	25803	16	0.004513
26062	25331	14	0.003949
26062	25204	1637	0.461777
26062	25751	2	0.000564
26062	25784	16	0.004513
26062	25311	16	0.004513
26063	25488	4	0.007394
26063	25187	2	0.003697
26063	25988	26	0.048059
26063	25951	2	0.003697
25552	25472	9	0.006173
25552	25218	1	0.000686
25552	25988	2	0.001372
25552	25746	15	0.010288
25552	25751	1425	0.977366
25552	26009	3	0.002058
25552	25246	5	0.003429
25552	25760	1	0.000686
25552	25508	1	0.000686
25552	25253	1	0.000686
25552	25767	1	0.000686
25552	25257	3	0.002058
25552	25902	1	0.000686
25552	25396	138	0.094650
25552	25655	1	0.000686
25552	25544	18	0.012346
25552	26060	11	0.007545
25552	25424	3	0.002058
25552	25174	5	0.003429
25552	25303	1	0.000686
25552	25177	7	0.004801
25552	25563	1	0.000686
25552	25821	2	0.001372
25552	25312	4	0.002743
25552	25313	1	0.000686
25552	25187	2	0.001372
25552	25319	1	0.000686
25552	25704	1	0.000686
25552	25323	6	0.004115
25552	25838	7	0.004801
25552	25331	1	0.000686
25552	25976	1	0.000686
25552	25466	2	0.001372
25552	25468	2	0.001372
25552	25854	10	0.006859
25848	26016	2	0.003096
25848	25217	44	0.068111
25848	25922	2	0.003096
25848	25443	2	0.003096
25848	25478	1	0.001548
25848	25544	2	0.003096
25848	25449	5	0.007740
25848	25614	4	0.006192
25848	25231	3	0.004644
25848	26000	14	0.021672
25848	25204	2	0.003096
25848	25398	4	0.006192
25848	25246	16	0.024768
25848	25599	4	0.006192
25555	25472	2	0.002976
25555	25544	2	0.002976
25555	25354	2	0.002976
25555	25331	4	0.005952
25555	25398	2	0.002976
25556	25331	1	0.011628
25556	25751	1	0.011628
25557	25746	1	0.032258
25557	25751	1	0.032258
25941	25770	29	1.000000
25941	25331	87	3.000000
25561	25472	1	0.004292
25561	26000	2	0.008584
25561	25474	1	0.004292
25561	25322	1	0.004292
25561	25904	3	0.012876
25561	25331	2	0.008584
25561	25204	9	0.038627
25561	25685	2	0.008584
25561	25976	227	0.974249
25561	25821	1	0.004292
25561	25311	2	0.008584
25562	26016	1	0.016393
25562	25988	1	0.016393
25562	26006	1	0.016393
25562	25992	1	0.016393
25562	25900	1	0.016393
25562	25452	1	0.016393
25562	25646	1	0.016393
25562	25373	1	0.016393
25562	25616	1	0.016393
25562	25619	1	0.016393
25562	25641	1	0.016393
25562	25846	3	0.049180
25562	25331	2	0.032787
25562	26041	1	0.016393
25562	25402	1	0.016393
25562	25661	2	0.032787
25562	25599	1	0.016393
25564	25472	1	0.037037
25564	25443	1	0.037037
25564	25661	200	7.407407
25564	25430	1	0.037037
25765	25544	2	0.002786
25765	25816	2	0.002786
25765	25746	2	0.002786
25765	25331	2	0.002786
25765	25751	2	0.002786
25568	25472	3	0.044776
25568	25218	1	0.014925
25568	25354	1	0.014925
25568	25751	2	0.029851
25568	25241	2	0.029851
25568	25246	1	0.014925
25568	25634	9	0.134328
25568	25508	1	0.014925
25568	25396	2	0.029851
25568	25398	1	0.014925
25568	25784	1	0.014925
25568	25159	1	0.014925
25568	25544	1	0.014925
25568	25175	1	0.014925
25568	25177	4	0.059701
25568	25821	1	0.014925
25568	25312	1	0.014925
25568	25187	2	0.029851
25568	25210	1	0.014925
25568	25323	1	0.014925
25568	25330	4	0.059701
25568	25331	6	0.089552
25568	25204	31	0.462687
25568	25976	2	0.029851
25568	25466	1	0.014925
25568	25854	1	0.014925
25569	25472	5	0.025773
25569	25373	2	0.010309
25569	25988	193	0.994845
25569	25704	1	0.005155
25569	25641	1	0.005155
25569	25674	1	0.005155
25569	25452	1	0.005155
25569	25901	1	0.005155
25569	25614	1	0.005155
25569	26063	1	0.005155
25569	25676	1	0.005155
25569	25969	1	0.005155
25569	25298	1	0.005155
25569	25544	1	0.005155
25569	25646	1	0.005155
25569	25846	1	0.005155
25569	26041	1	0.005155
25569	25277	1	0.005155
25569	25598	1	0.005155
25570	26016	3	0.003886
25570	25270	8	0.010363
25570	26038	12	0.015544
25570	25224	3	0.003886
25570	25424	6	0.007772
25570	25302	3	0.003886
25570	25599	3	0.003886
25570	26012	3	0.003886
25570	26013	4	0.005181
25570	25951	4	0.005181
25487	25920	2	0.001869
25487	25476	4	0.003738
25487	25926	4	0.003738
25487	25544	1	0.000935
25487	25323	1	0.000935
25487	26063	1	0.000935
25487	25552	1	0.000935
25487	25746	1	0.000935
25487	25555	3	0.002804
25487	25246	1	0.000935
25487	25174	2	0.001869
25487	25751	4	0.003738
25487	25976	1	0.000935
25487	25402	4	0.003738
25487	25210	1	0.000935
25487	25854	1	0.000935
25573	25904	130	8.666667
25574	25303	1	0.083333
25578	26022	132	44.000000
25579	25544	5	0.016077
25579	25331	5	0.016077
25583	25473	54	0.981818
25583	25331	54	0.981818
25583	25204	54	0.981818
25583	25374	56	1.018182
25583	25311	54	0.981818
25588	25472	28	0.337349
25588	25218	14	0.168675
25588	25354	26	0.313253
25588	25868	4	0.048193
25588	25751	28	0.337349
25588	25241	52	0.626506
25588	25634	26	0.313253
25588	25508	26	0.313253
25588	25257	2	0.024096
25588	25902	2	0.024096
25588	25396	34	0.409639
25588	25784	26	0.313253
25588	25661	2	0.024096
25588	25159	26	0.313253
25588	25544	51	0.614458
25588	25685	155	1.867470
25588	25175	26	0.313253
25588	25177	26	0.313253
25588	25821	182	2.192771
25588	25323	26	0.313253
25588	25330	27	0.325301
25588	25976	26	0.313253
25588	25854	26	0.313253
25589	26017	23	0.150327
25589	25187	1	0.006536
25589	25428	1	0.006536
25594	25634	1	0.012500
25594	25187	1	0.012500
25594	25669	2	0.025000
25594	25192	1	0.012500
25594	25490	1	0.012500
25594	25902	1	0.012500
25594	26000	3	0.037500
25594	25746	1	0.012500
25594	25331	4	0.050000
25594	25396	2	0.025000
25594	25717	2	0.025000
25594	25204	1	0.012500
25594	25605	1	0.012500
25594	25311	1	0.012500
25770	25857	104	0.888889
25770	25318	104	0.888889
25770	25704	1	0.008547
25770	25308	104	0.888889
25770	25803	108	0.923077
25770	25196	104	0.888889
25770	25838	3	0.025641
25770	25967	104	0.888889
25770	25424	110	0.940171
25770	25331	324	2.769231
25770	25941	103	0.880342
25770	25722	104	0.888889
25770	25180	104	0.888889
25770	25685	103	0.880342
25770	25951	108	0.923077
25598	25472	1	0.003049
25598	25988	1	0.003049
25598	25992	3	0.009146
25598	25258	2	0.006098
25598	25488	2	0.006098
25598	25896	2	0.006098
25599	25605	1	0.000818
25599	25224	1	0.000818
25599	25616	1	0.000818
25599	25490	1	0.000818
25599	25619	21	0.017185
25599	26006	19	0.015548
25599	25631	1	0.000818
25599	26016	2	0.001637
25599	25396	1	0.000818
25599	26038	2	0.001637
25599	25655	22	0.018003
25599	25661	1	0.000818
25599	25280	2	0.001637
25599	25424	2	0.001637
25599	25169	1	0.000818
25599	25298	3	0.002455
25599	25176	19	0.015548
25599	25488	67	0.054828
25599	25187	2	0.001637
25599	25704	32	0.026187
25599	25746	25	0.020458
25599	25977	20	0.016367
