Src	Trg	LinkCount	RelLinkCount
47104	47520	2	0.007812
47104	47365	4	0.015625
47104	46734	1	0.003906
47104	47056	1	0.003906
47104	46931	2	0.007812
47104	46840	14	0.054688
47105	46944	3	0.088235
47105	47532	2	0.058824
47105	46870	2	0.058824
47106	47105	1	0.025000
47106	47238	1	0.025000
47106	46731	1	0.025000
47106	46865	1	0.025000
47106	47380	1	0.025000
47106	46870	22	0.550000
47106	47337	1	0.025000
47106	46769	1	0.025000
47106	47273	1	0.025000
47106	46897	1	0.025000
47106	47414	1	0.025000
47106	47293	1	0.025000
47106	47557	1	0.025000
47106	47056	12	0.300000
47106	47441	1	0.025000
47106	47316	1	0.025000
47106	46806	1	0.025000
47106	46810	1	0.025000
47106	46817	1	0.025000
47106	47204	1	0.025000
47106	47590	1	0.025000
47106	47079	1	0.025000
47106	46825	397	9.925000
47106	47469	5	0.125000
47106	47088	1	0.025000
47106	47090	1	0.025000
47106	47230	1	0.025000
47106	47593	1	0.025000
47106	46841	1	0.025000
47106	46842	11	0.275000
47106	46974	1	0.025000
47107	46883	2	0.001800
47107	47078	1	0.000900
47107	47206	8	0.007201
47107	47463	2	0.001800
47107	47056	14	0.012601
47107	46898	2	0.001800
47107	47478	1	0.000900
47107	47255	4	0.003600
47109	47056	14	0.583333
47109	46883	1	0.041667
47109	47015	1	0.041667
47111	47363	4	0.057143
47111	46916	1	0.014286
47111	47181	1	0.014286
47111	47056	10	0.142857
47111	47478	7	0.100000
47111	47255	1	0.014286
47111	46842	1	0.014286
47112	47056	9	3.000000
47112	47284	3	1.000000
47112	47206	3	1.000000
47113	47056	592	0.986667
47113	46776	4	0.006667
47113	47580	584	0.973333
47113	46758	4	0.006667
47113	46870	4	0.006667
47114	46976	1	0.000695
47114	47296	1	0.000695
47114	47490	1	0.000695
47114	46979	1	0.000695
47114	47500	1	0.000695
47114	46734	6	0.004170
47114	46870	2	0.001390
47114	47134	14	0.009729
47114	46754	6	0.004170
47114	47141	1	0.000695
47114	46892	3	0.002085
47114	46895	1	0.000695
47114	47284	2	0.001390
47114	47419	1	0.000695
47114	46909	2	0.001390
47114	46911	1	0.000695
47114	47552	1	0.000695
47114	46916	4	0.002780
47114	46789	2	0.001390
47114	46790	1	0.000695
47114	47434	5	0.003475
47114	47565	1	0.000695
47114	47056	5	0.003475
47114	46935	1	0.000695
47114	46936	1	0.000695
47114	47588	9	0.006254
47114	47578	7	0.004864
47114	46692	1	0.000695
47114	47206	35	0.024322
47114	47078	1	0.000695
47114	47208	1	0.000695
47114	46827	1	0.000695
47114	46831	1	0.000695
47114	47101	2	0.001390
47115	47056	4	0.008677
47115	47181	1	0.002169
47115	46734	461	1.000000
47116	47056	93	3.000000
47116	47580	3	0.096774
47117	47056	332	3.688889
47118	47396	1	0.016667
47118	47206	5	0.083333
47119	47181	2	0.008889
47121	46780	1	0.003012
47121	47236	506	1.524096
47121	47173	1	0.003012
47121	47047	506	1.524096
47121	46985	1	0.003012
47121	47083	1	0.003012
47121	47056	563	1.695783
47121	46789	2	0.006024
47121	46819	1	0.003012
47121	47156	1	0.003012
47121	47063	1	0.003012
47121	46756	1	0.003012
47121	47322	506	1.524096
47121	47044	1	0.003012
47121	47199	1	0.003012
47122	47101	5	0.138889
47124	46800	3	0.005660
47124	46789	3	0.005660
47124	47206	14	0.026415
47124	47056	12	0.022642
47124	46870	3	0.005660
47124	46935	2	0.003774
47124	47033	3	0.005660
47124	47419	3	0.005660
47124	47141	1	0.001887
47125	46840	1	0.016667
47125	47441	1	0.016667
47125	46842	1	0.016667
47125	46789	1	0.016667
47125	46870	6	0.100000
47127	47105	1	0.025000
47127	47238	1	0.025000
47127	46731	1	0.025000
47127	46865	1	0.025000
47127	47380	1	0.025000
47127	46870	22	0.550000
47127	47337	1	0.025000
47127	46769	1	0.025000
47127	47273	1	0.025000
47127	46897	1	0.025000
47127	47414	1	0.025000
47127	47293	1	0.025000
47127	47557	1	0.025000
47127	47056	12	0.300000
47127	47441	1	0.025000
47127	47316	1	0.025000
47127	46806	1	0.025000
47127	46810	1	0.025000
47127	46817	1	0.025000
47127	47204	1	0.025000
47127	47590	1	0.025000
47127	47079	1	0.025000
47127	46825	397	9.925000
47127	47469	5	0.125000
47127	47088	1	0.025000
47127	47090	1	0.025000
47127	47230	1	0.025000
47127	47593	1	0.025000
47127	46841	1	0.025000
47127	46842	11	0.275000
47127	46974	1	0.025000
47128	47056	120	0.182648
47128	47563	1	0.001522
47130	46888	4	0.800000
47131	47232	2	0.005063
47131	47297	2	0.005063
47131	47363	2	0.005063
47131	46784	2	0.005063
47131	46789	106	0.268354
47131	46758	2	0.005063
47131	46985	2	0.005063
47131	47147	2	0.005063
47131	47190	1	0.002532
47131	47056	15	0.037975
47131	47441	1	0.002532
47131	46800	1	0.002532
47131	47478	8	0.020253
47131	47385	2	0.005063
47131	46842	13	0.032911
47131	47142	2	0.005063
47131	46972	22	0.055696
47131	47134	2	0.005063
47132	46913	2	0.001692
47132	47427	2	0.001692
47132	47206	12	0.010152
47132	47563	4	0.003384
47132	47056	16	0.013536
47132	46838	6	0.005076
47132	47255	8	0.006768
47132	46840	2	0.001692
47133	47206	1	0.017544
47138	47056	7	0.007503
47138	47206	1	0.001072
47139	47056	83	3.074074
47139	47001	965	35.740741
47139	47140	1	0.037037
47140	47056	173	4.119048
47140	46749	42	1.000000
47141	47056	2	0.000906
47141	46789	2	0.000906
47141	47206	55	0.024909
47141	46728	8	0.003623
47141	47083	5	0.002264
47141	46796	7	0.003170
47141	46895	4	0.001812
47141	47536	5	0.002264
47141	47144	2	0.000906
47141	47063	5	0.002264
47141	47255	4	0.001812
47141	47101	1	0.000453
47142	47363	1	0.005208
47142	47056	1	0.005208
47142	47154	53	0.276042
47142	46883	1	0.005208
47142	46932	1	0.005208
47142	47223	39	0.203125
47142	46936	1	0.005208
47142	47578	1	0.005208
47142	46843	1	0.005208
47142	46972	2	0.010417
47142	47262	1	0.005208
47143	47056	22	0.062147
47143	46789	19	0.053672
47144	47536	3	0.004178
47144	46883	1	0.001393
47144	47446	1	0.001393
47144	47078	6	0.008357
47144	46826	1	0.001393
47144	47439	2	0.002786
47144	47056	6	0.008357
47144	46902	3	0.004178
47144	47190	712	0.991643
47144	47194	5	0.006964
47144	47454	1	0.001393
47146	46734	36	9.000000
47147	46870	4	0.003802
47147	46983	1	0.000951
47147	46988	9	0.008555
47147	46865	1	0.000951
47147	46742	5	0.004753
47147	46743	1	0.000951
47147	47512	6	0.005703
47147	47520	2	0.001901
47147	47394	18	0.017110
47147	46883	1	0.000951
47147	47536	2	0.001901
47147	46898	4	0.003802
47147	46907	2	0.001901
47147	47167	1	0.000951
47147	46916	1	0.000951
47147	46789	4	0.003802
47147	46925	2	0.001901
47147	47439	3	0.002852
47147	47056	13	0.012357
47147	47446	5	0.004753
47147	47066	1	0.000951
47147	47190	4	0.003802
47147	47078	1	0.000951
47147	47590	3	0.002852
47147	47465	3	0.002852
47147	46840	1	0.000951
47147	46843	5	0.004753
47147	46972	4	0.003802
47148	46888	8	0.008547
47148	47056	10	0.010684
47148	46840	2	0.002137
47148	47206	2	0.002137
47150	46789	7	1.000000
47154	47232	2	0.008511
47154	47083	4	0.017021
47154	47142	3	0.012766
47154	46983	2	0.008511
47154	46731	2	0.008511
47154	47056	517	2.200000
47154	47015	2	0.008511
47154	47478	3	0.012766
47154	46840	2	0.008511
47154	46842	2	0.008511
47154	47101	2	0.008511
47154	47455	1	0.004255
47156	47056	4	0.085106
47157	47056	1	0.001565
47157	47563	1	0.001565
47158	46883	1	0.019608
47158	46861	1	0.019608
47158	47056	7	0.137255
47158	47478	1	0.019608
47158	47063	2	0.039216
47158	46840	1	0.019608
47160	47056	1	0.001520
47160	47104	1	0.001520
47160	47206	1	0.001520
47160	47262	5	0.007599
47161	47552	2	0.002454
47161	47107	1	0.001227
47161	47206	1	0.001227
47161	46790	1	0.001227
47161	47208	1	0.001227
47161	47438	1	0.001227
47161	47255	1	0.001227
47161	47033	1	0.001227
47162	47552	1	0.000890
47162	47056	2	0.001781
47166	46870	3	1.000000
47167	46701	1	0.010309
47167	46800	1	0.010309
47167	47121	1	0.010309
47167	47090	44	0.453608
47167	46870	2	0.020619
47167	47415	1	0.010309
47167	46840	1	0.010309
47167	47101	1	0.010309
47168	47206	1	0.001152
47168	47208	1	0.001152
47168	47438	1	0.001152
47168	46870	1	0.001152
47168	47255	1	0.001152
47168	47033	1	0.001152
47168	47324	1	0.001152
47168	46909	1	0.001152
47170	47226	1	1.000000
47172	47208	1	0.001259
47172	47056	1	0.001259
47173	47056	152	4.470588
47175	47056	7	0.021605
47175	47255	3	0.009259
47176	47457	3	1.000000
47176	47182	48	16.000000
47178	47056	1	0.027027
47178	47206	1	0.027027
47181	46689	3	0.004680
47181	46722	1	0.001560
47181	47083	8	0.012480
47181	46789	9	0.014041
47181	47394	2	0.003120
47181	46983	2	0.003120
47181	47015	2	0.003120
47181	46743	4	0.006240
47181	46701	3	0.004680
47181	47111	2	0.003120
47181	47056	3430	5.351014
47181	47121	2	0.003120
47181	47478	24	0.037441
47181	47255	4	0.006240
47181	47512	6	0.009360
47181	46842	7	0.010920
47181	47580	3	0.004680
47181	47037	3	0.004680
47181	46925	1	0.001560
47181	47595	2	0.003120
47182	47457	1079	0.918298
47182	46692	6	0.005106
47182	46789	3	0.002553
47182	47206	26	0.022128
47182	46689	2	0.001702
47182	47015	16	0.013617
47182	47056	9	0.007660
47182	47396	6	0.005106
47182	47415	1	0.000851
47182	46809	1	0.000851
47182	46790	2	0.001702
47182	47167	1	0.000851
47183	47104	1	0.004274
47183	47206	1	0.004274
47183	47056	81	0.346154
47183	47255	1	0.004274
47183	46936	1	0.004274
47183	47033	1	0.004274
47185	47056	8	0.012085
47185	46870	3	0.004532
47187	47056	274	0.985612
47189	47056	75	3.125000
47189	47512	3	0.125000
47189	46983	1	0.041667
47189	47015	1	0.041667
47190	47078	2	0.032258
47190	46982	1	0.016129
47190	47144	117	1.887097
47190	47147	1	0.016129
47190	46892	1	0.016129
47190	46701	2	0.032258
47190	46831	1	0.016129
47190	47056	2	0.032258
47190	47037	3	0.048387
47191	47056	6	0.187500
47192	47056	1	0.001718
47192	46870	1	0.001718
47192	47206	1	0.001718
47194	47111	2	0.001062
47194	46701	2	0.001062
47194	47056	6	0.003185
47194	47255	2	0.001062
47194	47227	13	0.006900
47194	46972	4	0.002123
47195	47296	2	0.000688
47195	46689	2	0.000688
47195	47206	4	0.001376
47195	46728	2	0.000688
47195	47104	2	0.000688
47195	47056	12	0.004128
47195	46936	4	0.001376
47197	47383	1	0.000207
47197	46913	1	0.000207
47197	46754	2	0.000413
47197	47563	1	0.000207
47197	46692	1	0.000207
47197	47206	5	0.001033
47197	46790	1	0.000207
47197	47463	1	0.000207
47197	46888	51	0.010533
47197	47434	2	0.000413
47197	46731	4	0.000826
47197	46860	9	0.001859
47197	46701	1	0.000207
47197	46734	2	0.000413
47197	46895	2	0.000413
47197	47056	79	0.016316
47197	46838	1	0.000207
47197	47255	4	0.000826
47197	47037	1	0.000207
47198	46888	1	0.004132
47199	47044	1	0.018868
47199	46790	1	0.018868
47199	47441	1	0.018868
47199	46985	1	0.018868
47199	47083	1	0.018868
47199	47056	203	3.830189
47199	47121	1	0.018868
47199	47063	1	0.018868
47199	46842	2	0.037736
47200	47056	1	0.001323
47201	47056	2	0.003552
47201	47563	7	0.012433
47201	47428	46	0.081705
47201	47206	2	0.003552
47202	46800	2	0.055556
47202	46731	1	0.027778
47202	47563	7	0.194444
47202	47396	10	0.277778
47202	46983	1	0.027778
47202	47015	5	0.138889
47202	47056	116	3.222222
47202	46968	3	0.083333
47202	47512	3	0.083333
47202	47578	9	0.250000
47203	47056	20	0.056818
47203	46870	2	0.005682
47204	47441	1	0.090909
47204	46870	3	0.272727
47205	47206	2	0.003571
47206	46848	2	0.006757
47206	47296	1	0.003378
47206	47490	1	0.003378
47206	47107	7	0.023649
47206	46728	3	0.010135
47206	47241	3	0.010135
47206	47255	5	0.016892
47206	47363	4	0.013514
47206	47383	2	0.006757
47206	46979	2	0.006757
47206	47262	5	0.016892
47206	47141	5	0.016892
47206	46895	12	0.040541
47206	46904	3	0.010135
47206	47033	3	0.010135
47206	47419	6	0.020270
47206	46911	6	0.020270
47206	47552	6	0.020270
47206	46790	14	0.047297
47206	47457	3	0.010135
47206	47176	2	0.006757
47206	47434	6	0.020270
47206	47563	1	0.003378
47206	47565	6	0.020270
47206	47438	5	0.016892
47206	46799	2	0.006757
47206	47056	2	0.006757
47206	47182	6	0.020270
47206	46935	10	0.033784
47206	46936	6	0.020270
47206	46809	5	0.016892
47206	47578	11	0.037162
47206	46689	1	0.003378
47206	46692	16	0.054054
47206	47333	2	0.006757
47206	46695	5	0.016892
47206	47208	7	0.023649
47206	46827	9	0.030405
47206	46838	11	0.037162
47208	47490	3032	1.012692
47208	46979	6	0.002004
47208	46852	40	0.013360
47208	46731	3	0.001002
47208	46870	7	0.002338
47208	46883	4	0.001336
47208	47015	2	0.000668
47208	47147	1	0.000334
47208	46892	2	0.000668
47208	47536	1	0.000334
47208	46769	2	0.000668
47208	46904	1	0.000334
47208	47033	2	0.000668
47208	47037	2	0.000668
47208	47223	1	0.000334
47208	47181	1	0.000334
47208	47438	1	0.000334
47208	47056	20	0.006680
47208	47317	1	0.000334
47208	46935	8	0.002672
47208	47194	1	0.000334
47208	47206	37	0.012358
47208	46701	2	0.000668
47208	46706	1	0.000334
47208	47478	1	0.000334
47208	47095	1	0.000334
47208	46842	1	0.000334
47208	47101	4	0.001336
47209	47056	2	0.046512
47211	47056	93	0.344444
47212	46692	6	0.285714
47212	47206	6	0.285714
47212	46790	5	0.238095
47212	46728	9	0.428571
47212	47563	1	0.047619
47212	47255	8	0.380952
47214	47056	3	0.003077
47214	47563	4	0.004103
47215	47552	1	0.001460
47215	47107	1	0.001460
47215	47192	1	0.001460
47215	47255	1	0.001460
47215	47262	1	0.001460
47215	47141	1	0.001460
47215	47529	1	0.001460
47215	47148	1	0.001460
47215	46769	1	0.001460
47215	47033	1	0.001460
47215	46911	1	0.001460
47215	47168	1	0.001460
47215	46790	1	0.001460
47215	47434	1	0.001460
47215	47309	1	0.001460
47215	47438	1	0.001460
47215	47565	1	0.001460
47215	46800	2	0.002920
47215	47444	1	0.001460
47215	46936	1	0.001460
47215	47056	3	0.004380
47215	47074	1	0.001460
47215	46692	1	0.001460
47215	47206	10	0.014599
47215	46695	1	0.001460
47215	47208	4	0.005839
47215	46838	1	0.001460
47218	47056	68	2.000000
47219	47056	61	1.000000
47220	47552	3	0.008108
47220	47107	1	0.002703
47220	46789	3	0.008108
47220	47206	3	0.008108
47220	46888	3	0.008108
47220	47563	1	0.002703
47220	46892	2	0.005405
47220	47565	4	0.010811
47220	47056	5	0.013514
47220	46728	1	0.002703
47220	47255	2	0.005405
47220	47033	1	0.002703
47220	47419	1	0.002703
47220	46790	2	0.005405
47221	47552	1	0.002882
47221	46692	1	0.002882
47221	47206	58	0.167147
47221	46790	2	0.005764
47221	46695	1	0.002882
47221	46728	1	0.002882
47221	47565	1	0.002882
47221	47182	1	0.002882
47221	47056	9	0.025937
47221	47255	1	0.002882
47221	46936	1	0.002882
47221	46909	1	0.002882
47221	46911	1	0.002882
47223	46816	1	0.000242
47223	46736	2	0.000484
47223	46759	3	0.000726
47223	47252	2	0.000484
47223	46983	2	0.000484
47225	47056	6	0.014151
47225	46706	1	0.002358
47225	47563	1	0.002358
47226	46831	2	0.048780
47227	46689	2	0.014815
47227	47563	4	0.029630
47227	47478	6	0.044444
47227	47078	2	0.014815
47227	46983	1	0.007407
47227	47015	1	0.007407
47227	47056	698	5.170370
47227	47512	3	0.022222
47227	46804	1	0.007407
47227	46870	2	0.014815
47227	47255	1	0.007407
47227	46840	9	0.066667
47227	46789	1	0.007407
47230	47056	3	3.000000
47232	47056	63	4.200000
47232	47512	3	0.200000
47232	47154	3	0.200000
47232	46983	1	0.066667
47232	47015	1	0.066667
47234	47296	1	0.002232
47234	47206	3	0.006696
47234	46790	1	0.002232
47234	46728	1	0.002232
47234	47056	4	0.008929
47234	46838	1	0.002232
47234	46840	1	0.002232
47234	47033	1	0.002232
47235	46692	1	0.000722
47235	47206	3	0.002166
47235	46790	1	0.000722
47235	47563	2	0.001444
47235	47182	1	0.000722
47235	46895	1	0.000722
47235	47056	2	0.001444
47235	46870	1	0.000722
47235	46842	3	0.002166
47236	47121	34	6.800000
47237	47552	1	0.004425
47237	47206	1	0.004425
47237	46790	1	0.004425
47237	46838	1	0.004425
47237	47255	1	0.004425
47237	47033	1	0.004425
47237	46911	1	0.004425
47238	47307	2	1.000000
47238	47388	2	1.000000
47238	46870	2	1.000000
47240	47056	30	3.000000
47241	46695	1	0.500000
47241	46728	1	0.500000
47241	47056	2	1.000000
47241	47134	1	0.500000
47241	46936	1	0.500000
47241	47262	1	0.500000
47243	46883	5	0.108696
47243	47140	5	0.108696
47243	47113	2	0.043478
47243	46987	1	0.021739
47243	47056	198	4.304348
47243	47147	10	0.217391
47243	47059	3	0.065217
47243	46804	2	0.043478
47243	47509	2	0.043478
47243	47190	2	0.043478
47243	47001	3	0.065217
47243	46746	4	0.086957
47245	46983	2	0.017699
47245	46892	1	0.008850
47245	47147	1	0.008850
47245	46988	1	0.008850
47245	47056	243	2.150442
47245	47015	1	0.008850
47245	47063	2	0.017699
47245	47512	3	0.026549
47245	47255	1	0.008850
47247	46731	2	1.000000
47247	47085	92	46.000000
47249	46689	2	0.000740
47249	47363	1	0.000370
47249	47206	2	0.000740
47249	46888	1	0.000370
47249	47434	1	0.000370
47249	46731	4	0.001480
47249	46734	17	0.006289
47249	47056	44	0.016278
47249	47255	2	0.000740
47249	46840	4	0.001480
47249	47563	4	0.001480
47250	47056	47	0.088512
47252	46855	2	0.005038
47252	46988	3	0.007557
47252	47149	2	0.005038
47252	46867	2	0.005038
47252	46983	1	0.002519
47252	46743	1	0.002519
47252	46883	17	0.042821
47252	46884	2	0.005038
47252	47147	6	0.015113
47252	47405	2	0.005038
47252	46910	2	0.005038
47252	46789	20	0.050378
47252	47056	26	0.065491
47252	47441	13	0.032746
47252	47011	7	0.017632
47252	47580	9	0.022670
47252	47352	2	0.005038
47252	47454	6	0.015113
47252	46800	2	0.005038
47252	47331	2	0.005038
47252	47078	8	0.020151
47252	46695	2	0.005038
47252	47082	2	0.005038
47252	47087	2	0.005038
47252	47478	2	0.005038
47252	47223	20	0.050378
47252	46840	7	0.017632
47252	46972	2	0.005038
47252	46975	2	0.005038
47253	47104	2	0.001773
47253	47365	64418	57.108156
47253	46870	32	0.028369
47254	47056	35	0.085158
47254	46888	2	0.004866
47254	47206	5	0.012165
47255	47520	6	0.003656
47255	47363	1828	1.113955
47255	47396	2	0.001219
47255	47078	1	0.000609
47255	47206	4	0.002438
47255	47463	1	0.000609
47255	47478	4	0.002438
47255	47181	1	0.000609
47255	47056	16	0.009750
47255	47121	2	0.001219
47255	46706	19	0.011578
47255	46883	1	0.000609
47255	47284	1	0.000609
47255	46902	1	0.000609
47255	46788	4	0.002438
47255	46972	5	0.003047
47255	47154	1	0.000609
47255	46789	1	0.000609
47256	47056	37	0.068519
47256	47085	33	0.061111
47256	46790	33	0.061111
47257	47056	55	0.585106
47257	46865	9	0.095745
47257	46789	1	0.010638
47257	47206	36	0.382979
47259	47056	54	1.741935
47259	46838	27	0.870968
47259	47208	27	0.870968
47259	47438	27	0.870968
47259	47206	27	0.870968
47260	47056	21	0.030303
47260	46840	1	0.001443
47260	47370	1	0.001443
47260	46909	1	0.001443
47261	47056	42	0.088795
47261	47563	1	0.002114
47261	46892	2	0.004228
47262	47363	3	0.002320
47262	46728	7	0.005414
47262	47241	4	0.003094
47262	47376	1	0.000773
47262	47121	4	0.003094
47262	47107	2	0.001547
47262	47255	5	0.003867
47262	47512	1	0.000773
47262	47131	1	0.000773
47262	47134	1	0.000773
47262	46789	10	0.007734
47262	47015	1	0.000773
47262	47528	1	0.000773
47262	46895	1	0.000773
47262	47154	2	0.001547
47262	46904	1	0.000773
47262	47033	1	0.000773
47262	46911	1	0.000773
47262	47552	2	0.001547
47262	47478	9	0.006961
47262	46790	1	0.000773
47262	46919	2	0.001547
47262	47565	1	0.000773
47262	47182	1	0.000773
47262	47056	10	0.007734
47262	47441	1	0.000773
47262	46803	1	0.000773
47262	46935	1	0.000773
47262	46936	3	0.002320
47262	46692	1	0.000773
47262	47206	54	0.041763
47262	46695	2	0.001547
47262	47208	1	0.000773
47262	46827	1	0.000773
47262	46838	1	0.000773
47262	46969	1	0.000773
47262	46842	2	0.001547
47262	46972	1	0.000773
47263	46754	4	0.009756
47263	47107	2	0.004878
47263	46692	2	0.004878
47263	47206	2	0.004878
47263	46728	2	0.004878
47263	47255	2	0.004878
47263	47033	2	0.004878
47264	46968	1	0.000923
47264	47056	3	0.002768
47265	47552	1	0.000894
47265	47363	1	0.000894
47265	46692	3	0.002683
47265	47333	1	0.000894
47265	46790	2	0.001789
47265	47208	2	0.001789
47265	46827	1	0.000894
47265	47438	1	0.000894
47265	46895	2	0.001789
47265	47056	2	0.001789
47265	46870	4	0.003578
47265	47107	1	0.000894
47265	46838	2	0.001789
47265	46935	2	0.001789
47265	46936	1	0.000894
47265	47206	1	0.000894
47265	46911	1	0.000894
47268	47056	1	0.013889
47268	47206	1	0.013889
47271	47056	6	1.000000
47271	47469	2	0.333333
47271	47206	2	0.333333
47272	47056	3	0.005693
47272	47563	2	0.003795
47272	47396	1	0.001898
47272	46870	1	0.001898
47272	47206	3	0.005693
47273	47194	3	0.136364
47275	46692	3	0.107143
47276	46888	1	0.008333
47277	47056	1427	7.170854
47277	46728	8	0.040201
47277	47434	1	0.005025
47277	47255	8	0.040201
47277	47383	8	0.040201
47279	47056	9	0.310345
47279	47206	5	0.172414
47282	47056	3	0.065217
47283	47056	14	0.025783
47283	46728	1	0.001842
47283	46838	1	0.001842
47283	46789	1	0.001842
47283	47206	6	0.011050
47284	47056	26	0.065000
47284	46842	2	0.005000
47284	46701	1	0.002500
47284	47255	1	0.002500
47286	46888	8	0.444444
47287	47056	3	0.008287
47287	46904	3	0.008287
47287	47206	3	0.008287
47290	47056	74	0.230530
47291	47206	2	0.066667
47292	46722	1	0.001214
47292	47206	2	0.002427
47292	46888	17	0.020631
47292	46731	4	0.004854
47292	46701	2	0.002427
47292	47056	14	0.016990
47292	47037	2	0.002427
47295	46868	1	0.001333
47296	46848	1	0.004739
47296	47107	1	0.004739
47296	46728	1	0.004739
47296	47255	1	0.004739
47296	47262	1	0.004739
47296	47141	1	0.004739
47296	46895	1	0.004739
47296	47154	1	0.004739
47296	47033	1	0.004739
47296	47419	1	0.004739
47296	46909	1	0.004739
47296	46911	1	0.004739
47296	47434	1	0.004739
47296	47563	1	0.004739
47296	47565	1	0.004739
47296	47438	1	0.004739
47296	46935	1	0.004739
47296	46936	1	0.004739
47296	47578	1	0.004739
47296	46692	1	0.004739
47296	47206	12	0.056872
47296	46695	1	0.004739
47296	47208	1	0.004739
47296	46827	1	0.004739
47296	46838	1	0.004739
47297	46789	4	0.001927
47297	47142	2	0.000963
47297	46888	56	0.026975
47297	47056	16	0.007707
47297	47478	2	0.000963
47297	46842	2	0.000963
47297	46972	2	0.000963
47298	47206	2	0.666667
47301	47563	1	0.001695
47303	47056	1	0.055556
47303	46788	23	1.277778
47304	47536	1	0.002874
47304	46789	1	0.002874
47304	46913	1	0.002874
47304	47144	1	0.002874
47304	47147	1	0.002874
47304	46799	3	0.008621
47304	47056	2	0.005747
47304	46870	1	0.002874
47304	47439	2	0.005747
47304	46749	1	0.002874
47307	47238	1	0.004098
47307	46892	1	0.004098
47307	47056	1	0.004098
47307	46870	2	0.008197
47307	47255	1	0.004098
47307	47262	1	0.004098
47309	47056	2	0.008000
47313	47056	183	3.050000
47313	46842	1	0.016667
47313	47595	302	5.033333
47313	47142	1	0.016667
47316	46870	4	1.000000
47317	47056	1	0.024390
47317	46689	1	0.024390
47317	47363	1	0.024390
47317	47441	1	0.024390
47317	47255	2	0.048780
47319	47056	1	0.047619
47319	46888	3	0.142857
47319	47181	1	0.047619
47320	47206	3	0.004608
47320	46728	1	0.001536
47320	47563	2	0.003072
47320	47469	7	0.010753
47320	47056	4	0.006144
47320	47033	1	0.001536
47321	46734	36	9.000000
47322	47121	42	7.000000
47324	46913	1	0.007143
47324	47078	2	0.014286
47324	46892	1	0.007143
47324	47255	1	0.007143
47324	46972	1	0.007143
47324	47101	1	0.007143
47325	47056	166	5.187500
47325	47140	1	0.031250
47325	46972	1	0.031250
47325	46983	1	0.031250
47326	47056	2	0.074074
47329	46883	1	0.050000
47329	46983	1	0.050000
47329	47015	1	0.050000
47329	47056	164	8.200000
47329	47063	1	0.050000
47329	47512	3	0.150000
47329	47001	1	0.050000
47329	47101	1	0.050000
47329	46846	1	0.050000
47331	47056	2	0.111111
47332	47056	1	0.002309
47332	47144	4	0.009238
47332	46883	5	0.011547
47332	46789	433	1.000000
47333	47396	1	0.002747
47333	47206	4	0.010989
47333	47015	1	0.002747
47333	46860	5	0.013736
47333	47463	1	0.002747
47333	46892	1	0.002747
47333	47056	3	0.008242
47333	46838	6463	17.755495
47333	46852	4	0.010989
47335	46734	32	8.000000
47337	46870	3	1.000000
47339	47104	1	0.006289
47340	47056	1	0.100000
47344	47296	2	0.031746
47344	46692	2	0.031746
47344	47141	2	0.031746
47344	46790	2	0.031746
47344	46728	2	0.031746
47344	47434	2	0.031746
47344	47563	2	0.031746
47344	46895	2	0.031746
47344	47056	4	0.063492
47344	46838	2	0.031746
47344	47255	2	0.031746
47344	47033	2	0.031746
47344	47206	4	0.063492
47344	47262	2	0.031746
47345	47208	2	0.001818
47345	47056	1	0.000909
47345	47107	2	0.001818
47345	46790	1	0.000909
47345	47206	3	0.002727
47348	47056	89	5.933333
47348	47512	3	0.200000
47348	46983	1	0.066667
47348	47015	1	0.066667
47350	47142	1	0.083333
47351	46722	1	0.006579
47351	46789	2	0.013158
47351	47015	4	0.026316
47351	47394	2	0.013158
47351	47056	2640	17.368421
47351	47512	3	0.019737
47351	47580	3	0.019737
47352	47056	12	0.012821
47353	47056	6	0.009160
47353	47434	4	0.006107
47353	46789	2	0.003053
47353	47206	14	0.021374
47354	47056	8	0.006056
47354	46692	1	0.000757
47354	47262	2	0.001514
47356	46870	2	0.004338
47360	46883	14	0.560000
47360	47238	26	1.040000
47360	47078	1	0.040000
47360	47307	1	0.040000
47360	46800	1	0.040000
47360	47441	3	0.120000
47360	46870	1	0.040000
47360	47388	1	0.040000
47361	47563	1	0.001548
47361	47190	1	0.001548
47362	47078	9	1.285714
47363	46976	4	0.004545
47363	47563	1	0.001136
47363	47206	17	0.019318
47363	47015	5	0.005682
47363	46919	4	0.004545
47363	47181	1	0.001136
47363	46895	1	0.001136
47363	47056	10	0.011364
47363	46706	1	0.001136
47363	46870	2	0.002273
47363	47255	3763	4.276136
47363	46971	1	0.001136
47363	46972	4	0.004545
47363	47101	4	0.004545
47364	46692	6	0.011811
47364	46790	5	0.009843
47364	47206	6	0.011811
47364	46728	9	0.017717
47364	47563	1	0.001969
47364	47255	5	0.009843
47364	47390	1	0.001969
47364	46789	3	0.005906
47365	47104	2	0.001550
47365	46870	32	0.024806
47367	46983	1	0.025641
47367	47015	1	0.025641
47367	47056	217	5.564103
47367	46840	1	0.025641
47367	47063	1	0.025641
47367	47512	3	0.076923
47367	47223	1	0.025641
47368	47552	3	0.002752
47368	47107	1	0.000917
47368	47206	7	0.006422
47368	46790	2	0.001835
47368	46888	3	0.002752
47368	47565	2	0.001835
47368	47056	6	0.005505
47368	47255	2	0.001835
47369	47078	1	0.001337
47369	47434	1	0.001337
47369	46731	3	0.004011
47369	46701	2	0.002674
47369	47056	25	0.033422
47369	47255	2	0.002674
47369	47194	423	0.565508
47369	47324	1	0.001337
47369	47037	13	0.017380
47370	47056	37	0.043581
47370	46800	3	0.003534
47370	46870	3	0.003534
47370	46789	3	0.003534
47370	47206	3	0.003534
47372	47056	2	0.003552
47372	47478	1	0.001776
47372	47206	2	0.003552
47376	47363	1	0.002865
47376	47396	2	0.005731
47376	47206	1	0.002865
47376	47463	1	0.002865
47376	47563	1	0.002865
47376	47056	80	0.229226
47376	47255	8	0.022923
47376	47131	1	0.002865
47378	47144	3	1.000000
47380	46883	3	0.022556
47380	46870	9	0.067669
47380	47404	9	0.067669
47380	46892	6	0.045113
47380	47478	3	0.022556
47380	47389	10	0.075188
47381	46848	1	0.000984
47381	47296	1	0.000984
47381	47363	1	0.000984
47381	46728	3	0.002953
47381	47241	1	0.000984
47381	47107	1	0.000984
47381	47255	1	0.000984
47381	47262	1	0.000984
47381	47141	1	0.000984
47381	46888	3	0.002953
47381	46895	2	0.001969
47381	46904	1	0.000984
47381	47033	1	0.000984
47381	47419	2	0.001969
47381	46911	1	0.000984
47381	47552	1	0.000984
47381	46789	3	0.002953
47381	46790	2	0.001969
47381	47434	1	0.000984
47381	47563	1	0.000984
47381	47565	1	0.000984
47381	47438	1	0.000984
47381	46799	1	0.000984
47381	47056	3	0.002953
47381	46935	4	0.003937
47381	46936	1	0.000984
47381	46809	1	0.000984
47381	46692	3	0.002953
47381	47333	1	0.000984
47381	47206	12	0.011811
47381	46695	1	0.000984
47381	47208	2	0.001969
47381	46827	2	0.001969
47381	46838	2	0.001969
47383	46985	2	0.005420
47383	47324	1	0.002710
47383	46909	2	0.005420
47383	47206	6	0.016260
47383	46831	1	0.002710
47384	47056	186	3.000000
47384	47563	2	0.032258
47384	46870	3	0.048387
47385	47206	1	0.001653
47385	47463	2	0.003306
47385	46728	2	0.003306
47385	47563	2	0.003306
47385	47056	410	0.677686
47385	47255	3	0.004959
47387	47056	138	3.066667
47387	47512	3	0.066667
47387	46983	1	0.022222
47387	47015	1	0.022222
47390	46870	3	1.000000
47391	46888	2	1.000000
47391	47206	2	1.000000
47393	46888	2	0.002299
47393	47365	1	0.001149
47394	47056	21	0.750000
47394	46746	1	0.035714
47394	47147	1	0.035714
47394	47223	29	1.035714
47395	47005	1	0.062500
47396	47202	344	1.002915
47396	47363	1	0.002915
47396	46789	5	0.014577
47396	46983	1	0.002915
47396	47015	5	0.014577
47396	47056	2191	6.387755
47396	46968	1	0.002915
47396	47478	5	0.014577
47396	47255	3	0.008746
47396	47512	3	0.008746
47396	46842	7	0.020408
47396	46909	3	0.008746
47398	46689	1	0.001517
47398	46916	5	0.007587
47398	47144	4	0.006070
47398	47369	1	0.001517
47398	47434	1	0.001517
47398	47147	6	0.009105
47398	46701	1	0.001517
47398	46734	2	0.003035
47398	47037	1	0.001517
47398	47056	11	0.016692
47398	47410	5	0.007587
47398	47063	3	0.004552
47398	46749	6	0.009105
47398	46782	1	0.001517
47399	47056	18	0.046997
47399	47181	1	0.002611
47399	47590	1	0.002611
47399	46743	1	0.002611
47400	47056	70	0.429448
47400	46771	1	0.006135
47402	46731	3	1.000000
47404	46883	2	0.048780
47404	47206	1	0.024390
47404	46700	2	0.048780
47404	46701	6	0.146341
47404	46734	1	0.024390
47404	47248	1	0.024390
47404	46870	6	0.146341
47404	47290	1	0.024390
47404	47037	4	0.097561
47405	47056	4	0.006757
47405	47563	1	0.001689
47406	47556	4	0.210526
47406	46789	3	0.157895
47406	46983	1	0.052632
47406	47144	12	0.631579
47406	47563	2	0.105263
47406	47116	3	0.157895
47406	47056	156	8.210526
47406	47512	3	0.157895
47406	47140	6	0.315789
47406	47325	3	0.157895
47407	46888	6	0.016438
47408	46790	1	0.020833
47408	47206	2	0.041667
47408	47262	2	0.041667
47410	47553	2	0.003295
47410	47011	2	0.003295
47410	46789	3	0.004942
47410	46983	3	0.004942
47410	47144	1	0.001647
47410	47056	1847	3.042834
47410	47154	1	0.001647
47410	47190	2	0.003295
47410	46840	2	0.003295
47410	47101	2	0.003295
47410	47454	1	0.001647
47412	47056	10	1.000000
47414	46892	2	0.111111
47414	46870	4	0.222222
47415	47056	13	0.158537
47415	46789	41	0.500000
47416	47536	2	0.003344
47416	46870	4	0.006689
47416	46731	4	0.006689
47416	47056	86	0.143813
47416	47410	4	0.006689
47416	47478	4	0.006689
47416	47454	6	0.010033
47416	46789	6	0.010033
47419	46692	1	0.001037
47419	46870	2	0.002075
47419	47206	686	0.711618
47419	47208	1	0.001037
47419	47465	1366	1.417012
47419	47255	1	0.001037
47419	47469	1	0.001037
47419	46895	1	0.001037
47419	47056	682	0.707469
47419	46728	1	0.001037
47419	46706	3	0.003112
47419	46838	2	0.002075
47419	46825	1	0.001037
47419	46968	1	0.001037
47419	46985	2	0.002075
47419	47194	1	0.001037
47419	46780	1	0.001037
47419	47134	1	0.001037
47419	46911	1	0.001037
47421	47056	27	1.000000
47422	47563	9	0.062069
47424	47056	1	0.001815
47424	46838	1	0.001815
47424	47078	1	0.001815
47424	46825	1	0.001815
47424	46800	6	0.010889
47424	46870	1	0.001815
47427	46888	4	0.019802
47427	46825	1	0.004950
47427	47419	6	0.029703
47427	47141	1	0.004950
47427	47206	4	0.019802
47428	46848	1	0.002268
47428	47363	1	0.002268
47428	47241	1	0.002268
47428	47063	1	0.002268
47428	47107	1	0.002268
47428	47262	2	0.004535
47428	46895	2	0.004535
47428	46904	1	0.002268
47428	46911	1	0.002268
47428	47552	1	0.002268
47428	46789	3	0.006803
47428	46790	2	0.004535
47428	47434	1	0.002268
47428	47563	7	0.015873
47428	47565	1	0.002268
47428	47438	1	0.002268
47428	46799	1	0.002268
47428	47056	98	0.222222
47428	46935	7	0.015873
47428	46936	1	0.002268
47428	46809	1	0.002268
47428	47578	3	0.006803
47428	46692	3	0.006803
47428	47333	1	0.002268
47428	47206	7	0.015873
47428	46695	1	0.002268
47428	47208	2	0.004535
47428	46827	1	0.002268
47428	46838	2	0.004535
47428	46842	12	0.027211
47429	46827	1	0.002160
47429	46789	1	0.002160
47429	47206	4	0.008639
47429	46888	1	0.002160
47429	47563	1	0.002160
47429	46895	1	0.002160
47429	46838	1	0.002160
47429	47033	2	0.004320
47430	46728	1	0.001553
47430	47206	1	0.001553
47431	47552	1	0.002283
47431	47107	1	0.002283
47431	46789	3	0.006849
47431	47206	8	0.018265
47431	47208	4	0.009132
47431	47563	3	0.006849
47431	47565	2	0.004566
47431	47438	3	0.006849
47431	46790	2	0.004566
47431	47011	1	0.002283
47431	47255	2	0.004566
47431	46904	3	0.006849
47431	47033	3	0.006849
47432	47056	3	0.428571
47432	46865	1	0.142857
47432	46789	3	0.428571
47433	47056	3	0.004196
47433	47262	1	0.001399
47434	47383	2	0.000874
47434	47296	1	0.000437
47434	47363	1	0.000437
47434	46728	3	0.001311
47434	46985	2	0.000874
47434	46935	1	0.000437
47434	46860	1	0.000437
47434	46734	2	0.000874
47434	46936	1	0.000437
47434	47121	3	0.001311
47434	47107	1	0.000437
47434	46870	1	0.000437
47434	47255	6	0.002622
47434	47194	2	0.000874
47434	47262	1	0.000437
47434	47007	1	0.000437
47434	46756	1	0.000437
47434	47141	1	0.000437
47434	47398	1	0.000437
47434	47015	1	0.000437
47434	47144	1	0.000437
47434	46766	1	0.000437
47434	46895	3	0.001311
47434	47284	2	0.000874
47434	46902	1	0.000437
47434	47033	1	0.000437
47434	47419	1	0.000437
47434	46780	1	0.000437
47434	47552	1	0.000437
47434	46789	2	0.000874
47434	46790	1	0.000437
47434	47590	1	0.000437
47434	47438	1	0.000437
47434	47439	1	0.000437
47434	47056	7	0.003059
47434	47190	1	0.000437
47434	47063	1	0.000437
47434	46808	1	0.000437
47434	47396	1	0.000437
47434	47578	5	0.002185
47434	46689	2	0.000874
47434	46692	1	0.000437
47434	47078	7	0.003059
47434	47206	38	0.016608
47434	46827	1	0.000437
47434	47478	2	0.000874
47434	47227	1	0.000437
47434	47101	2	0.000874
47435	47033	1	0.001083
47435	46870	2	0.002167
47435	47206	6	0.006501
47437	46892	1	0.200000
47437	46870	5	1.000000
47438	47536	1	0.002151
47438	47537	1	0.002151
47438	47194	1	0.002151
47438	47206	3	0.006452
47438	47223	1	0.002151
47439	47536	2	0.002809
47439	46722	1	0.001404
47439	47147	2	0.002809
47439	46838	2	0.002809
47439	47078	1	0.001404
47439	47015	1	0.001404
47439	47144	6	0.008427
47439	46983	1	0.001404
47439	47394	2	0.002809
47439	47056	3011	4.228933
47439	47446	519	0.728933
47439	47512	3	0.004213
47439	47001	3	0.004213
47439	47580	3	0.004213
47439	46789	3	0.004213
47441	47056	5	0.068493
47441	47512	1	0.013699
47441	46883	1433	19.630137
47442	47056	204	0.278689
47444	47056	8	0.014519
47444	47438	2	0.003630
47448	47056	14	0.104478
47449	47552	2	0.004706
47449	47296	1	0.002353
47449	47107	1	0.002353
47449	46692	1	0.002353
47449	47141	1	0.002353
47449	46790	1	0.002353
47449	46695	1	0.002353
47449	47208	1	0.002353
47449	47565	1	0.002353
47449	46895	1	0.002353
47449	46838	1	0.002353
47449	47255	1	0.002353
47449	46936	1	0.002353
47449	47033	1	0.002353
47449	47206	1	0.002353
47449	47262	1	0.002353
47449	46911	1	0.002353
47452	47056	2	0.024390
47454	46976	3	0.003436
47454	46722	1	0.001145
47454	46983	1	0.001145
47454	46988	1	0.001145
47454	47512	3	0.003436
47454	47001	4	0.004582
47454	47394	2	0.002291
47454	47142	1	0.001145
47454	47015	1	0.001145
47454	47144	23	0.026346
47454	47147	7	0.008018
47454	47037	1	0.001145
47454	47553	1	0.001145
47454	46916	6540	7.491409
47454	46789	4	0.004582
47454	47181	4	0.004582
47454	47056	4453	5.100802
47454	46804	4	0.004582
47454	47190	2	0.002291
47454	47580	3	0.003436
47454	46689	2	0.002291
47454	46956	2	0.002291
47454	46701	1	0.001145
47454	47478	4	0.004582
47454	46840	11	0.012600
47454	47098	1	0.001145
47454	47101	1	0.001145
47455	46983	1	0.018182
47455	46731	1	0.018182
47455	47056	292	5.309091
47455	47154	4	0.072727
47455	47015	5	0.090909
47455	47223	1	0.018182
47455	47512	3	0.054545
47455	47387	1	0.018182
47455	47037	2	0.036364
47456	46790	1	0.002611
47457	46689	2	0.001689
47457	46692	6	0.005068
47457	46789	3	0.002534
47457	47206	26	0.021959
47457	47015	16	0.013514
47457	47182	18657	15.757601
47457	47056	9	0.007601
47457	47396	6	0.005068
47457	47415	1	0.000845
47457	46809	1	0.000845
47457	46790	2	0.001689
47457	47167	1	0.000845
47459	47147	1	0.003731
47459	46838	2	0.007463
47460	47056	172	3.245283
47460	46722	1	0.018868
47460	47394	2	0.037736
47460	47580	3	0.056604
47460	46789	2	0.037736
47462	47056	28	1.000000
47463	47563	1	0.028571
47463	47206	2	0.057143
47463	46983	1	0.028571
47463	46888	1	0.028571
47463	47015	1	0.028571
47463	47056	116	3.314286
47463	47512	3	0.085714
47465	47144	12	0.029056
47465	47354	2	0.004843
47465	47454	5	0.012107
47465	47101	5	0.012107
47465	47478	16	0.038741
47466	47056	7	0.189189
47466	47104	1	0.027027
47466	47206	1	0.027027
47466	47262	1	0.027027
47466	47255	3	0.081081
47469	47008	1	0.010989
47469	46689	1	0.010989
47469	46883	1	0.010989
47469	46870	96	1.054945
47469	47206	51	0.560440
47469	47553	2	0.021978
47469	47223	1	0.010989
47469	46892	2	0.021978
47469	46734	1	0.010989
47469	47056	2	0.021978
47469	47441	2	0.021978
47469	46838	1	0.010989
47469	47255	1	0.010989
47469	46840	2	0.021978
47469	46971	1	0.010989
47470	47056	2	0.004773
47470	47206	3	0.007160
47472	47056	11	0.023758
47472	46870	5	0.010799
47474	46983	1	0.001353
47474	46731	1	0.001353
47474	47500	1	0.001353
47474	47000	1	0.001353
47474	47255	3	0.004060
47474	47512	3	0.004060
47474	47385	2	0.002706
47474	47015	1	0.001353
47474	46892	5	0.006766
47474	47037	1	0.001353
47474	46913	1	0.001353
47474	46789	2	0.002706
47474	46790	1	0.001353
47474	47434	33	0.044655
47474	47563	7	0.009472
47474	47056	39195	53.037889
47474	47186	1	0.001353
47474	46935	1	0.001353
47474	46689	1	0.001353
47474	47206	4	0.005413
47474	47078	1	0.001353
47474	47463	4	0.005413
47474	46701	1	0.001353
47474	47478	6	0.008119
47474	47095	1	0.001353
47474	46972	1	0.001353
47475	47563	1	0.041667
47475	47524	3	0.125000
47475	47078	3	0.125000
47475	46983	1	0.041667
47475	47015	1	0.041667
47475	47056	175	7.291667
47475	47477	2	0.083333
47475	46870	2	0.083333
47475	47512	5	0.208333
47475	46746	2	0.083333
47475	47357	2	0.083333
47476	47056	13	0.010612
47476	46789	6	0.004898
47477	47056	6	0.049587
47477	46736	1	0.008264
47477	46722	4	0.033058
47477	47262	1	0.008264
47477	47494	2	0.016529
47478	46978	2	0.000865
47478	47363	1	0.000432
47478	46731	1	0.000432
47478	47109	2	0.000865
47478	46726	2	0.000865
47478	46983	3	0.001297
47478	46892	2	0.000865
47478	46743	5	0.002162
47478	47249	2	0.000865
47478	46868	2	0.000865
47478	46870	5	0.002162
47478	47255	4	0.001729
47478	47128	2	0.000865
47478	47129	2	0.000865
47478	46746	1	0.000432
47478	47239	2	0.000865
47478	46750	2	0.000865
47478	46725	1	0.000432
47478	47512	1	0.000432
47478	47526	2	0.000865
47478	47015	2	0.000865
47478	47019	3	0.001297
47478	47312	2	0.000865
47478	47154	2	0.000865
47478	47284	2	0.000865
47478	47541	2	0.000865
47478	46783	2	0.000865
47478	47297	1	0.000432
47478	47427	2	0.000865
47478	46789	20	0.008647
47478	46689	3	0.001297
47478	46795	2	0.000865
47478	47181	2	0.000865
47478	47440	2	0.000865
47478	46968	1	0.000432
47478	47444	2	0.000865
47478	47063	5	0.002162
47478	47320	2	0.000865
47478	47111	2	0.000865
47478	47563	1	0.000432
47478	47482	1	0.000432
47478	46814	2	0.000865
47478	47455	9	0.003891
47478	47056	101	0.043666
47478	47206	6	0.002594
47478	47343	2	0.000865
47478	47092	2	0.000865
47478	47223	9	0.003891
47478	46840	3	0.001297
47478	46842	33	0.014267
47478	47101	46	0.019888
47480	47105	1	0.025000
47480	47238	1	0.025000
47480	46731	1	0.025000
47480	46865	1	0.025000
47480	47380	1	0.025000
47480	46870	22	0.550000
47480	47337	1	0.025000
47480	46769	1	0.025000
47480	47273	1	0.025000
47480	46897	1	0.025000
47480	47414	1	0.025000
47480	47293	1	0.025000
47480	47557	1	0.025000
47480	47056	12	0.300000
47480	47441	1	0.025000
47480	47316	1	0.025000
47480	46806	1	0.025000
47480	46810	1	0.025000
47480	46817	1	0.025000
47480	47204	1	0.025000
47480	47590	1	0.025000
47480	47079	1	0.025000
47480	46825	393	9.825000
47480	47469	5	0.125000
47480	47088	1	0.025000
47480	47090	1	0.025000
47480	47230	1	0.025000
47480	47593	1	0.025000
47480	46841	1	0.025000
47480	46842	11	0.275000
47480	46974	1	0.025000
47481	47056	3	0.006160
47481	46842	16	0.032854
47481	47363	10	0.020534
47481	46789	3	0.006160
47482	47056	2	0.500000
47482	47478	8	2.000000
47484	47056	5	0.013089
47484	47563	2	0.005236
47484	46870	1	0.002618
47484	47206	9	0.023560
47485	47296	3	1.000000
47485	46731	3	1.000000
47486	47056	756	2.054348
47486	47552	2	0.005435
47486	46870	5	0.013587
47486	47581	6	0.016304
47486	47206	4	0.010870
47487	46722	2	0.001988
47487	47363	2	0.001988
47487	46983	1	0.000994
47487	46985	8	0.007952
47487	46987	2	0.001988
47487	46988	1	0.000994
47487	47121	4	0.003976
47487	46966	1	0.000994
47487	46870	7	0.006958
47487	47255	1	0.000994
47487	47512	6	0.005964
47487	47001	4	0.003976
47487	47131	5	0.004970
47487	47394	2	0.001988
47487	47396	2	0.001988
47487	46758	4	0.003976
47487	47015	3	0.002982
47487	47147	16	0.015905
47487	46892	1	0.000994
47487	47022	4	0.003976
47487	47410	2	0.001988
47487	46780	2	0.001988
47487	47037	1	0.000994
47487	47243	1	0.000994
47487	46789	14826	14.737575
47487	46919	2	0.001988
47487	47563	2	0.001988
47487	47181	4	0.003976
47487	47056	7317	7.273360
47487	46803	1	0.000994
47487	47190	2	0.001988
47487	47063	3	0.002982
47487	46756	1	0.000994
47487	47066	1	0.000994
47487	47580	3	0.002982
47487	47199	1	0.000994
47487	47588	1	0.000994
47487	47078	1	0.000994
47487	47206	2	0.001988
47487	47208	1	0.000994
47487	47083	1	0.000994
47487	46701	1	0.000994
47487	46831	1	0.000994
47487	47478	10	0.009940
47487	47223	3	0.002982
47487	46840	2	0.001988
47487	46842	12	0.011928
47489	47105	1	0.025000
47489	47238	1	0.025000
47489	46731	1	0.025000
47489	46865	1	0.025000
47489	47380	1	0.025000
47489	46870	22	0.550000
47489	47337	1	0.025000
47489	46769	1	0.025000
47489	47273	1	0.025000
47489	46897	1	0.025000
47489	47414	1	0.025000
47489	47293	1	0.025000
47489	47557	1	0.025000
47489	47056	12	0.300000
47489	47441	1	0.025000
47489	47316	1	0.025000
47489	46806	1	0.025000
47489	46810	1	0.025000
47489	46817	1	0.025000
47489	47204	1	0.025000
47489	47590	1	0.025000
47489	47079	1	0.025000
47489	46825	407	10.175000
47489	47469	5	0.125000
47489	47088	1	0.025000
47489	47090	1	0.025000
47489	47230	1	0.025000
47489	47593	1	0.025000
47489	46841	1	0.025000
47489	46842	11	0.275000
47489	46974	1	0.025000
47490	47208	107	2.229167
47490	46935	291	6.062500
47492	47552	1	0.007463
47492	47296	1	0.007463
47492	47107	1	0.007463
47492	46692	1	0.007463
47492	47141	1	0.007463
47492	46790	1	0.007463
47492	46695	1	0.007463
47492	47208	1	0.007463
47492	47434	1	0.007463
47492	46827	1	0.007463
47492	47438	1	0.007463
47492	46728	1	0.007463
47492	46838	1	0.007463
47492	47255	1	0.007463
47492	46936	1	0.007463
47492	47033	1	0.007463
47492	47419	1	0.007463
47492	47206	1	0.007463
47492	46911	1	0.007463
47494	46736	10	0.232558
47494	46722	2	0.046512
47494	46883	2	0.046512
47494	46689	2	0.046512
47494	46731	2	0.046512
47494	47056	112	2.604651
47494	47512	4	0.093023
47496	47208	2	0.200000
47496	46935	16	1.600000
47497	47363	2	0.004115
47497	47206	1	0.002058
47497	47208	4	0.008230
47497	46697	1	0.002058
47497	46827	2	0.004115
47497	47056	2	0.004115
47497	47107	2	0.004115
47497	46838	2	0.004115
47497	46935	2	0.004115
47497	47033	2	0.004115
47497	47419	2	0.004115
47497	47255	2	0.004115
47498	46944	1	0.001458
47498	46800	1	0.001458
47498	47138	1	0.001458
47498	47181	5	0.007289
47498	47056	1	0.001458
47498	47454	1	0.001458
47500	47590	1	0.038462
47501	47056	1	0.034483
47501	47563	1	0.034483
47501	47206	3	0.103448
47502	47085	1	0.001294
47503	47056	21	0.007123
47503	47478	6	0.002035
47503	47206	1151	0.390434
47504	47085	2	0.055556
47504	46790	1	0.027778
47504	47565	1	0.027778
47506	47552	1	0.001862
47506	46790	1	0.001862
47506	47206	1	0.001862
47506	47056	23	0.042831
47506	47255	1	0.001862
47506	46909	1	0.001862
47507	47056	1	0.000659
47507	46827	40346	26.578393
47507	47478	1	0.000659
47507	47206	34	0.022398
47507	47223	3	0.001976
47509	46722	1	0.000811
47509	46789	2	0.001622
47509	47303	1	0.000811
47509	47394	2	0.001622
47509	47056	14	0.011354
47509	47580	3	0.002433
47511	47056	5	0.003589
47511	47104	6	0.004307
47511	46692	2	0.001436
47511	46870	4	0.002872
47512	46883	2	0.001712
47512	47078	1	0.000856
47512	47015	531	0.454623
47512	47050	2	0.001712
47512	47147	1	0.000856
47512	46892	1	0.000856
47512	47056	11434	9.789384
47512	47410	2	0.001712
47512	47255	1	0.000856
47512	47001	2	0.001712
47512	47223	2	0.001712
47512	47101	7	0.005993
47515	46838	3	0.008746
47515	46895	3	0.008746
47517	47056	2	0.004167
47518	47056	50	4.166667
47518	47563	2	0.166667
47518	46925	2	0.166667
47518	47206	2	0.166667
47520	47104	3	0.001534
47520	46800	6	0.003067
47520	46916	8	0.004090
47520	46789	6	0.003067
47520	47078	1889	0.965746
47520	47553	17	0.008691
47520	47016	1894	0.968303
47520	46988	1	0.000511
47520	47147	6	0.003067
47520	46892	1	0.000511
47520	46759	17	0.008691
47520	47056	25	0.012781
47520	47144	6	0.003067
47520	47410	1	0.000511
47520	47255	12	0.006135
47520	46840	19	0.009714
47520	47142	1	0.000511
47520	46972	1	0.000511
47523	46888	119	0.228846
47523	47056	119	0.228846
47523	47206	1	0.001923
47524	47056	187	3.169492
47524	46731	3	0.050847
47524	47101	1	0.016949
47524	46701	1	0.016949
47525	46888	1	0.007519
47525	47056	1	0.007519
47525	46789	1	0.007519
47525	47078	1	0.007519
47526	47056	73	0.784946
47526	47141	3	0.032258
47526	47255	1	0.010753
47527	47056	6	0.006048
47528	47056	1885	22.710843
47528	47441	1	0.012048
47528	46746	2	0.024096
47528	46701	1	0.012048
47529	47563	1	0.002062
47529	47206	4	0.008247
47530	47262	1	0.018868
47531	47056	3	0.035714
47531	46916	1	0.011905
47531	47063	1	0.011905
47532	47056	3	0.300000
47532	47206	1	0.100000
47532	47182	1	0.100000
47533	47056	132	1.970149
47533	46935	132	1.970149
47534	47056	14	0.002351
47535	47056	73	0.200000
47535	46888	2	0.005479
47535	46870	1	0.002740
47535	47206	2	0.005479
47536	46731	1	0.030303
47537	47107	1	0.000865
47537	47111	1	0.000865
47537	46935	1	0.000865
47537	47121	3	0.002595
47537	47122	1	0.000865
47537	47131	1	0.000865
47537	47141	1	0.000865
47537	47144	1	0.000865
47537	47147	1	0.000865
47537	47154	1	0.000865
47537	47156	1	0.000865
47537	47173	1	0.000865
47537	47181	1	0.000865
47537	47182	1	0.000865
47537	47190	1	0.000865
47537	47194	1	0.000865
47537	47199	22	0.019031
47537	47202	1	0.000865
47537	46692	1	0.000865
47537	47206	1	0.000865
47537	47208	1	0.000865
47537	46701	1	0.000865
47537	47214	1	0.000865
47537	46706	1	0.000865
47537	47226	1	0.000865
47537	46715	1	0.000865
47537	46722	2	0.001730
47537	46728	1	0.000865
47537	46736	1	0.000865
47537	47255	1	0.000865
47537	47556	1	0.000865
47537	46746	1	0.000865
47537	47262	1	0.000865
47537	46759	1	0.000865
47537	46776	1	0.000865
47537	46780	1	0.000865
47537	47296	1	0.000865
47537	46788	1	0.000865
47537	46789	43	0.037197
47537	46790	1	0.000865
47537	46796	1	0.000865
47537	46804	1	0.000865
47537	46811	1	0.000865
47537	47325	1	0.000865
47537	47568	1	0.000865
47537	46826	1	0.000865
47537	46827	2	0.001730
47537	46831	1	0.000865
47537	46838	1	0.000865
47537	46840	1	0.000865
47537	46842	1	0.000865
47537	47357	1	0.000865
47537	46846	1	0.000865
47537	47363	1	0.000865
47537	46852	1	0.000865
47537	47367	1	0.000865
47537	46870	2	0.001730
47537	47578	1	0.000865
47537	47394	3	0.002595
47537	46883	1	0.000865
47537	47494	1	0.000865
47537	46888	1	0.000865
47537	46892	1	0.000865
47537	46895	1	0.000865
47537	46902	1	0.000865
47537	46904	1	0.000865
47537	46911	1	0.000865
47537	46913	1	0.000865
47537	46916	1	0.000865
47537	47434	1	0.000865
47537	46925	1	0.000865
47537	47438	1	0.000865
47537	47447	1	0.000865
47537	46936	1	0.000865
47537	46944	1	0.000865
47537	47463	1	0.000865
47537	46957	1	0.000865
47537	46959	1	0.000865
47537	47477	1	0.000865
47537	47478	1	0.000865
47537	46968	1	0.000865
47537	46969	1	0.000865
47537	46973	1	0.000865
47537	47509	1	0.000865
47537	46976	1	0.000865
47537	46982	1	0.000865
47537	47500	1	0.000865
47537	46995	1	0.000865
47537	46997	1	0.000865
47537	47512	6	0.005190
47537	47015	2	0.001730
47537	47022	1	0.000865
47537	47536	1	0.000865
47537	47538	1	0.000865
47537	47033	1	0.000865
47537	47037	1	0.000865
47537	47552	1	0.000865
47537	47044	1	0.000865
47537	47047	1	0.000865
47537	47050	2	0.001730
47537	47563	1	0.000865
47537	47565	1	0.000865
47537	47056	1141	0.987024
47537	47066	1	0.000865
47537	47580	4	0.003460
47537	47083	53	0.045848
47537	47091	15	0.012976
47537	47101	1	0.000865
47538	47083	11	0.458333
47538	47056	11	0.458333
47538	47441	8	0.333333
47538	46835	11	0.458333
47538	47063	11	0.458333
47538	46840	44	1.833333
47538	47255	11	0.458333
47539	46800	1	0.023810
47539	46692	44	1.047619
47539	46789	3	0.071429
47539	46887	1	0.023810
47539	47144	2	0.047619
47539	47147	1	0.023810
47539	47181	1	0.023810
47539	47056	3	0.071429
47539	47441	1	0.023810
47539	47553	1	0.023810
47539	46840	1	0.023810
47539	47140	2	0.047619
47541	47056	2	0.002525
47541	47563	1	0.001263
47541	47469	1	0.001263
47541	47206	3	0.003788
47541	46935	1	0.001263
47542	47056	6	0.023810
47543	47056	6	0.045113
47543	47206	3	0.022556
47544	47056	78	0.404145
47545	46848	2	0.001126
47545	47296	4	0.002252
47545	46979	2	0.001126
47545	46728	4	0.002252
47545	47241	2	0.001126
47545	47114	2	0.001126
47545	47363	4	0.002252
47545	47255	8	0.004505
47545	47262	4	0.002252
47545	47107	4	0.002252
47545	47141	2	0.001126
47545	46895	6	0.003378
47545	46904	2	0.001126
47545	47033	4	0.002252
47545	47419	6	0.003378
47545	46911	4	0.002252
47545	47552	4	0.002252
47545	46789	1	0.000563
47545	46790	10	0.005631
47545	47434	4	0.002252
47545	47563	2	0.001126
47545	47565	4	0.002252
47545	47438	4	0.002252
47545	46799	2	0.001126
47545	47056	16	0.009009
47545	47182	2	0.001126
47545	46935	6	0.003378
47545	46936	4	0.002252
47545	46809	4	0.002252
47545	47578	8	0.004505
47545	46692	10	0.005631
47545	47333	2	0.001126
47545	47206	28	0.015766
47545	46695	4	0.002252
47545	47208	6	0.003378
47545	46827	6	0.003378
47545	46838	4	0.002252
47548	46728	1	0.002778
47548	47206	2	0.005556
47548	46925	1	0.002778
47548	46838	1	0.002778
47551	46728	1	0.001142
47551	47056	1	0.001142
47551	47434	1	0.001142
47551	47419	1	0.001142
47551	47255	2	0.002283
47552	46848	83	0.041212
47552	47363	2	0.000993
47552	46852	1	0.000497
47552	46985	3	0.001490
47552	46865	24	0.011917
47552	47255	25	0.012413
47552	47257	4	0.001986
47552	46895	2	0.000993
47552	47536	1	0.000497
47552	47154	2	0.000993
47552	47284	1	0.000497
47552	47033	2	0.000993
47552	46788	2	0.000993
47552	46789	2	0.000993
47552	47563	1	0.000497
47552	47181	2	0.000993
47552	47565	6	0.002979
47552	47056	11	0.005462
47552	46803	1	0.000497
47552	47063	2	0.000993
47552	46936	2	0.000993
47552	46689	2	0.000993
47552	47078	2	0.000993
47552	47206	53	0.026316
47552	47463	2	0.000993
47552	46956	2	0.000993
47552	47478	7	0.003476
47552	47101	1	0.000497
47553	47563	1	0.006944
47553	47147	13	0.090278
47553	46988	2	0.013889
47553	46701	5	0.034722
47553	47056	1	0.006944
47553	46843	1	0.006944
47553	47037	4	0.027778
47556	47410	2	0.047619
47560	47563	1	0.000727
47560	46789	1	0.000727
47560	47463	1	0.000727
47560	46731	1	0.000727
47560	46701	1	0.000727
47560	47056	2	0.001453
47561	47056	1	0.001855
47561	46695	1	0.001855
47563	47296	4	0.001119
47563	46722	2	0.000559
47563	47363	3	0.000839
47563	46728	10	0.002797
47563	46985	7	0.001958
47563	46838	1	0.000280
47563	47107	1	0.000280
47563	47255	1	0.000280
47563	47512	5	0.001399
47563	47262	8	0.002238
47563	47394	1	0.000280
47563	47396	1	0.000280
47563	47141	3	0.000839
47563	47015	4	0.001119
47563	46888	3	0.000839
47563	46895	1	0.000280
47563	47536	1	0.000280
47563	47410	1	0.000280
47563	47284	1	0.000280
47563	47033	5	0.001399
47563	47419	2	0.000559
47563	47037	2	0.000559
47563	46911	4	0.001119
47563	47552	2	0.000559
47563	46789	10	0.002797
47563	46790	16	0.004476
47563	47434	6	0.001678
47563	46695	3	0.000839
47563	46796	4	0.001119
47563	47181	2	0.000559
47563	47438	2	0.000559
47563	47565	1	0.000280
47563	47056	72	0.020140
47563	46803	2	0.000559
47563	47317	3	0.000839
47563	46936	5	0.001399
47563	47578	1	0.000280
47563	46689	7	0.001958
47563	46692	4	0.001119
47563	47206	28	0.007832
47563	47463	1	0.000280
47563	47208	3	0.000839
47563	46827	3	0.000839
47563	46956	1	0.000280
47563	46701	2	0.000559
47563	46831	1	0.000280
47563	47478	4	0.001119
47563	46840	2	0.000559
47563	46972	2	0.000559
47563	46975	1	0.000280
47565	47328	1	0.003125
47565	46721	1	0.003125
47565	47587	1	0.003125
47565	47056	1	0.003125
47565	46821	1	0.003125
47565	47206	8	0.025000
47565	46728	2	0.006250
47565	46985	2	0.006250
47565	47319	1	0.003125
47565	47566	1	0.003125
47565	46790	3	0.009375
47565	47506	1	0.003125
47565	46915	1	0.003125
47565	47552	4	0.012500
47565	46965	1	0.003125
47565	46838	2	0.006250
47565	46871	1	0.003125
47565	46692	1	0.003125
47565	47005	1	0.003125
47565	47563	1	0.003125
47565	46789	1	0.003125
47566	47056	2	0.250000
47567	47056	126	3.073171
47570	46789	1	0.000957
47570	47206	1	0.000957
47571	47056	6	0.010545
47571	46888	1	0.001757
47571	47206	2	0.003515
47571	47255	4	0.007030
47572	46888	2	0.080000
47572	47056	4	0.160000
47574	47056	4044	1.331139
47574	47469	2022	0.665569
47574	46838	3	0.000987
47575	46722	1	0.003356
47575	46983	1	0.003356
47575	46870	7	0.023490
47575	47255	1	0.003356
47575	47512	9	0.030201
47575	47387	28	0.093960
47575	47520	1	0.003356
47575	47394	2	0.006711
47575	47142	1	0.003356
47575	47015	4	0.013423
47575	47147	1	0.003356
47575	46892	1	0.003356
47575	47037	5	0.016779
47575	47563	1	0.003356
47575	46916	1	0.003356
47575	46789	3	0.010067
47575	47223	1	0.003356
47575	46796	1	0.003356
47575	46925	1	0.003356
47575	47056	2903	9.741611
47575	47441	2	0.006711
47575	47063	2	0.006711
47575	47580	3	0.010067
47575	46689	1	0.003356
47575	46694	7	0.023490
47575	47083	1	0.003356
47575	46701	4	0.013423
47575	47477	3	0.010067
47575	47478	1	0.003356
47575	47095	1	0.003356
47575	46840	2	0.006711
47576	47056	2	0.002841
47577	47536	2	0.003026
47577	47056	2	0.003026
47577	46911	1	0.001513
47577	47565	1	0.001513
47577	46695	1	0.001513
47578	46722	3	0.005282
47578	47206	4	0.007042
47578	47463	1	0.001761
47578	46985	1	0.001761
47578	47056	5	0.008803
47578	47478	1	0.001761
47580	47056	592	0.986667
47580	46776	4	0.006667
47580	46758	4	0.006667
47580	46870	4	0.006667
47581	46789	3	0.002280
47581	47206	4	0.003040
47581	47434	1	0.000760
47581	47563	1	0.000760
47581	46734	4	0.003040
47581	47056	30	0.022796
47581	47284	1	0.000760
47581	46870	2	0.001520
47581	46808	2	0.001520
47583	47056	1	0.008850
47588	46754	36	0.040268
47588	47147	1	0.001119
47588	46838	2	0.002237
47588	47206	15	0.016779
47588	47114	6	0.006711
47588	47563	1	0.001119
47588	46895	1	0.001119
47588	47056	3	0.003356
47588	47459	2	0.002237
47588	47478	1	0.001119
47588	47255	1	0.001119
47588	47001	1	0.001119
47589	47563	1	0.001656
47590	47019	5	0.006766
47590	46860	3	0.004060
47590	46870	3	0.004060
47590	47001	2	0.002706
47590	46883	2	0.002706
47590	47144	23	0.031123
47590	47147	6	0.008119
47590	46892	2	0.002706
47590	46895	20	0.027064
47590	47410	1	0.001353
47590	46789	6	0.008119
47590	47116	7	0.009472
47590	47056	35	0.047361
47590	46803	6	0.008119
47590	47190	1	0.001353
47590	47063	7	0.009472
47590	46808	2	0.002706
47590	47477	1	0.001353
47590	47223	7	0.009472
47590	46840	17	0.023004
47590	47098	22	0.029770
47590	47101	9	0.012179
47591	46842	101	1.000000
47591	47206	101	1.000000
47593	47056	1	0.001416
47593	46840	1	0.001416
47593	47140	1	0.001416
47593	47517	410	0.580737
47593	46870	1	0.001416
47594	47056	3	0.054545
47595	47056	183	3.050000
47595	46842	1	0.016667
47595	47142	1	0.016667
47596	47056	117	0.146433
47596	47528	3	0.003755
47596	46888	2	0.002503
47596	47037	12	0.015019
47596	46701	12	0.015019
46689	46722	5	0.031056
46689	47494	2	0.012422
46689	47249	2	0.012422
46689	47512	3	0.018634
46689	47257	1	0.006211
46689	46881	1	0.006211
46689	47394	2	0.012422
46689	47142	1	0.006211
46689	47015	4	0.024845
46689	47016	1	0.006211
46689	46895	2	0.012422
46689	46789	2	0.012422
46689	47434	1	0.006211
46689	47563	38	0.236025
46689	47056	376	2.335404
46689	47441	2	0.012422
46689	46803	248	1.540373
46689	47317	2	0.012422
46689	47580	3	0.018634
46689	47455	4	0.024845
46689	47206	3	0.018634
46689	47478	1	0.006211
46689	46842	1	0.006211
46692	47552	3	0.001241
46692	46852	3	0.001241
46692	46789	1	0.000414
46692	47206	53	0.021919
46692	47144	1	0.000414
46692	46892	3	0.001241
46692	47182	1	0.000414
46692	46991	3	0.001241
46692	47056	22	0.009098
46692	47539	2	0.000827
46692	47478	2	0.000827
46692	47255	2	0.000827
46692	47194	1	0.000414
46692	46790	4	0.001654
46693	47056	4	0.000641
46693	46888	501	0.080301
46693	46692	5	0.000801
46693	46838	2	0.000321
46695	47552	4	0.006240
46695	47107	4	0.006240
46695	46692	2	0.003120
46695	46790	4	0.006240
46695	47206	15	0.023401
46695	47434	2	0.003120
46695	47438	2	0.003120
46695	46895	2	0.003120
46695	47056	3	0.004680
46695	46870	1	0.001560
46695	46902	1	0.001560
46695	46838	2	0.003120
46695	47255	2	0.003120
46695	46936	2	0.003120
46695	47033	4	0.006240
46695	47419	2	0.003120
46697	47056	10	0.500000
46697	46789	1	0.050000
46697	47206	3	0.150000
46698	47056	647	1.003101
46698	46913	1	0.001550
46698	47303	1	0.001550
46701	47056	3	0.333333
46701	46731	169	18.777778
46701	47037	37	4.111111
46702	47056	392	0.402464
46702	46870	98	0.100616
46702	47206	98	0.100616
46705	46800	2	0.004425
46705	46870	1	0.002212
46706	47520	1	0.000770
46706	47056	1	0.000770
46706	47363	1176	0.905312
46706	47396	1	0.000770
46706	47255	6031	4.642802
46708	46883	4	0.003205
46708	47078	1	0.000801
46708	47015	489	0.391827
46708	47050	4	0.003205
46708	47147	2	0.001603
46708	46892	1	0.000801
46708	47056	11702	9.376603
46708	47410	4	0.003205
46708	47255	2	0.001603
46708	47512	3373	2.702724
46708	47001	4	0.003205
46708	47223	3	0.002404
46708	47101	10	0.008013
46711	47056	134	0.311628
46711	46888	1	0.002326
46711	47536	2	0.004651
46713	47206	1	0.000310
46713	47434	2	0.000620
46713	46892	1	0.000310
46713	46734	9	0.002790
46713	47056	8	0.002480
46713	46706	1	0.000310
46713	47255	2	0.000620
46713	47512	2	0.000620
46714	47457	3	0.008451
46714	47107	1	0.002817
46714	47206	4	0.011268
46714	47176	1	0.002817
46714	47182	106	0.298592
46714	47056	13	0.036620
46714	46888	1	0.002817
46714	47255	1	0.002817
46719	47296	3	0.003135
46722	46736	7	0.069307
46722	47563	2	0.019802
46722	46731	3	0.029703
46722	46789	9	0.089109
46722	46689	7	0.069307
46722	47147	2	0.019802
46722	46987	1	0.009901
46722	47056	455	4.504950
46722	47441	1	0.009901
46722	46919	1	0.009901
46722	46803	2	0.019802
46722	46983	1	0.009901
46722	46743	1	0.009901
46722	47512	7	0.069307
46723	47056	1	0.003788
46723	47208	1	0.003788
46723	47206	1	0.003788
46724	47056	128	1.103448
46724	47563	116	1.000000
46724	46789	7	0.060345
46725	47043	1	0.052632
46725	46726	1	0.052632
46725	47174	1	0.052632
46725	47467	1	0.052632
46725	47023	1	0.052632
46725	47056	4	0.210526
46725	47188	1	0.052632
46725	46837	1	0.052632
46725	47353	1	0.052632
46726	47056	1	0.007874
46727	46790	50	25.000000
46728	47056	1	0.008333
46728	47396	1	0.008333
46728	46852	3	0.025000
46730	47056	2	0.016260
46730	47206	1	0.008130
46731	47037	12684	10.130990
46731	46701	14247	11.379393
46733	47056	4	0.003839
46734	46689	9	0.006902
46734	46883	5	0.003834
46734	46916	6	0.004601
46734	47398	5	0.003834
46734	47303	4	0.003067
46734	46892	9	0.006902
46734	47056	7	0.005368
46734	47284	22	0.016871
46734	46870	7	0.005368
46734	46840	1	0.000767
46734	47455	1	0.000767
46736	46722	56	1.037037
46736	46883	4	0.074074
46736	47494	11	0.203704
46736	47015	1	0.018519
46736	47056	3	0.055556
46736	47001	57	1.055556
46739	47056	2	1.000000
46739	46731	2	1.000000
46741	47056	2	0.001932
46741	47011	2	0.001932
46742	46972	1	0.019608
46742	47181	2	0.039216
46743	47056	164	1.031447
46743	47528	1	0.006289
46743	46883	1	0.006289
46743	46789	2	0.012579
46744	46870	1	0.083333
46745	47476	2	0.005865
46745	46789	2	0.005865
46745	47206	2	0.005865
46746	47056	654	6.349515
46746	47512	3	0.029126
46746	46983	1	0.009709
46746	46870	2	0.019417
46746	47015	4	0.038835
46747	46883	1	0.000611
46747	47147	4	0.002442
46747	46807	1	0.000611
46749	47056	313	4.287671
46750	47056	3	0.003198
46751	47206	1	0.100000
46752	47056	2	0.054054
46752	47206	1	0.027027
46753	47553	19	0.055072
46753	47523	6	0.017391
46753	47147	20	0.057971
46753	47144	6	0.017391
46753	46825	14	0.040580
46753	46827	6	0.017391
46753	47441	11	0.031884
46753	47066	16	0.046377
46753	47101	6	0.017391
46756	47056	39	3.250000
46756	47512	3	0.250000
46756	46983	1	0.083333
46756	47015	1	0.083333
46757	46800	1	0.026316
46757	47033	3	0.078947
46757	46988	2	0.052632
46757	46724	2	0.052632
46757	46789	1	0.026316
46758	47363	1	0.007246
46758	46789	2	0.014493
46758	46701	7	0.050725
46758	47056	570	4.130435
46758	47478	1	0.007246
46758	46842	1	0.007246
46758	47037	5	0.036232
46759	46706	2	0.090909
46759	46870	1	0.045455
46759	47223	26	1.181818
46760	47056	1	0.000073
46760	47563	1	0.000073
46762	47056	493	0.919776
46764	46827	1	0.000984
46764	47419	1	0.000984
46764	46789	1	0.000984
46764	47206	2	0.001969
46764	47255	1	0.000984
46766	47144	3	0.032258
46769	47208	2	0.041667
46769	47078	2	0.041667
46771	47056	5	0.007092
46772	47206	4	0.010283
46772	46895	1	0.002571
46773	47552	3	0.011494
46773	47565	3	0.011494
46773	46790	3	0.011494
46773	47206	3	0.011494
46773	47255	3	0.011494
46774	47478	1	0.000619
46774	47206	3	0.001856
46774	47056	5	0.003094
46774	46838	3	0.001856
46774	47385	2	0.001238
46774	46790	1	0.000619
46775	47396	1	0.001894
46775	47206	4	0.007576
46775	47015	1	0.001894
46775	47463	1	0.001894
46775	46860	5	0.009470
46775	47056	3	0.005682
46775	46838	25860	48.977273
46775	46852	3	0.005682
46776	47538	1	0.125000
46776	47116	1	0.125000
46776	47189	1	0.125000
46777	47056	8	0.016529
46778	47056	4	0.025316
46780	46985	4	0.173913
46780	47121	1	0.043478
46781	47463	1	0.001550
46781	47273	506	0.784496
46781	46731	1	0.001550
46781	46892	1	0.001550
46781	47565	505	0.782946
46781	46701	1	0.001550
46781	47056	575	0.891473
46781	47063	1	0.001550
46782	47446	1	0.000726
46782	47144	3	0.002177
46782	47434	2	0.001451
46782	47147	2	0.001451
46782	46734	1208	0.876633
46782	47056	22	0.015965
46782	46838	1	0.000726
46782	46835	1	0.000726
46782	47284	3	0.002177
46782	47190	1	0.000726
46782	47101	1	0.000726
46784	47056	948	3.422383
46784	47512	3	0.010830
46784	47478	68	0.245487
46784	46983	1	0.003610
46785	46789	1	0.000806
46785	46790	1	0.000806
46785	46728	1	0.000806
46785	47434	1	0.000806
46785	46734	3	0.002419
46785	47056	5	0.004032
46785	47033	1	0.000806
46786	46722	1	0.011765
46786	47107	4	0.047059
46786	46983	1	0.011765
46786	46728	4	0.047059
46786	46988	2	0.023529
46786	46865	4	0.047059
46786	46870	1	0.011765
46786	47255	4	0.047059
46786	47001	4	0.047059
46786	47262	8	0.094118
46786	46883	1	0.011765
46786	47147	1	0.011765
46786	46892	1	0.011765
46786	46790	4	0.047059
46786	46925	1	0.011765
46786	47439	1	0.011765
46786	47056	798	9.388235
46786	47441	2	0.023529
46786	47190	1	0.011765
46786	47194	11	0.129412
46786	46689	1	0.011765
46786	46692	4	0.047059
46786	47078	6	0.070588
46786	47477	2	0.023529
46786	46840	2	0.023529
46786	46715	4	0.047059
46786	47101	1	0.011765
46787	47131	205	0.861345
46787	47206	36	0.151261
46788	47394	2	0.021978
46788	47363	72	0.791209
46788	47303	45	0.494505
46788	47147	1	0.010989
46788	46988	1	0.010989
46788	46734	1	0.010989
46788	47056	1	0.010989
46788	47441	3	0.032967
46788	47255	435	4.780220
46789	46722	2	0.002000
46789	47363	2	0.002000
46789	46983	1	0.001000
46789	46985	5	0.005000
46789	46987	2	0.002000
46789	46988	1	0.001000
46789	47121	4	0.004000
46789	46870	7	0.007000
46789	47255	1	0.001000
46789	47512	6	0.006000
46789	47001	4	0.004000
46789	47131	5	0.005000
46789	47394	2	0.002000
46789	47396	2	0.002000
46789	46758	4	0.004000
46789	47015	3	0.003000
46789	47147	16	0.016000
46789	46892	1	0.001000
46789	47022	4	0.004000
46789	47410	2	0.002000
46789	46780	2	0.002000
46789	47037	1	0.001000
46789	47243	1	0.001000
46789	46966	1	0.001000
46789	46919	2	0.002000
46789	47563	2	0.002000
46789	47181	4	0.004000
46789	47056	7281	7.281000
46789	46803	1	0.001000
46789	47190	2	0.002000
46789	47063	3	0.003000
46789	46756	1	0.001000
46789	47066	1	0.001000
46789	47580	3	0.003000
46789	47199	1	0.001000
46789	47588	1	0.001000
46789	47206	1	0.001000
46789	47078	1	0.001000
46789	47208	1	0.001000
46789	47083	1	0.001000
46789	46701	1	0.001000
46789	46831	1	0.001000
46789	47478	9	0.009000
46789	47223	3	0.003000
46789	46840	2	0.002000
46789	46842	13	0.013000
46790	46852	2	0.001622
46793	47206	3	0.017143
46795	47056	4	0.015267
46796	46722	1	0.008621
46796	47363	1	0.008621
46796	46728	1	0.008621
46796	47063	2	0.017241
46796	46991	1	0.008621
46796	46936	1	0.008621
46796	47255	1	0.008621
46796	47007	1	0.008621
46796	47520	1	0.008621
46796	47394	2	0.017241
46796	47142	1	0.008621
46796	47147	1	0.008621
46796	46907	2	0.017241
46796	46911	1	0.008621
46796	47552	1	0.008621
46796	47478	2	0.017241
46796	46790	1	0.008621
46796	47563	6	0.051724
46796	47438	1	0.008621
46796	47056	478	4.120690
46796	46789	2	0.017241
46796	46935	1	0.008621
46796	46808	1	0.008621
46796	47580	3	0.025862
46796	46838	1	0.008621
46796	46840	2	0.017241
46799	46895	2	0.042553
46800	47144	3	0.040000
46800	47114	75	1.000000
46800	46909	224	2.986667
46800	47134	75	1.000000
46800	46831	150	2.000000
46801	46944	2	0.002134
46801	47536	2	0.002134
46801	47524	1	0.001067
46801	46789	2	0.002134
46801	47144	1	0.001067
46801	47147	21	0.022412
46801	46892	1	0.001067
46801	47056	6	0.006403
46801	47441	2	0.002134
46801	46741	12	0.012807
46801	46870	1	0.001067
46801	47255	3	0.003202
46801	46840	1	0.001067
46801	47140	2	0.002134
46801	47223	1	0.001067
46801	47101	5	0.005336
46804	47056	2	0.014815
46804	46689	1	0.007407
46804	46746	1	0.007407
46804	47147	15	0.111111
46806	46870	3	1.000000
46807	46800	1	0.001976
46807	46883	3	0.005929
46807	47078	459	0.907115
46807	47147	3	0.005929
46807	47536	3	0.005929
46807	46779	1	0.001976
46807	46974	5	0.009881
46807	46911	2	0.003953
46808	46883	7	0.012302
46808	46789	1	0.001757
46808	47144	5	0.008787
46808	47147	7	0.012302
46808	47056	11	0.019332
46808	47478	10	0.017575
46808	47223	4	0.007030
46808	47098	6	0.010545
46808	47581	5	0.008787
46809	47552	3	0.157895
46809	46692	17	0.894737
46809	46790	4	0.210526
46810	46870	3	1.000000
46815	47056	16	0.021419
46815	47206	2	0.002677
46816	47520	1	0.005076
46816	46883	2	0.010152
46816	46789	1	0.005076
46816	47206	1	0.005076
46816	47590	1	0.005076
46816	46731	4	0.020305
46816	46892	1	0.005076
46816	46701	2	0.010152
46816	47056	190	0.964467
46816	47441	2	0.010152
46816	46870	2	0.010152
46816	46907	1	0.005076
46816	47167	1	0.005076
46817	46870	1	1.000000
46819	47056	73	2.607143
46819	47512	3	0.107143
46819	46983	1	0.035714
46819	47015	1	0.035714
46820	47056	1	0.016949
46822	47056	2	0.117647
46824	46734	32	8.000000
46825	47105	1	0.024390
46825	47238	1	0.024390
46825	46731	1	0.024390
46825	46865	1	0.024390
46825	47380	1	0.024390
46825	46870	22	0.536585
46825	46769	1	0.024390
46825	47273	1	0.024390
46825	46897	1	0.024390
46825	47414	1	0.024390
46825	47293	1	0.024390
46825	47557	1	0.024390
46825	47056	13	0.317073
46825	47441	1	0.024390
46825	47316	1	0.024390
46825	46806	1	0.024390
46825	46810	1	0.024390
46825	46817	1	0.024390
46825	47204	1	0.024390
46825	47590	1	0.024390
46825	47079	1	0.024390
46825	47593	1	0.024390
46825	47469	5	0.121951
46825	47088	1	0.024390
46825	47090	1	0.024390
46825	46974	1	0.024390
46825	47337	1	0.024390
46825	46841	1	0.024390
46825	46842	12	0.292683
46825	47230	1	0.024390
46826	46788	1	0.004762
46826	47078	1	0.004762
46826	47144	3	0.014286
46826	46988	2	0.009524
46826	46902	2	0.009524
46826	47255	1	0.004762
46827	47056	1	0.000662
46827	47478	1	0.000662
46827	47206	34	0.022502
46827	47223	3	0.001985
46828	47056	2	0.111111
46828	47565	2	0.111111
46828	47206	2	0.111111
46829	46870	5	1.250000
46829	47078	2	0.500000
46829	46878	2	0.500000
46831	47434	20	0.002471
46831	47438	20	0.002471
46831	47167	162	0.020017
46832	47056	7	0.218750
46832	47565	1	0.031250
46834	47056	1	0.002577
46834	47563	2	0.005155
46834	47206	7	0.018041
46835	47056	135	3.552632
46835	46840	1	0.026316
46835	47181	1	0.026316
46835	46983	1	0.026316
46837	47056	23	0.022115
46837	47206	22	0.021154
46838	47396	1	0.001894
46838	47206	4	0.007576
46838	47015	1	0.001894
46838	47463	1	0.001894
46838	46860	5	0.009470
46838	47056	3	0.005682
46838	46852	3	0.005682
46840	47394	8	0.016360
46840	46883	5	0.010225
46840	46731	3	0.006135
46840	47367	10	0.020450
46840	47147	7	0.014315
46840	46796	3	0.006135
46840	47056	486	0.993865
46840	47441	3	0.006135
46840	47410	3	0.006135
46840	47063	11	0.022495
46840	47512	38	0.077710
46840	47101	424	0.867076
46841	46870	3	1.000000
46842	47363	4	0.002275
46842	47365	1	0.000569
46842	46983	1	0.000569
46842	46985	2	0.001138
46842	46734	1	0.000569
46842	47121	3	0.001706
46842	47512	1	0.000569
46842	47001	1	0.000569
46842	47396	3	0.001706
46842	47040	1	0.000569
46842	46789	43	0.024460
46842	47047	1	0.000569
46842	47181	12	0.006826
46842	47056	29	0.016496
46842	46804	3	0.001706
46842	46756	2	0.001138
46842	46816	1	0.000569
46842	46819	2	0.001138
46842	47588	1	0.000569
46842	46825	1	0.000569
46842	47083	2	0.001138
46842	47478	61	0.034699
46843	47083	2	0.004219
46843	46731	1	0.002110
46843	47142	5	0.010549
46843	47147	3	0.006329
46843	46988	3	0.006329
46843	47181	2	0.004219
46843	47056	5	0.010549
46843	46840	1	0.002110
46843	47410	4	0.008439
46843	46883	1	0.002110
46843	47478	1	0.002110
46843	47223	2	0.004219
46843	46936	1	0.002110
46843	46971	1	0.002110
46843	47063	1	0.002110
46844	46913	1	0.006536
46844	47206	4	0.026144
46844	47478	1	0.006536
46846	47056	79	3.160000
46848	47552	16	0.333333
46849	46790	6	0.028571
46850	47056	1	0.002169
46851	47056	680	9.714286
46851	47206	136	1.942857
46851	47454	68	0.971429
46851	46789	68	0.971429
46852	46692	10	1.250000
46852	47206	2	0.250000
46852	46790	9	1.125000
46852	47208	9	1.125000
46852	46728	8	1.000000
46852	46838	13	1.625000
46852	47033	9	1.125000
46855	46692	1	0.006250
46855	47206	5	0.031250
46855	46790	1	0.006250
46855	46695	1	0.006250
46855	46728	1	0.006250
46855	47434	1	0.006250
46855	47563	2	0.012500
46855	47056	5	0.031250
46855	46936	1	0.006250
46855	46911	1	0.006250
46857	47552	1	0.001613
46857	46728	1	0.001613
46857	47255	1	0.001613
46857	47033	1	0.001613
46857	46744	1	0.001613
46857	46969	1	0.001613
46857	46909	1	0.001613
46857	47262	1	0.001613
46860	46800	1	0.001799
46860	47147	1	0.001799
46860	46916	2	0.003597
46860	47434	2	0.003597
46860	47063	2	0.003597
46860	46988	1	0.001799
46860	46734	22	0.039568
46860	47439	1	0.001799
46860	47056	53	0.095324
46860	47249	2	0.003597
46860	46838	2	0.003597
46860	47255	2	0.003597
46860	47396	2	0.003597
46860	47197	2	0.003597
46861	46759	27	2.700000
46863	46883	3	0.014493
46863	46789	2	0.009662
46863	47015	8	0.038647
46863	47056	426	2.057971
46863	47512	6	0.028986
46863	47001	7	0.033816
46864	47056	274	0.288421
46864	47078	1	0.001053
46864	46789	1	0.001053
46864	47206	1	0.001053
46864	46840	1	0.001053
46865	47552	3	0.007282
46865	47520	2	0.004854
46865	46916	1	0.002427
46865	46789	3	0.007282
46865	47078	2	0.004854
46865	47553	1	0.002427
46865	47368	282	0.684466
46865	47147	31	0.075243
46865	46892	3	0.007282
46865	46926	1	0.002427
46865	47432	2	0.004854
46865	47410	1	0.002427
46865	46964	2	0.004854
46865	47150	1	0.002427
46865	46870	6	0.014563
46865	47144	1	0.002427
46865	46840	3	0.007282
46865	46804	1	0.002427
46865	47194	7	0.016990
46865	47067	6	0.014563
46865	47167	1	0.002427
46866	47056	14	0.043750
46866	47284	3	0.009375
46866	47206	3	0.009375
46867	46789	1	0.004184
46867	47206	3	0.012552
46867	46888	1	0.004184
46867	47087	1	0.004184
46867	47056	61	0.255230
46867	47528	1	0.004184
46868	46888	17	0.288136
46868	47563	3	0.050847
46869	47056	2	0.008547
46870	47105	1	0.002545
46870	46722	2	0.005089
46870	47107	1	0.002545
46870	47365	22	0.055980
46870	46983	1	0.002545
46870	47085	4	0.010178
46870	46734	22	0.055980
46870	47469	20	0.050891
46870	46865	1	0.002545
46870	47380	1	0.002545
46870	47255	9	0.022901
46870	47001	2	0.005089
46870	46746	2	0.005089
46870	46767	1	0.002545
46870	47394	2	0.005089
46870	47067	1	0.002545
46870	47524	1	0.002545
46870	47141	1	0.002545
46870	46758	1	0.002545
46870	46759	2	0.005089
46870	47273	6	0.015267
46870	47090	2	0.005089
46870	46895	2	0.005089
46870	47536	1	0.002545
46870	47539	1	0.002545
46870	46904	1	0.002545
46870	47033	1	0.002545
46870	47037	3	0.007634
46870	46806	1	0.002545
46870	46911	1	0.002545
46870	47552	1	0.002545
46870	46789	6	0.015267
46870	46790	3	0.007634
46870	47296	1	0.002545
46870	47181	1	0.002545
46870	47565	1	0.002545
46870	47056	13	0.033079
46870	46803	1	0.002545
46870	47446	1	0.002545
46870	46936	1	0.002545
46870	47204	1	0.002545
46870	47323	1	0.002545
46870	47580	2	0.005089
46870	47455	2	0.005089
46870	46817	1	0.002545
46870	46692	2	0.005089
46870	47078	2	0.005089
46870	47208	1	0.002545
46870	46825	19	0.048346
46870	46701	3	0.007634
46870	46706	1	0.002545
46870	47166	1	0.002545
46870	47478	1	0.002545
46870	46840	1	0.002545
46870	46842	1	0.002545
46870	47101	1	0.002545
46872	47105	1	0.024390
46872	47238	1	0.024390
46872	46731	1	0.024390
46872	46865	1	0.024390
46872	47380	1	0.024390
46872	46870	24	0.585366
46872	47337	1	0.024390
46872	46769	1	0.024390
46872	47273	1	0.024390
46872	46897	1	0.024390
46872	47414	1	0.024390
46872	47293	1	0.024390
46872	47557	1	0.024390
46872	47056	14	0.341463
46872	47441	1	0.024390
46872	47316	1	0.024390
46872	46806	1	0.024390
46872	46810	1	0.024390
46872	46817	1	0.024390
46872	47204	1	0.024390
46872	47590	1	0.024390
46872	47079	1	0.024390
46872	46825	530	12.926829
46872	47469	5	0.121951
46872	47088	1	0.024390
46872	47090	1	0.024390
46872	47230	1	0.024390
46872	47593	1	0.024390
46872	46841	1	0.024390
46872	46842	13	0.317073
46872	46974	1	0.024390
46873	47056	54	3.176471
46873	47441	1	0.058824
46873	47154	3	0.176471
46873	46861	1	0.058824
46873	47223	1	0.058824
46877	47056	10	0.140845
46877	46883	14	0.197183
46877	47144	1	0.014085
46877	46800	1	0.014085
46877	47441	3	0.042254
46877	47011	1	0.014085
46879	47056	4	0.028571
46879	47104	1	0.007143
46879	47255	5	0.035714
46880	47563	1	0.015152
46880	46870	1	0.015152
46880	47206	4	0.060606
46883	47056	16	0.022535
46883	47441	117	0.164789
46883	47394	3	0.004225
46883	47512	1	0.001408
46885	47056	23	0.851852
46885	47206	2	0.074074
46886	47056	1	1.000000
46887	46692	2	0.060606
46888	47056	9	1.000000
46888	47463	47	5.222222
46891	47056	1	0.000895
46892	47520	2	0.000992
46892	46716	1	0.000496
46892	46788	3	0.001488
46892	46789	6	0.002976
46892	47142	2	0.000992
46892	47465	1	0.000496
46892	46766	1	0.000496
46892	47056	2234	1.108135
46892	46870	14	0.006944
46892	47255	4	0.001984
46892	46972	2	0.000992
46892	47101	4	0.001984
46893	47056	5	0.015773
46895	47552	1	0.000308
46895	46689	2	0.000617
46895	47363	1	0.000308
46895	47206	31	0.009562
46895	47590	2	0.000617
46895	46985	2	0.000617
46895	47563	2	0.000617
46895	47019	1	0.000308
46895	46799	2	0.000617
46895	46803	1	0.000308
46895	46804	1	0.000308
46895	46870	3	0.000925
46895	47223	1	0.000308
46895	46883	2	0.000617
46895	47194	1	0.000308
46895	47255	24	0.007403
46895	46789	1	0.000308
46896	47056	4	0.016000
46896	46803	1	0.004000
46896	47206	4	0.016000
46896	46870	4	0.016000
46897	47441	1	0.038462
46897	47147	1	0.038462
46897	47056	1	0.038462
46897	46840	1	0.038462
46897	46803	1	0.038462
46897	47476	1	0.038462
46897	47317	1	0.038462
46897	46870	3	0.115385
46897	47287	1	0.038462
46897	46904	1	0.038462
46897	46812	1	0.038462
46902	47536	4	0.016461
46902	47107	2	0.008230
46902	46788	1	0.004115
46902	47078	2	0.008230
46902	47144	1	0.004115
46902	46826	1	0.004115
46902	46957	1	0.004115
46902	47056	1	0.004115
46902	47255	220	0.905350
46902	47033	2	0.008230
46904	47208	8	1.333333
46904	47033	6	1.000000
46904	46979	198	33.000000
46904	47438	6	1.000000
46905	47033	3	0.006787
46905	47375	1	0.002262
46907	46840	27	0.008443
46907	47147	1	0.000313
46907	46972	1	0.000313
46909	46831	1	0.166667
46910	47056	218	0.231915
46910	47563	2	0.002128
46910	47206	2	0.002128
46911	47206	6	0.011719
46911	47015	1	0.001953
46911	47147	3	0.005859
46911	47439	1	0.001953
46911	47056	3	0.005859
46911	47194	1	0.001953
46913	47441	2	0.007117
46913	47147	3	0.010676
46913	46788	5	0.017794
46913	47446	1	0.003559
46915	47056	451	0.074300
46916	46976	3	0.003444
46916	46722	1	0.001148
46916	46983	1	0.001148
46916	46988	1	0.001148
46916	47512	3	0.003444
46916	47001	4	0.004592
46916	47394	2	0.002296
46916	47142	1	0.001148
46916	47015	1	0.001148
46916	47144	23	0.026406
46916	47147	7	0.008037
46916	47037	1	0.001148
46916	47553	1	0.001148
46916	46789	4	0.004592
46916	47181	4	0.004592
46916	47056	4432	5.088404
46916	46804	4	0.004592
46916	47190	2	0.002296
46916	47580	3	0.003444
46916	46689	2	0.002296
46916	46956	2	0.002296
46916	46701	1	0.001148
46916	47478	4	0.004592
46916	46840	11	0.012629
46916	47098	1	0.001148
46916	47101	1	0.001148
46919	47056	312	3.466667
46925	47056	6	0.081081
46925	46689	1	0.013514
46925	46883	3	0.040541
46926	46888	1	0.012821
46928	47394	2	0.010870
46928	46722	1	0.005435
46928	47363	1	0.005435
46928	47524	1	0.005435
46928	46838	1	0.005435
46928	47206	4	0.021739
46928	46983	1	0.005435
46928	46728	1	0.005435
46928	47015	1	0.005435
46928	46701	1	0.005435
46928	47438	2	0.010870
46928	47056	1565	8.505435
46928	46870	1	0.005435
46928	47255	1	0.005435
46928	47512	3	0.016304
46928	46969	3	0.016304
46928	47580	3	0.016304
46928	47037	1	0.005435
46928	46789	2	0.010870
46932	47142	2	0.013889
46932	46731	1	0.006944
46932	46988	1	0.006944
46932	47056	1	0.006944
46932	46971	163	1.131944
46932	46972	1	0.006944
46933	47206	2	0.400000
46934	47056	2	0.001479
46934	47206	15	0.011095
46935	47206	8	0.011445
46935	46888	2	0.002861
46935	46985	3	0.004292
46935	47469	1	0.001431
46935	47056	5	0.007153
46935	47208	2	0.002861
46935	46803	4	0.005722
46935	46870	2	0.002861
46935	47063	1	0.001431
46936	46728	8	0.006116
46936	46860	3	0.002294
46936	46865	2	0.001529
46936	46870	1	0.000765
46936	47255	4	0.003058
46936	47520	1	0.000765
46936	47528	2	0.001529
46936	47147	5	0.003823
46936	47568	1	0.000765
46936	47033	2	0.001529
46936	46907	2	0.001529
46936	47552	1	0.000765
46936	47181	1	0.000765
46936	47056	9	0.006881
46936	46803	4	0.003058
46936	46932	2	0.001529
46936	46689	4	0.003058
46936	47206	21	0.016055
46936	47463	1	0.000765
46936	46956	1	0.000765
46936	46706	1	0.000765
46936	47478	3	0.002294
46936	46843	3	0.002294
46936	46972	1	0.000765
46937	46870	1	0.047619
46940	47056	5	1.000000
46941	47206	4	0.011940
46943	47056	264	3.341772
46943	46971	1	0.012658
46944	47105	1	0.010204
46944	47498	1	0.010204
46944	47187	1	0.010204
46945	47206	6	0.005515
46945	47056	78	0.071691
46945	47284	8	0.007353
46945	46936	6	0.005515
46945	47194	14	0.012868
46945	46971	3	0.002757
46948	47056	3	0.125000
46948	47434	6	0.250000
46948	46838	2	0.083333
46948	47078	5	0.208333
46950	47056	114	0.227092
46951	46692	7	0.700000
46951	47206	4	0.400000
46952	47056	1	0.003497
46952	46812	6	0.020979
46952	47262	1	0.003497
46953	47056	1	0.001416
46956	47056	288	4.114286
46956	47262	1	0.014286
46956	46883	1	0.014286
46956	46789	3	0.042857
46956	47518	1	0.014286
46957	47536	8	0.195122
46957	46902	1	0.024390
46959	47500	1	0.142857
46959	46895	1	0.142857
46960	47056	1	0.027027
46961	47056	36	0.040956
46961	46789	33	0.037543
46961	47262	1	0.001138
46962	47056	1	0.002137
46962	47206	1	0.002137
46962	46895	1	0.002137
46963	47394	2	0.004049
46963	47144	1	0.002024
46963	47469	1	0.002024
46963	47056	6	0.012146
46963	46837	10	0.020243
46963	47478	2	0.004049
46966	47056	142	5.259259
46966	46840	3	0.111111
46966	46722	1	0.037037
46967	47426	8	0.045714
46967	46971	4	0.022857
46967	47142	2	0.011429
46967	46728	2	0.011429
46967	47147	6	0.034286
46967	47056	16	0.091429
46967	46843	10	0.057143
46968	47107	1	0.002857
46968	47111	1	0.002857
46968	46728	2	0.005714
46968	47383	1	0.002857
46968	46870	2	0.005714
46968	47255	15	0.042857
46968	47001	3	0.008571
46968	47262	1	0.002857
46968	46789	22	0.062857
46968	47396	6	0.017143
46968	47141	2	0.005714
46968	47142	1	0.002857
46968	46895	1	0.002857
46968	47154	1	0.002857
46968	47134	1	0.002857
46968	47033	2	0.005714
46968	47419	1	0.002857
46968	47552	1	0.002857
46968	46916	4	0.011429
46968	46838	1	0.002857
46968	46790	2	0.005714
46968	47563	9	0.025714
46968	47181	2	0.005714
46968	47438	1	0.002857
46968	47056	15	0.042857
46968	46803	1	0.002857
46968	46935	1	0.002857
46968	46936	2	0.005714
46968	47578	1	0.002857
46968	46689	36	0.102857
46968	46843	2	0.005714
46968	46692	1	0.002857
46968	47206	2	0.005714
46968	46695	1	0.002857
46968	47208	1	0.002857
46968	46827	1	0.002857
46968	47478	44	0.125714
46968	46842	2	0.005714
46968	47227	3	0.008571
46968	46972	2	0.005714
46969	46728	2	0.012903
46969	47363	2	0.012903
46969	47255	2	0.012903
46971	47104	1	0.000931
46971	47365	67834	63.160149
46971	46870	15	0.013966
46972	46883	2	0.001103
46972	46789	2	0.001103
46972	47142	2	0.001103
46972	46919	2	0.001103
46972	47147	11	0.006064
46972	47500	1	0.000551
46972	46831	1	0.000551
46972	46835	2	0.001103
46972	47223	2	0.001103
46972	47131	3	0.001654
46975	47363	1	0.001543
46975	47241	1	0.001543
46975	47107	1	0.001543
46975	46870	1	0.001543
46975	47255	1	0.001543
46975	47134	1	0.001543
46975	46895	2	0.003086
46975	46904	1	0.001543
46975	47033	1	0.001543
46975	47419	2	0.003086
46975	46911	1	0.001543
46975	47552	1	0.001543
46975	46789	3	0.004630
46975	46790	1	0.001543
46975	46827	2	0.003086
46975	47434	1	0.001543
46975	47563	1	0.001543
46975	47565	1	0.001543
46975	47438	1	0.001543
46975	46799	1	0.001543
46975	47056	80	0.123457
46975	46935	1	0.001543
46975	46936	1	0.001543
46975	46692	2	0.003086
46975	47333	1	0.001543
46975	47206	1	0.001543
46975	46951	1	0.001543
46975	46695	2	0.003086
46975	46838	2	0.003086
46976	46840	1	0.013514
46976	47078	3	0.040541
46977	47056	1	0.001575
46977	46840	1	0.001575
46978	47056	4	0.012121
46978	46888	1	0.003030
46979	47208	42	1.105263
46979	47033	38	1.000000
46979	47438	39	1.026316
46979	46904	1	0.026316
46980	47056	1	0.100000
46984	46789	1	0.014706
46984	46983	1	0.014706
46984	46731	65	0.955882
46984	46701	1	0.014706
46984	46925	1	0.014706
46984	47056	901	13.250000
46984	46840	1	0.014706
46984	46995	1	0.014706
46984	47015	4	0.058824
46984	47190	1	0.014706
46984	47512	3	0.044118
46984	47101	1	0.014706
46984	47037	1	0.014706
46985	47056	64	1.254902
46985	46722	1	0.019608
46985	47394	2	0.039216
46985	47580	3	0.058824
46985	46789	2	0.039216
46986	47056	6	0.028436
46987	47083	1	0.017857
46987	47140	1	0.017857
46987	47478	1	0.017857
46987	46983	1	0.017857
46987	47223	1	0.017857
46987	46988	1	0.017857
46987	46701	1	0.017857
46987	47056	220	3.928571
46987	47121	1	0.017857
46987	46919	1	0.017857
46987	46883	1	0.017857
46987	47509	1	0.017857
46987	46870	1	0.017857
46987	47095	1	0.017857
46987	46968	1	0.017857
46987	46842	1	0.017857
46987	47037	1	0.017857
46988	46722	2	0.005714
46988	47553	1	0.002857
46988	47240	1	0.002857
46988	46743	1	0.002857
46988	47245	2	0.005714
46988	46736	1	0.002857
46988	46865	1	0.002857
46988	46995	1	0.002857
46988	46870	1	0.002857
46988	47255	1	0.002857
46988	47394	7	0.020000
46988	47011	2	0.005714
46988	47015	2	0.005714
46988	47144	4	0.011429
46988	47147	31	0.088571
46988	47536	163	0.465714
46988	46907	2	0.005714
46988	47037	1	0.002857
46988	46913	2	0.005714
46988	46788	7	0.020000
46988	47439	6	0.017143
46988	47056	4	0.011429
46988	47190	3	0.008571
46988	47066	1	0.002857
46988	47454	1	0.002857
46988	46800	1	0.002857
46988	47078	22	0.062857
46988	46826	10	0.028571
46988	46701	1	0.002857
46988	47478	1	0.002857
46988	47101	2	0.005714
46991	47056	1	0.005291
46991	46840	1	0.005291
46991	46692	2	0.010582
46992	46888	48	0.069465
46992	47056	2	0.002894
46994	47056	4	0.005755
46995	47536	34	0.507463
46995	47101	3	0.044776
46995	46913	9	0.134328
46995	47147	121	1.805970
46995	46988	38	0.567164
46995	46701	3	0.044776
46995	47439	14	0.208955
46995	47056	292	4.358209
46995	47255	4	0.059701
46995	47512	2	0.029851
46995	47037	3	0.044776
46995	47245	1	0.014925
46996	47104	3	0.007874
46996	46916	3	0.007874
46996	46789	3	0.007874
46996	46731	1	0.002625
46996	47056	3	0.007874
46996	47033	3	0.007874
46996	47131	3	0.007874
46997	47056	262	3.234568
46997	47512	3	0.037037
46997	46983	1	0.012346
46997	47509	1	0.012346
46997	47015	1	0.012346
46999	46913	79	1.053333
46999	47394	14	0.186667
46999	46883	4	0.053333
46999	46788	2	0.026667
46999	47147	14	0.186667
46999	46988	2	0.026667
46999	47441	4	0.053333
46999	47255	4	0.053333
47000	47206	1	0.000853
47000	47369	1	0.000853
47000	47434	2	0.001705
47000	46895	1	0.000853
47000	47056	7	0.005968
47000	47249	1	0.000853
47000	47186	1	0.000853
47000	47284	1	0.000853
47000	46838	1	0.000853
47000	47255	2	0.001705
47000	46713	1	0.000853
47000	47581	1	0.000853
47001	46736	3	0.012448
47001	46722	8	0.033195
47001	46883	2	0.008299
47001	47140	3	0.012448
47001	46789	6	0.024896
47001	47494	1	0.004149
47001	46731	6	0.024896
47001	46701	1	0.004149
47001	47567	2	0.008299
47001	47056	1030	4.273859
47001	47477	5	0.020747
47001	47478	1	0.004149
47001	47063	1	0.004149
47001	46840	5	0.020747
47001	47037	1	0.004149
47005	47056	1	0.007692
47005	47206	1	0.007692
47006	47056	3	0.011583
47006	46800	1	0.003861
47007	47056	1	0.002494
47007	47078	1	0.002494
47007	47144	1	0.002494
47007	47114	2	0.004988
47007	47147	1	0.002494
47007	47536	6	0.014963
47007	46838	2	0.004988
47007	47255	2	0.004988
47007	46840	9	0.022444
47007	46713	2	0.004988
47007	47434	1	0.002494
47007	46749	10	0.024938
47008	47056	2	0.001830
47008	46935	3	0.002745
47011	46976	1	0.001653
47011	46722	5	0.008264
47011	47494	951	1.571901
47011	46983	1	0.001653
47011	47113	3	0.004959
47011	46731	498	0.823140
47011	46988	2	0.003306
47011	46736	950	1.570248
47011	46865	3	0.004959
47011	47252	4	0.006612
47011	46741	1	0.001653
47011	47512	479	0.791736
47011	47001	2	0.003306
47011	46831	1	0.001653
47011	47394	190	0.314050
47011	46883	22	0.036364
47011	47238	1	0.001653
47011	47142	3	0.004959
47011	47144	35	0.057851
47011	47147	2	0.003306
47011	47410	1	0.001653
47011	47154	3	0.004959
47011	47158	2	0.003306
47011	47037	17	0.028099
47011	47553	1	0.001653
47011	46789	2	0.003306
47011	46919	6	0.009917
47011	47056	24	0.039669
47011	47441	1	0.001653
47011	47190	2	0.003306
47011	47580	1	0.001653
47011	46800	8	0.013223
47011	47078	1	0.001653
47011	47463	1	0.001653
47011	46701	21	0.034711
47011	46909	4	0.006612
47011	47223	3	0.004959
47011	46840	3	0.004959
47011	47098	4	0.006612
47011	47101	8	0.013223
47013	47056	2	0.071429
47013	46789	2	0.071429
47015	46722	6	0.021818
47015	47494	2	0.007273
47015	46919	2	0.007273
47015	47181	2	0.007273
47015	47056	1857	6.752727
47015	46870	2	0.007273
47015	47512	307	1.116364
47015	46746	2	0.007273
47015	47101	1	0.003636
47016	47104	2	0.005348
47016	46789	2	0.005348
47016	47206	1	0.002674
47016	46888	47	0.125668
47016	47181	1	0.002674
47016	47056	47	0.125668
47016	46706	1	0.002674
47016	47478	1	0.002674
47016	47255	3	0.008021
47016	46842	2	0.005348
47019	47056	4	0.043011
47020	46976	1	0.000126
47020	47104	9	0.001137
47020	47147	1	0.000126
47020	47365	34	0.004297
47020	47238	1	0.000126
47020	47105	1	0.000126
47020	47404	1	0.000126
47020	47085	8	0.001011
47020	47500	1	0.000126
47020	46734	42	0.005308
47020	46991	1	0.000126
47020	46865	1	0.000126
47020	47252	1	0.000126
47020	46741	1	0.000126
47020	47158	1	0.000126
47020	47066	1	0.000126
47020	47390	2	0.000253
47020	47557	1	0.000126
47020	47142	42	0.005308
47020	47144	18	0.002275
47020	47273	3	0.000379
47020	47146	2	0.000253
47020	46891	2	0.000253
47020	46892	23	0.002907
47020	47536	12	0.001516
47020	46897	1	0.000126
47020	47539	1	0.000126
47020	47414	2	0.000253
47020	47166	1	0.000126
47020	46789	13	0.001643
47020	46988	1	0.000126
47020	47437	2	0.000253
47020	47360	1	0.000126
47020	46801	1	0.000126
47020	46930	2	0.000253
47020	47321	2	0.000253
47020	46810	2	0.000253
47020	47067	2	0.000253
47020	47071	2	0.000253
47020	46817	2	0.000253
47020	47204	2	0.000253
47020	47590	1	0.000126
47020	47078	2625	0.331733
47020	47335	2	0.000253
47020	46824	2	0.000253
47020	46825	16	0.002022
47020	47079	1	0.000126
47020	47469	21	0.002654
47020	46959	1	0.000126
47020	47090	1	0.000126
47020	47465	1	0.000126
47020	46712	1	0.000126
47020	47380	1	0.000126
47020	47098	1	0.000126
47020	46972	4	0.000505
47022	47056	101	3.366667
47022	46842	1	0.033333
47022	46789	4	0.133333
47022	46983	1	0.033333
47023	47262	1	0.000657
47023	46895	1	0.000657
47024	47105	1	0.024390
47024	47238	1	0.024390
47024	46731	1	0.024390
47024	46865	1	0.024390
47024	47380	1	0.024390
47024	46870	24	0.585366
47024	47337	1	0.024390
47024	46769	1	0.024390
47024	47273	1	0.024390
47024	46897	1	0.024390
47024	47414	1	0.024390
47024	47293	1	0.024390
47024	47557	1	0.024390
47024	47056	14	0.341463
47024	47441	1	0.024390
47024	47316	1	0.024390
47024	46806	1	0.024390
47024	46810	1	0.024390
47024	46817	1	0.024390
47024	47204	1	0.024390
47024	47590	1	0.024390
47024	47079	1	0.024390
47024	46825	530	12.926829
47024	47469	5	0.121951
47024	47088	1	0.024390
47024	47090	1	0.024390
47024	47230	1	0.024390
47024	47593	1	0.024390
47024	46841	1	0.024390
47024	46842	13	0.317073
47024	46974	1	0.024390
47025	47019	5	0.007205
47025	46983	1	0.001441
47025	46860	3	0.004323
47025	46734	1	0.001441
47025	46870	5	0.007205
47025	47001	2	0.002882
47025	46883	2	0.002882
47025	47144	23	0.033141
47025	47147	6	0.008646
47025	46892	3	0.004323
47025	46895	22	0.031700
47025	47410	1	0.001441
47025	47500	1	0.001441
47025	46789	6	0.008646
47025	47116	7	0.010086
47025	47056	36	0.051873
47025	46803	6	0.008646
47025	47190	1	0.001441
47025	47063	7	0.010086
47025	46808	2	0.002882
47025	47590	199	0.286744
47025	47477	1	0.001441
47025	47223	7	0.010086
47025	46840	17	0.024496
47025	47098	23	0.033141
47025	47101	9	0.012968
47027	47056	9	0.013932
47027	46789	6	0.009288
47027	46870	2	0.003096
47032	47056	11	0.061111
47033	47296	3	0.000621
47033	47234	1	0.000207
47033	47107	1	0.000207
47033	46852	32	0.006623
47033	46728	1	0.000207
47033	46985	1	0.000207
47033	47040	1	0.000207
47033	47118	1	0.000207
47033	47363	5	0.001035
47033	47255	3	0.000621
47033	46979	5	0.001035
47033	47263	1	0.000207
47033	46757	5	0.001035
47033	46919	2	0.000414
47033	47407	1	0.000207
47033	47496	5	0.001035
47033	46902	1	0.000207
47033	47287	1	0.000207
47033	46905	1	0.000207
47033	47552	1	0.000207
47033	47428	1	0.000207
47033	46790	1	0.000207
47033	47431	1	0.000207
47033	47563	1	0.000207
47033	46796	2	0.000414
47033	47438	4	0.000828
47033	47056	33	0.006829
47033	47444	1	0.000207
47033	47054	1	0.000207
47033	46935	3	0.000621
47033	46936	2	0.000414
47033	46812	1	0.000207
47033	46941	1	0.000207
47033	47073	1	0.000207
47033	47203	1	0.000207
47033	46692	1	0.000207
47033	47078	1	0.000207
47033	47206	12	0.002483
47033	47463	3	0.000621
47033	47208	2	0.000414
47033	46961	1	0.000207
47033	47091	1	0.000207
47033	46838	1	0.000207
47033	47225	1	0.000207
47033	47101	4	0.000828
47033	46847	1	0.000207
47034	47056	102	0.163462
47034	46870	2	0.003205
47034	47478	27	0.043269
47037	46731	1615	11.373239
47037	46701	77	0.542254
47039	47056	6	0.166667
47040	47056	61	4.357143
47042	46870	2	1.000000
47043	47056	24	6.000000
47043	46888	4	1.000000
47044	47056	116	3.515152
47044	47121	1	0.030303
47047	47056	20	2.000000
47047	47121	1	0.100000
47048	47056	8	0.020566
47048	46790	1	0.002571
47048	47206	10	0.025707
47049	47056	223	3.054795
47049	46789	73	1.000000
47050	47056	55	4.230769
47050	47512	3	0.230769
47050	46983	1	0.076923
47050	47015	1	0.076923
47051	46766	7	0.583333
47054	47056	5	0.018657
47054	47206	1	0.003731
47055	46789	6	0.010733
47055	46697	16	0.028623
47055	47469	1	0.001789
47055	47056	18	0.032200
47055	46870	9	0.016100
47055	47385	1	0.001789
47056	47107	63	0.013453
47056	47111	42	0.008969
47056	47113	1	0.000214
47056	47114	5	0.001068
47056	46935	64	0.013666
47056	46987	21	0.004484
47056	47121	393	0.083921
47056	47122	96	0.020500
47056	46966	39	0.008328
47056	47131	61	0.013026
47056	47134	6	0.001281
47056	47140	10	0.002135
47056	47141	60	0.012812
47056	47142	18	0.003844
47056	47144	120	0.025625
47056	47147	166	0.035447
47056	47154	67	0.014307
47056	47156	60	0.012812
47056	47173	112	0.023916
47056	47176	1	0.000214
47056	47116	298	0.063634
47056	47181	290	0.061926
47056	47182	61	0.013026
47056	47189	180	0.038437
47056	47190	100	0.021354
47056	47194	105	0.022422
47056	47199	50	0.010677
47056	46689	449	0.095879
47056	47202	269	0.057442
47056	46692	63	0.013453
47056	46694	13	0.002776
47056	47206	184	0.039291
47056	46695	2	0.000427
47056	47208	62	0.013239
47056	46701	149	0.031817
47056	47214	71	0.015161
47056	46706	60	0.012812
47056	47223	51	0.010890
47056	47226	61	0.013026
47056	46715	44	0.009396
47056	47040	193	0.041213
47056	46722	2121	0.452915
47056	47236	3	0.000641
47056	46728	64	0.013666
47056	47241	1	0.000214
47056	47243	117	0.024984
47056	47245	316	0.067478
47056	46736	112	0.023916
47056	47249	43	0.009182
47056	46743	98	0.020927
47056	47044	106	0.022635
47056	46746	877	0.187273
47056	46749	87	0.018578
47056	47262	71	0.015161
47056	46756	33	0.007047
47056	46758	2	0.000427
47056	46759	127	0.027119
47056	46776	42	0.008969
47056	46780	92	0.019646
47056	47296	60	0.012812
47056	46786	168	0.035874
47056	46788	63	0.013453
47056	46789	7149	1.526586
47056	46790	66	0.014094
47056	47303	1	0.000214
47056	46796	574	0.122571
47056	46799	1	0.000214
47056	46800	154	0.032885
47056	46803	54	0.011531
47056	46804	63	0.013453
47056	47317	1	0.000214
47056	46808	1	0.000214
47056	46809	1	0.000214
47056	47322	3	0.000641
47056	46811	60	0.012812
47056	47325	300	0.064061
47056	46816	17	0.003630
47056	47329	1	0.000214
47056	47227	259	0.055306
47056	47333	1	0.000214
47056	46826	127	0.027119
47056	46827	133	0.028401
47056	46831	70	0.014948
47056	46835	98	0.020927
47056	46838	64	0.013666
47056	46840	419	0.089473
47056	46842	115	0.024557
47056	47357	80	0.017083
47056	46846	106	0.022635
47056	46848	1	0.000214
47056	47363	65	0.013880
47056	46852	61	0.013026
47056	47367	277	0.059150
47056	46861	1	0.000214
47056	46863	3	0.000641
47056	46870	332	0.070895
47056	47383	2	0.000427
47056	47384	124	0.026479
47056	46873	187	0.039932
47056	47387	153	0.032671
47056	47066	61	0.013026
47056	47394	1238	0.264360
47056	46883	224	0.047833
47056	47396	1379	0.294469
47056	47494	99	0.021140
47056	46888	61	0.013026
47056	46892	476	0.101644
47056	46895	62	0.013239
47056	47240	1	0.000214
47056	47410	883	0.188554
47056	46902	61	0.013026
47056	46904	60	0.012812
47056	46907	2	0.000427
47056	46909	14	0.002990
47056	46911	62	0.013239
47056	46913	76	0.016229
47056	46731	275	0.058723
47056	46916	520	0.111040
47056	46919	246	0.052530
47056	46988	92	0.019646
47056	47434	105	0.022422
47056	46925	63	0.013453
47056	47438	64	0.013666
47056	47439	1149	0.245356
47056	47441	12	0.002562
47056	46819	105	0.022422
47056	47446	38	0.008114
47056	47447	60	0.012812
47056	46936	65	0.013880
47056	47455	12	0.002562
47056	46944	60	0.012812
47056	47457	1	0.000214
47056	47460	9	0.001922
47056	47463	94	0.020073
47056	46956	261	0.055734
47056	46957	78	0.016656
47056	46959	60	0.012812
47056	47477	76	0.016229
47056	47478	216	0.046124
47056	46968	66	0.014094
47056	46969	62	0.013239
47056	46972	2	0.000427
47056	46973	60	0.012812
47056	47509	75	0.016015
47056	46976	62	0.013239
47056	46979	1	0.000214
47056	46982	61	0.013026
47056	46983	65	0.013880
47056	46985	49	0.010463
47056	47255	75	0.016015
47056	47500	79	0.016870
47056	46991	1	0.000214
47056	46995	172	0.036729
47056	46997	1476	0.315183
47056	47512	1732	0.369848
47056	47001	1269	0.270980
47056	47518	1	0.000214
47056	47007	1	0.000214
47056	47520	2	0.000427
47056	47524	392	0.083707
47056	47015	451	0.096306
47056	47022	85	0.018151
47056	47536	87	0.018578
47056	47537	81	0.017297
47056	47538	70	0.014948
47056	47033	64	0.013666
47056	47037	201	0.042921
47056	47552	88	0.018791
47056	47556	62	0.013239
47056	47047	66	0.014094
47056	47050	157	0.033526
47056	47563	395	0.084348
47056	47565	62	0.013239
47056	47567	2	0.000427
47056	47568	60	0.012812
47056	47059	240	0.051249
47056	47063	662	0.141362
47056	47578	72	0.015375
47056	47580	2387	0.509716
47056	47078	45	0.009609
47056	47083	95	0.020286
47056	47091	30	0.006406
47056	47095	1	0.000214
47056	47101	88	0.018791
47057	47056	2	0.005731
47057	47104	2	0.005731
47059	47056	65	4.062500
47060	47056	1	0.033333
47060	47113	20	0.666667
47060	47011	5	0.166667
47060	46800	1	0.033333
47060	47478	1	0.033333
47061	47434	2	0.001770
47061	46870	1	0.000885
47061	47262	1	0.000885
47063	46722	1	0.001145
47063	47154	3	0.003436
47063	46789	6	0.006873
47063	46919	1	0.001145
47063	46796	7	0.008018
47063	47394	2	0.002291
47063	47056	2712	3.106529
47063	47410	1	0.001145
47063	46840	15	0.017182
47063	47580	3	0.003436
47066	47536	2	0.005935
47066	47147	12	0.035608
47066	47078	1	0.002967
47067	47552	2	0.027397
47067	47368	73	1.000000
47067	46892	3	0.041096
47067	46865	10	0.136986
47067	46870	4	0.054795
47067	46840	1	0.013699
47068	46870	4	0.048193
47069	47056	4	0.080000
47069	46789	1	0.020000
47073	47107	1	0.001466
47073	46790	1	0.001466
47073	47206	3	0.004399
47073	47208	1	0.001466
47073	47438	1	0.001466
47073	47056	1	0.001466
47073	46728	1	0.001466
47073	47255	1	0.001466
47073	46840	1	0.001466
47073	47033	1	0.001466
47074	46800	33	0.058304
47074	47206	3	0.005300
47074	47208	1	0.001767
47074	47114	1	0.001767
47074	46831	2	0.003534
47074	47056	20	0.035336
47074	47255	1	0.001767
47074	46909	3	0.005300
47074	47134	1	0.001767
47075	47105	1	0.024390
47075	47238	1	0.024390
47075	46731	1	0.024390
47075	46865	1	0.024390
47075	47380	1	0.024390
47075	46870	23	0.560976
47075	47337	1	0.024390
47075	46769	1	0.024390
47075	47273	1	0.024390
47075	46897	1	0.024390
47075	47414	1	0.024390
47075	47293	1	0.024390
47075	47557	1	0.024390
47075	47056	14	0.341463
47075	47441	1	0.024390
47075	47316	1	0.024390
47075	46806	1	0.024390
47075	46810	1	0.024390
47075	46817	1	0.024390
47075	47204	1	0.024390
47075	47590	1	0.024390
47075	47079	1	0.024390
47075	46825	527	12.853659
47075	47469	5	0.121951
47075	47088	1	0.024390
47075	47090	1	0.024390
47075	47230	1	0.024390
47075	47593	1	0.024390
47075	46841	1	0.024390
47075	46842	13	0.317073
47075	46974	1	0.024390
47076	47376	8	0.010724
47076	47142	1	0.001340
47076	47297	2	0.002681
47076	46888	6	0.008043
47076	47563	1	0.001340
47076	47056	56	0.075067
47078	46976	1	0.000133
47078	47104	9	0.001193
47078	47365	17	0.002253
47078	47238	1	0.000133
47078	47105	1	0.000133
47078	47500	2	0.000265
47078	46734	1	0.000133
47078	47469	11	0.001458
47078	47380	1	0.000133
47078	46741	1	0.000133
47078	47158	1	0.000133
47078	47390	1	0.000133
47078	47557	1	0.000133
47078	47067	1	0.000133
47078	47142	21	0.002783
47078	47144	16	0.002121
47078	47273	1	0.000133
47078	46891	1	0.000133
47078	46892	32	0.004241
47078	47536	8	0.001060
47078	46897	2	0.000265
47078	47414	1	0.000133
47078	46909	1	0.000133
47078	47166	1	0.000133
47078	47167	2	0.000265
47078	46789	13	0.001723
47078	47437	1	0.000133
47078	47360	1	0.000133
47078	46801	1	0.000133
47078	46930	1	0.000133
47078	46806	1	0.000133
47078	46810	1	0.000133
47078	46991	2	0.000265
47078	47071	1	0.000133
47078	46817	1	0.000133
47078	47204	1	0.000133
47078	47590	1	0.000133
47078	47079	1	0.000133
47078	46825	7	0.000928
47078	47085	5	0.000663
47078	46959	1	0.000133
47078	47293	1	0.000133
47078	47090	1	0.000133
47078	47465	1	0.000133
47078	46712	1	0.000133
47078	47252	1	0.000133
47078	47098	1	0.000133
47078	46715	1	0.000133
47078	46972	3	0.000398
47079	47441	4	0.285714
47079	46994	1	0.071429
47079	46790	2	0.142857
47079	46870	2	0.142857
47080	47536	22	0.647059
47080	47101	1	0.029412
47080	46913	4	0.117647
47080	47147	78	2.294118
47080	46988	25	0.735294
47080	46701	1	0.029412
47080	47439	9	0.264706
47080	47056	144	4.235294
47080	46995	120	3.529412
47080	47255	2	0.058824
47080	47512	1	0.029412
47080	47037	1	0.029412
47083	47056	322	3.701149
47083	46840	2	0.022989
47083	46976	1	0.011494
47083	47101	1	0.011494
47083	47142	1	0.011494
47085	46731	57	0.863636
47085	46892	1	0.015152
47085	46870	1	0.015152
47086	47206	2	0.005495
47086	47383	3	0.008242
47087	46689	2	0.001083
47087	46731	2	0.001083
47087	47147	12	0.006501
47087	47556	2	0.001083
47087	46695	10	0.005417
47087	47144	4	0.002167
47087	47083	2	0.001083
47087	46988	2	0.001083
47087	47101	8	0.004334
47087	47056	24	0.013001
47087	46867	1434	0.776815
47087	47252	1446	0.783315
47087	46870	4	0.002167
47087	46835	2	0.001083
47087	46840	2	0.001083
47087	47140	4	0.002167
47087	46749	26	0.014085
47088	46898	2	0.666667
47088	46870	3	1.000000
47089	46800	2	0.004193
47089	47056	1	0.002096
47089	47563	1	0.002096
47089	47206	3	0.006289
47089	47255	1	0.002096
47090	46883	1	0.005988
47090	47158	1	0.005988
47090	46892	1	0.005988
47090	46701	1	0.005988
47090	46800	1	0.005988
47090	47121	1	0.005988
47090	46789	1	0.005988
47090	46870	3	0.017964
47090	47415	2	0.011976
47090	46840	1	0.005988
47090	47101	1	0.005988
47090	47167	439	2.628743
47091	47078	12	1.200000
47092	46800	70	0.120690
47092	46789	3	0.005172
47092	46888	6	0.010345
47092	47114	1	0.001724
47092	47563	2	0.003448
47092	47469	2	0.003448
47092	46831	2	0.003448
47092	47056	21	0.036207
47092	46909	2	0.003448
47092	47134	1	0.001724
47095	46736	1	0.035714
47095	46759	14	0.500000
47097	47056	1	0.020408
47098	46883	2	0.041667
47098	46988	1	0.020833
47098	47223	1	0.020833
47101	46976	6	0.004515
47101	47520	1	0.000752
47101	47394	3	0.002257
47101	46883	3	0.002257
47101	47396	2	0.001505
47101	47078	1	0.000752
47101	47015	2	0.001505
47101	47465	2	0.001505
47101	46987	2	0.001505
47101	46892	1	0.000752
47101	47056	15	0.011287
47101	47147	2	0.001505
47101	47122	2	0.001505
47101	47011	5	0.003762
47101	46840	13	0.009782
47101	46916	1	0.000752
47101	46972	1	0.000752
47101	46909	2	0.001505
47103	46888	3	0.006593
