Src	Trg	LinkCount	RelLinkCount
35330	35096	8	0.045714
35330	35304	2	0.011429
35330	35322	1	0.005714
35331	35304	223	0.653959
35334	35346	1	0.040000
35336	35119	2	0.005587
35341	35322	1	0.023256
35342	35304	18	0.230769
35342	35040	2	0.025641
35342	35346	2	0.025641
35342	35074	4	0.051282
35342	35318	3	0.038462
35344	35232	2	0.181818
35344	35200	1	0.090909
35344	35042	1	0.090909
35344	35147	1	0.090909
35344	35022	1	0.090909
35344	35193	13	1.181818
35344	35322	6	0.545455
35344	35036	1	0.090909
35344	35069	1	0.090909
35346	35232	2	0.004396
35346	35042	1	0.002198
35346	35304	1	0.002198
35346	35209	2	0.004396
35346	35308	33	0.072527
35346	35022	2	0.004396
35346	35055	2	0.004396
35346	35058	1	0.002198
35346	35318	44	0.096703
35346	35322	4	0.008791
35346	35355	1	0.002198
35346	35102	1	0.002198
35352	35232	1	0.024390
35352	35209	1	0.024390
35352	35071	1	0.024390
35352	35309	1	0.024390
35352	35119	1	0.024390
35354	35088	42	0.385321
35354	35322	1	0.009174
35354	35308	1	0.009174
35355	35232	2	0.004651
35355	35304	4	0.009302
35355	35028	2	0.004651
35355	35193	4	0.009302
35355	35322	1	0.002326
35355	35066	2	0.004651
35356	35232	1	0.012346
35356	35304	1	0.012346
35356	35036	2	0.024691
35356	35055	2	0.024691
35356	35129	4	0.049383
35356	35193	3	0.037037
35356	35260	4	0.049383
35359	35304	6	0.181818
35359	35257	1	0.030303
35359	35285	1	0.030303
35361	35042	4	0.004561
35361	35304	8	0.009122
35361	35209	93	0.106043
35361	35147	621	0.708096
35361	35308	719	0.819840
35361	35181	2	0.002281
35361	35320	7	0.007982
35361	35318	10	0.011403
35361	35096	618	0.704675
35361	35322	617	0.703535
35361	35035	1	0.001140
35361	35036	6	0.006842
35361	35102	20	0.022805
35364	35079	1	0.002786
35364	35209	6	0.016713
35364	35091	1	0.002786
35364	35096	1	0.002786
35364	35355	1	0.002786
35364	35102	3	0.008357
35364	35232	1	0.002786
35364	35110	1	0.002786
35364	35111	1	0.002786
35364	35247	1	0.002786
35364	35123	1	0.002786
35364	35256	1	0.002786
35364	35260	4	0.011142
35364	35016	1	0.002786
35364	35017	1	0.002786
35364	35022	3	0.008357
35364	35028	5	0.013928
35364	35285	1	0.002786
35364	35035	3	0.008357
35364	35036	11	0.030641
35364	35040	1	0.002786
35364	35304	3	0.008357
35364	35309	1	0.002786
35364	35055	2	0.005571
35364	35048	1	0.002786
35364	35318	1	0.002786
35364	35320	4	0.011142
35364	35322	2	0.005571
35364	35071	1	0.002786
35369	35232	1	0.007634
35369	35304	4	0.030534
35369	35322	1	0.007634
35369	35247	1	0.007634
35373	35304	1	0.038462
35001	35304	6	0.062500
35001	35110	12	0.125000
35001	35119	4	0.041667
35003	35304	9	0.047872
35003	35217	1	0.005319
35003	35322	1	0.005319
35003	35088	1	0.005319
35005	35232	2173	1.423052
35005	35013	7	0.004584
35005	35079	10982	7.191880
35005	35209	1	0.000655
35005	35028	1078	0.705959
35005	35318	2	0.001310
35005	35036	6	0.003929
35006	35304	3	0.272727
35007	35308	2	0.125000
35007	35356	2	0.125000
35007	35318	3	0.187500
35007	35028	1	0.062500
35013	35232	3	0.011321
35013	35079	4	0.015094
35013	35217	1	0.003774
35013	35318	6	0.022642
35013	35320	2	0.007547
35013	35322	1	0.003774
35013	35260	1	0.003774
35013	35005	4	0.015094
35013	35096	1	0.003774
35015	35304	4	1.333333
35017	35304	3	0.032967
35017	35193	1	0.010989
35021	35304	2	0.090909
35022	35042	3	0.002273
35022	35207	28	0.021212
35022	35304	5	0.003788
35022	35177	1	0.000758
35022	35071	4	0.003030
35022	35119	3	0.002273
35022	35064	1	0.000758
35022	35058	3	0.002273
35022	35028	2	0.001515
35022	35317	259	0.196212
35022	35320	2	0.001515
35022	35193	117	0.088636
35022	35322	62	0.046970
35022	35355	3	0.002273
35022	35036	2	0.001515
35022	35102	1	0.000758
35022	35029	1	0.000758
35025	35304	1	0.022222
35025	35193	1	0.022222
35025	35042	1	0.022222
35025	35355	1	0.022222
35025	35322	4	0.088889
35026	35297	9	2.250000
35026	35036	1	0.250000
35026	35350	1	0.250000
35028	35330	1	0.000157
35028	35338	2	0.000313
35028	35343	2	0.000313
35028	35344	20	0.003130
35028	35346	1	0.000157
35028	35352	1	0.000157
35028	35354	1	0.000157
35028	35355	8	0.001252
35028	35356	770	0.120520
35028	35361	2	0.000313
35028	35364	868	0.135859
35028	35001	148	0.023165
35028	35004	8	0.001252
35028	35005	7	0.001096
35028	35013	1	0.000157
35028	35016	3	0.000470
35028	35020	1	0.000157
35028	35021	2	0.000313
35028	35022	156	0.024417
35028	35034	4	0.000626
35028	35035	1055	0.165128
35028	35036	7834	1.226170
35028	35040	31	0.004852
35028	35041	1	0.000157
35028	35042	12	0.001878
35028	35052	10	0.001565
35028	35055	333	0.052121
35028	35058	8	0.001252
35028	35060	3	0.000470
35028	35061	4	0.000626
35028	35062	4	0.000626
35028	35064	1	0.000157
35028	35065	3	0.000470
35028	35066	1	0.000157
35028	35068	2	0.000313
35028	35069	11	0.001722
35028	35071	41	0.006417
35028	35072	4	0.000626
35028	35074	1	0.000157
35028	35077	3	0.000470
35028	35079	5	0.000783
35028	35085	2	0.000313
35028	35089	2	0.000313
35028	35090	2	0.000313
35028	35091	15	0.002348
35028	35096	2566	0.401628
35028	35097	6	0.000939
35028	35101	1	0.000157
35028	35102	13372	2.092972
35028	35106	2	0.000313
35028	35109	2	0.000313
35028	35110	21	0.003287
35028	35111	40	0.006261
35028	35112	1	0.000157
35028	35117	1	0.000157
35028	35119	967	0.151354
35028	35129	122	0.019095
35028	35132	2	0.000313
35028	35133	2	0.000313
35028	35147	55	0.008609
35028	35149	1	0.000157
35028	35150	8	0.001252
35028	35156	2	0.000313
35028	35158	5	0.000783
35028	35176	2	0.000313
35028	35177	16	0.002504
35028	35182	1	0.000157
35028	35186	3	0.000470
35028	35193	249	0.038973
35028	35207	3	0.000470
35028	35209	467	0.073094
35028	35217	140	0.021913
35028	35226	149	0.023321
35028	35232	83	0.012991
35028	35246	1	0.000157
35028	35248	1	0.000157
35028	35256	13	0.002035
35028	35257	3	0.000470
35028	35258	290	0.045391
35028	35260	57	0.008922
35028	35269	2	0.000313
35028	35285	4	0.000626
35028	35292	1	0.000157
35028	35304	101284	15.852872
35028	35308	81	0.012678
35028	35309	192	0.030052
35028	35317	1	0.000157
35028	35318	2216	0.346846
35028	35320	369	0.057756
35028	35322	131	0.020504
35029	35232	1	0.004292
35029	35304	1	0.004292
35029	35022	1	0.004292
35032	35040	4	0.137931
35032	35232	8	0.275862
35032	35042	12	0.413793
35032	35022	10	0.344828
35032	35087	4	0.137931
35032	35317	3	0.103448
35032	35193	29	1.000000
35032	35322	14	0.482759
35032	35355	8	0.275862
35032	35069	6	0.206897
35035	35072	2	0.002548
35035	35074	1	0.001274
35035	35077	1	0.001274
35035	35207	2	0.002548
35035	35209	125	0.159236
35035	35330	1	0.001274
35035	35352	1	0.001274
35035	35090	1	0.001274
35035	35096	23	0.029299
35035	35097	6	0.007643
35035	35355	1	0.001274
35035	35101	1	0.001274
35035	35232	25	0.031847
35035	35364	18	0.022930
35035	35109	2	0.002548
35035	35110	1	0.001274
35035	35112	1	0.001274
35035	35292	1	0.001274
35035	35079	4	0.005096
35035	35117	1	0.001274
35035	35246	1	0.001274
35035	35119	13	0.016561
35035	35257	1	0.001274
35035	35258	1	0.001274
35035	35005	7	0.008917
35035	35317	1	0.001274
35035	35013	1	0.001274
35035	35016	1	0.001274
35035	35147	23	0.029299
35035	35022	2	0.002548
35035	35064	1	0.001274
35035	35028	1721	2.192357
35035	35158	1	0.001274
35035	35193	4	0.005096
35035	35034	2	0.002548
35035	35036	5	0.006369
35035	35066	1	0.001274
35035	35040	23	0.029299
35035	35042	3	0.003822
35035	35089	1	0.001274
35035	35304	2	0.002548
35035	35308	2	0.002548
35035	35055	2	0.002548
35035	35058	3	0.003822
35035	35061	3	0.003822
35035	35062	1	0.001274
35035	35320	117	0.149045
35035	35065	1	0.001274
35035	35322	92	0.117197
35035	35068	2	0.002548
35035	35069	3	0.003822
35035	35071	4	0.005096
35036	35209	5	0.004177
35036	35344	1	0.000835
35036	35217	1	0.000835
35036	35096	1	0.000835
35036	35226	1	0.000835
35036	35356	1	0.000835
35036	35101	1	0.000835
35036	35102	12	0.010025
35036	35232	17	0.014202
35036	35364	444	0.370927
35036	35111	1	0.000835
35036	35119	5	0.004177
35036	35256	1	0.000835
35036	35129	1	0.000835
35036	35258	3	0.002506
35036	35260	18	0.015038
35036	35062	1	0.000835
35036	35147	2	0.001671
35036	35150	1	0.000835
35036	35156	1	0.000835
35036	35001	1	0.000835
35036	35035	5	0.004177
35036	35176	1	0.000835
35036	35177	1	0.000835
35036	35308	42	0.035088
35036	35309	2	0.001671
35036	35055	3	0.002506
35036	35304	177	0.147870
35036	35052	1	0.000835
35036	35318	13	0.010860
35036	35028	60	0.050125
35036	35322	24	0.020050
35036	35193	1	0.000835
35040	35232	1	0.000528
35040	35334	2	0.001057
35040	35304	3	0.001585
35040	35308	1	0.000528
35040	35022	10	0.005283
35040	35119	4	0.002113
35040	35028	1	0.000528
35040	35193	16	0.008452
35040	35257	4	0.002113
35041	35304	1	0.015152
35041	35209	27	0.409091
35041	35322	1	0.015152
35041	35036	55	0.833333
35041	35119	1	0.015152
35047	35336	2	0.033898
35047	35315	3	0.050847
35048	35304	24	0.240000
35048	35193	2	0.020000
35051	35180	18	0.206897
35051	35020	19	0.218391
35051	35036	18	0.206897
35051	35308	4	0.045977
35051	35217	2	0.022989
35052	35322	1	0.008621
35052	35035	2	0.017241
35052	35028	347	2.991379
35052	35150	3	0.025862
35052	35119	1	0.008621
35054	35304	3	0.157895
35055	35260	2	0.060606
35055	35028	34	1.030303
35055	35102	2	0.060606
35055	35111	1	0.030303
35057	35304	2	0.011494
35057	35001	2	0.011494
35058	35193	2	0.004228
35060	35336	5	0.001101
35060	35193	1	0.000220
35062	35304	547	0.810370
35062	35036	1	0.001481
35062	35022	3	0.004444
35063	35271	5	0.208333
35064	35304	233	1.021930
35064	35318	3	0.013158
35065	35193	1	0.009346
35065	35322	5	0.046729
35066	35036	1	0.004505
35066	35355	1	0.004505
35066	35308	2	0.009009
35066	35028	1	0.004505
35066	35119	3	0.013514
35068	35217	2	0.012346
35068	35322	1	0.006173
35068	35028	1	0.006173
35068	35055	1	0.006173
35069	35232	6	0.020979
35069	35042	2	0.006993
35069	35209	1	0.003497
35069	35058	1	0.003497
35069	35097	1	0.003497
35069	35320	1	0.003497
35069	35193	66	0.230769
35069	35322	3	0.010490
35071	35079	2	0.005747
35071	35022	3	0.008621
35071	35028	109	0.313218
35071	35318	1	0.002874
35071	35320	219	0.629310
35071	35226	218	0.626437
35073	35036	14	1.000000
35073	35055	14	1.000000
35075	35304	4	0.000674
35076	35322	2	0.033898
35076	35042	2	0.033898
35076	35022	1	0.016949
35077	35048	1	0.007576
35077	35209	1	0.007576
35077	35036	1	0.007576
35077	35334	3	0.022727
35077	35119	1	0.007576
35079	35202	1	0.001269
35079	35209	50	0.063452
35079	35181	4	0.005076
35079	35356	1	0.001269
35079	35102	4	0.005076
35079	35232	6	0.007614
35079	35364	14	0.017766
35079	35119	7	0.008883
35079	35257	1	0.001269
35079	35260	9	0.011421
35079	35005	130	0.164975
35079	35013	1	0.001269
35079	35147	1	0.001269
35079	35028	15	0.019036
35079	35036	28	0.035533
35079	35304	23	0.029188
35079	35308	3	0.003807
35079	35309	2	0.002538
35079	35055	1	0.001269
35079	35313	2	0.002538
35079	35052	2	0.002538
35079	35318	4	0.005076
35079	35320	1	0.001269
35079	35193	1	0.001269
35079	35322	6	0.007614
35079	35071	1	0.001269
35084	35304	1	0.006757
35087	35232	1235	13.138298
35087	35193	1	0.010638
35087	35304	1	0.010638
35088	35193	2	0.005935
35088	35322	2	0.005935
35088	35318	2	0.005935
35089	35036	10	0.077519
35089	35119	1	0.007752
35089	35209	4	0.031008
35089	35320	1	0.007752
35089	35226	1	0.007752
35089	35260	10	0.077519
35089	35102	10	0.077519
35090	35232	2	0.004141
35090	35361	1	0.002070
35090	35079	1	0.002070
35090	35364	1	0.002070
35090	35207	1	0.002070
35090	35209	10	0.020704
35090	35147	2	0.004141
35090	35181	1	0.002070
35090	35310	2	0.004141
35090	35005	1	0.002070
35090	35028	3	0.006211
35090	35061	1	0.002070
35090	35320	4	0.008282
35090	35268	2	0.004141
35090	35322	13	0.026915
35090	35260	1	0.002070
35090	35036	9	0.018634
35090	35101	1	0.002070
35090	35071	1	0.002070
35091	35209	5	0.005495
35091	35147	1	0.001099
35091	35055	2	0.002198
35091	35217	4	0.004396
35091	35028	1830	2.010989
35091	35318	8	0.008791
35091	35129	6	0.006593
35091	35322	1	0.001099
35091	35036	1	0.001099
35091	35102	3	0.003297
35093	35308	1	0.034483
35096	35232	1	0.011111
35096	35036	2	0.022222
35096	35304	2	0.022222
35096	35209	6	0.066667
35096	35308	2	0.022222
35096	35055	5	0.055556
35096	35028	91	1.011111
35096	35256	1	0.011111
35096	35260	7	0.077778
35096	35133	1	0.011111
35096	35102	3	0.033333
35097	35040	1	0.002058
35097	35232	1	0.002058
35097	35042	1	0.002058
35097	35109	3	0.006173
35097	35308	1	0.002058
35097	35022	1	0.002058
35097	35069	1	0.002058
35097	35217	1	0.002058
35097	35058	1	0.002058
35097	35028	1	0.002058
35097	35318	3	0.006173
35097	35320	4	0.008230
35097	35322	2	0.004115
35097	35355	1	0.002058
35097	35005	1	0.002058
35097	35096	1	0.002058
35098	35304	21	0.636364
35101	35001	1	0.001894
35101	35109	71	0.134470
35101	35209	4	0.007576
35101	35308	11	0.020833
35101	35096	1	0.001894
35101	35055	11	0.020833
35101	35344	1	0.001894
35101	35217	2	0.003788
35101	35028	11	0.020833
35101	35318	5	0.009470
35101	35097	1	0.001894
35101	35320	10	0.018939
35101	35129	2	0.003788
35101	35322	1	0.001894
35101	35036	19	0.035985
35101	35102	2	0.003788
35101	35193	2	0.003788
35102	35202	3	0.003571
35102	35077	3	0.003571
35102	35079	8	0.009524
35102	35209	3	0.003571
35102	35089	3	0.003571
35102	35090	3	0.003571
35102	35355	3	0.003571
35102	35101	1	0.001190
35102	35232	5	0.005952
35102	35361	3	0.003571
35102	35239	2	0.002381
35102	35119	2	0.002381
35102	35001	1	0.001190
35102	35260	6	0.007143
35102	35133	1	0.001190
35102	35147	1	0.001190
35102	35020	3	0.003571
35102	35149	3	0.003571
35102	35022	3	0.003571
35102	35028	7	0.008333
35102	35257	2	0.002381
35102	35036	2	0.002381
35102	35066	2	0.002381
35102	35040	2	0.002381
35102	35041	3	0.003571
35102	35042	12	0.014286
35102	35217	2	0.002381
35102	35176	1	0.001190
35102	35346	1	0.001190
35102	35182	3	0.003571
35102	35055	4	0.004762
35102	35304	4	0.004762
35102	35058	3	0.003571
35102	35061	3	0.003571
35102	35318	6	0.007143
35102	35320	4	0.004762
35102	35322	7	0.008333
35102	35069	2	0.002381
35106	35304	2	0.038462
35106	35036	3	0.057692
35107	35336	10	0.019380
35107	35304	678	1.313953
35107	35123	340	0.658915
35107	35036	339	0.656977
35108	35232	2	0.001210
35108	35209	3	0.001815
35108	35364	44	0.026618
35108	35207	1277	0.772535
35108	35084	1	0.000605
35108	35115	1595	0.964912
35108	35308	1	0.000605
35108	35022	11	0.006655
35108	35028	20	0.012099
35108	35317	3	0.001815
35108	35052	1	0.000605
35108	35320	1	0.000605
35108	35226	3	0.001815
35108	35036	18	0.010889
35108	35102	2	0.001210
35109	35079	2	0.002770
35109	35209	10	0.013850
35109	35344	1	0.001385
35109	35217	12	0.016620
35109	35096	1	0.001385
35109	35097	4	0.005540
35109	35226	3	0.004155
35109	35101	6	0.008310
35109	35102	9	0.012465
35109	35232	1	0.001385
35109	35361	1	0.001385
35109	35364	1	0.001385
35109	35119	5	0.006925
35109	35001	1	0.001385
35109	35260	1	0.001385
35109	35005	1	0.001385
35109	35147	2	0.002770
35109	35028	14	0.019391
35109	35129	1	0.001385
35109	35036	31	0.042936
35109	35304	1	0.001385
35109	35177	1	0.001385
35109	35308	6	0.008310
35109	35181	1	0.001385
35109	35055	11	0.015235
35109	35061	1	0.001385
35109	35318	5	0.006925
35109	35320	13	0.018006
35109	35193	3	0.004155
35109	35322	6	0.008310
35110	35200	4	0.003899
35110	35105	1	0.000975
35110	35304	1356	1.321637
35110	35052	3	0.002924
35110	35150	27	0.026316
35110	35055	6	0.005848
35110	35217	6	0.005848
35110	35096	1	0.000975
35110	35322	3	0.002924
35110	35356	1	0.000975
35111	35258	4	0.001907
35111	35028	2	0.000953
35112	35308	1	0.002959
35113	35304	6	1.500000
35114	35322	2	0.009756
35117	35322	1	0.010638
35117	35042	1	0.010638
35117	35022	1	0.010638
35118	35304	7	0.005228
35118	35322	1	0.000747
35118	35036	1	0.000747
35119	35200	1	0.000986
35119	35202	1	0.000986
35119	35077	2	0.001972
35119	35079	5	0.004931
35119	35209	2	0.001972
35119	35090	5	0.004931
35119	35091	4	0.003945
35119	35129	3	0.002959
35119	35352	1	0.000986
35119	35355	1	0.000986
35119	35356	1	0.000986
35119	35232	4	0.003945
35119	35361	2	0.001972
35119	35364	6	0.005917
35119	35257	4	0.003945
35119	35147	1	0.000986
35119	35020	1	0.000986
35119	35149	2	0.001972
35119	35022	1	0.000986
35119	35028	1026	1.011834
35119	35001	3	0.002959
35119	35040	2	0.001972
35119	35042	1	0.000986
35119	35304	36	0.035503
35119	35309	7	0.006903
35119	35182	2	0.001972
35119	35058	2	0.001972
35119	35061	5	0.004931
35119	35318	6	0.005917
35119	35320	2	0.001972
35119	35322	4	0.003945
35119	35069	1	0.000986
35122	35304	48	3.000000
35123	35036	1	0.016393
35128	35304	14	1.076923
35129	35361	1	0.001431
35129	35077	3	0.004292
35129	35352	1	0.001431
35129	35304	20	0.028612
35129	35209	11	0.015737
35129	35051	2	0.002861
35129	35308	5	0.007153
35129	35149	1	0.001431
35129	35182	1	0.001431
35129	35055	8	0.011445
35129	35089	1	0.001431
35129	35346	2	0.002861
35129	35028	791	1.131617
35129	35318	3	0.004292
35129	35096	9	0.012876
35129	35257	3	0.004292
35129	35322	43	0.061516
35129	35260	2	0.002861
35129	35102	8	0.011445
35129	35109	1	0.001431
35132	35304	5	0.007072
35132	35022	1	0.001414
35132	35207	1	0.001414
35133	35096	192	4.000000
35133	35193	4	0.083333
35133	35028	48	1.000000
35133	35102	3	0.062500
35140	35059	52	0.675325
35145	35036	1	0.025641
35145	35028	1	0.025641
35145	35318	1	0.025641
35147	35209	17	0.011371
35147	35309	2	0.001338
35147	35217	7	0.004682
35147	35091	2	0.001338
35147	35096	10	0.006689
35147	35097	1	0.000669
35147	35226	24	0.016054
35147	35102	15	0.010033
35147	35232	1	0.000669
35147	35119	2	0.001338
35147	35256	4	0.002676
35147	35129	9	0.006020
35147	35258	4	0.002676
35147	35004	1	0.000669
35147	35133	12	0.008027
35147	35150	10	0.006689
35147	35028	2230	1.491639
35147	35035	6	0.004013
35147	35036	12	0.008027
35147	35042	1	0.000669
35147	35304	6	0.004013
35147	35177	2	0.001338
35147	35260	4	0.002676
35147	35052	4	0.002676
35147	35181	5	0.003344
35147	35055	4	0.002676
35147	35176	2	0.001338
35147	35318	4	0.002676
35147	35320	8	0.005351
35147	35193	16	0.010702
35147	35322	2	0.001338
35147	35071	6	0.004013
35149	35260	4	0.052632
35149	35036	1	0.013158
35149	35129	2	0.026316
35149	35119	3	0.039474
35150	35304	1	0.016393
35150	35052	1	0.016393
35150	35344	1	0.016393
35150	35156	1	0.016393
35150	35028	3	0.049180
35150	35133	1	0.016393
35151	35304	6	1.000000
35155	35034	225	1.000000
35155	35206	225	1.000000
35156	35304	12	4.000000
35156	35193	9	3.000000
35156	35028	6	2.000000
35156	35001	3	1.000000
35158	35232	4	0.019231
35158	35042	1	0.004808
35158	35304	7	0.033654
35158	35308	1	0.004808
35158	35022	1	0.004808
35158	35058	1	0.004808
35158	35322	7	0.033654
35158	35035	1	0.004808
35158	35069	1	0.004808
35170	35036	1	0.000447
35173	35308	1	0.027027
35176	35361	2	0.013793
35176	35042	2	0.013793
35176	35077	2	0.013793
35176	35079	2	0.013793
35176	35041	2	0.013793
35176	35020	2	0.013793
35176	35202	2	0.013793
35176	35022	2	0.013793
35176	35055	2	0.013793
35176	35089	2	0.013793
35176	35090	2	0.013793
35176	35028	147	1.013793
35176	35061	2	0.013793
35176	35149	2	0.013793
35176	35322	6	0.041379
35176	35102	2	0.013793
35177	35232	2	0.019048
35177	35304	3	0.028571
35177	35209	1	0.009524
35177	35308	1	0.009524
35177	35022	1	0.009524
35177	35217	1	0.009524
35177	35028	319	3.038095
35177	35096	1	0.009524
35177	35322	1	0.009524
35181	35209	2	0.060606
35181	35147	2	0.060606
35181	35028	5	0.151515
35182	35079	1	0.013514
35182	35304	1	0.013514
35182	35209	7	0.094595
35182	35028	2	0.027027
35182	35318	1	0.013514
35182	35320	1	0.013514
35182	35036	7	0.094595
35186	35304	4	0.000579
35186	35105	4630	0.670432
35187	35304	9	0.001949
35187	35322	1	0.000217
35188	35232	1045	14.315068
35188	35016	1	0.013699
35188	35117	1	0.013699
35188	35087	9	0.123288
35188	35282	1	0.013699
35188	35158	1	0.013699
35188	35193	3	0.041096
35188	35119	2	0.027397
35192	35016	150	1.006711
35192	35028	150	1.006711
35193	35200	26	0.059226
35193	35087	6	0.013667
35193	35344	1	0.002278
35193	35355	34	0.077449
35193	35232	57	0.129841
35193	35106	2	0.004556
35193	35110	5	0.011390
35193	35115	1	0.002278
35193	35116	2	0.004556
35193	35258	1	0.002278
35193	35017	4	0.009112
35193	35147	2	0.004556
35193	35022	78	0.177677
35193	35036	2	0.004556
35193	35040	31	0.070615
35193	35042	101	0.230068
35193	35304	47	0.107062
35193	35055	1	0.002278
35193	35058	25	0.056948
35193	35060	7	0.015945
35193	35317	8	0.018223
35193	35322	657	1.496583
35193	35069	40	0.091116
35197	35193	2	0.004158
35197	35042	16353	33.997921
35200	35042	1	0.002000
35200	35110	1	0.002000
35200	35304	4	0.008000
35200	35209	1	0.002000
35200	35022	4	0.008000
35200	35119	1	0.002000
35200	35317	3	0.006000
35200	35193	50	0.100000
35200	35322	16	0.032000
35201	35232	1	0.012500
35201	35304	12	0.150000
35201	35209	6	0.075000
35201	35119	32	0.400000
35201	35028	3	0.037500
35201	35096	1	0.012500
35201	35260	2	0.025000
35201	35102	3	0.037500
35202	35028	1	0.166667
35202	35102	1	0.166667
35205	35040	1	0.002976
35205	35232	1	0.002976
35205	35042	2	0.005952
35205	35022	2	0.005952
35205	35193	2	0.005952
35205	35322	3	0.008929
35207	35232	1	0.000563
35207	35364	44	0.024789
35207	35209	3	0.001690
35207	35115	1598	0.900282
35207	35084	1	0.000563
35207	35022	11	0.006197
35207	35028	20	0.011268
35207	35317	3	0.001690
35207	35052	1	0.000563
35207	35320	1	0.000563
35207	35108	2	0.001127
35207	35226	2	0.001127
35207	35036	21	0.011831
35207	35308	1	0.000563
35207	35102	2	0.001127
35209	35232	1	0.004464
35209	35042	3	0.013393
35209	35364	1	0.004464
35209	35217	3	0.013393
35209	35304	2	0.008929
35209	35147	1	0.004464
35209	35309	1	0.004464
35209	35055	2	0.008929
35209	35320	1	0.004464
35209	35346	2	0.008929
35209	35028	229	1.022321
35209	35318	1	0.004464
35209	35256	1	0.004464
35209	35258	1	0.004464
35209	35035	2	0.008929
35209	35004	1	0.004464
35209	35102	2	0.008929
35210	35062	117	1.000000
35211	35232	1	0.012987
35211	35042	1	0.012987
35211	35304	4	0.051948
35211	35022	1	0.012987
35211	35119	6	0.077922
35211	35058	1	0.012987
35211	35193	1	0.012987
35211	35322	2	0.025974
35217	35304	2	0.011173
35217	35209	2	0.011173
35217	35346	4	0.022346
35217	35036	1	0.005587
35217	35308	1	0.005587
35226	35036	1	0.006803
35226	35258	1	0.006803
35226	35028	2	0.013605
35227	35355	1	0.125000
35227	35074	1	0.125000
35227	35334	1	0.125000
35227	35013	1	0.125000
35227	35202	1	0.125000
35230	35304	2	0.054054
35232	35042	6	0.004021
35232	35079	1	0.000670
35232	35209	2	0.001340
35232	35308	2	0.001340
35232	35022	1	0.000670
35232	35087	125	0.083780
35232	35058	4	0.002681
35232	35069	3	0.002011
35232	35028	3	0.002011
35232	35318	11	0.007373
35232	35177	1	0.000670
35232	35320	2	0.001340
35232	35193	98	0.065684
35232	35322	3	0.002011
35232	35119	1	0.000670
35232	35005	8	0.005362
35237	35304	3	3.000000
35238	35304	7	0.116667
35238	35062	60	1.000000
35239	35232	1	0.001650
35239	35036	2	0.003300
35239	35209	36	0.059406
35239	35217	1	0.001650
35239	35028	1	0.001650
35239	35320	1	0.001650
35239	35322	8	0.013201
35239	35035	1	0.001650
35239	35260	1	0.001650
35239	35102	3	0.004950
35244	35304	2	0.025641
35244	35322	1	0.012821
35247	35017	3	0.037037
35247	35051	1	0.012346
35247	35308	2	0.024691
35247	35318	2	0.024691
35247	35322	1	0.012346
35247	35036	2	0.024691
35248	35361	1	0.010000
35248	35170	1	0.010000
35248	35173	1	0.010000
35248	35207	1	0.010000
35248	35322	1	0.010000
35248	35123	1	0.010000
35248	35051	1	0.010000
35248	35246	1	0.010000
35248	35247	1	0.010000
35248	35192	1	0.010000
35248	35059	1	0.010000
35248	35028	2	0.020000
35248	35133	1	0.010000
35248	35288	1	0.010000
35248	35354	1	0.010000
35248	35068	1	0.010000
35248	35005	1	0.010000
35248	35102	2	0.020000
35248	35007	1	0.010000
35250	35304	47	0.921569
35256	35028	944	4.017021
35256	35102	1	0.004255
35257	35304	10	0.031348
35257	35375	1	0.003135
35257	35028	2	0.006270
35257	35285	1	0.003135
35257	35318	1	0.003135
35257	35320	1	0.003135
35257	35129	1	0.003135
35257	35098	1	0.003135
35257	35102	3	0.009404
35257	35359	1	0.003135
35258	35111	49	1.065217
35258	35304	1	0.021739
35258	35209	1	0.021739
35258	35052	2	0.043478
35258	35150	4	0.086957
35258	35028	99	2.152174
35258	35226	50	1.086957
35258	35036	2	0.043478
35258	35356	1	0.021739
35260	35077	6	0.007143
35260	35079	12	0.014286
35260	35217	1	0.001190
35260	35096	49	0.058333
35260	35102	146	0.173810
35260	35232	3	0.003571
35260	35361	3	0.003571
35260	35207	1	0.001190
35260	35119	4	0.004762
35260	35257	5	0.005952
35260	35258	3	0.003571
35260	35133	1	0.001190
35260	35028	2520	3.000000
35260	35129	2	0.002381
35260	35035	1	0.001190
35260	35036	112	0.133333
35260	35304	1	0.001190
35260	35308	1	0.001190
35260	35055	8	0.009524
35260	35176	1	0.001190
35260	35318	55	0.065476
35260	35322	7	0.008333
35263	35304	2	0.054054
35269	35304	1	0.100000
35279	35036	58	0.983051
35280	35232	1	0.003922
35280	35304	12	0.047059
35280	35322	1	0.003922
35280	35336	2	0.007843
35285	35304	6	0.017143
35287	35304	2	0.000456
35287	35322	6	0.001367
35288	35058	1	0.100000
35301	35322	313	8.694444
35301	35036	1	0.027778
35304	35072	10	0.013870
35304	35079	1	0.001387
35304	35209	57	0.079057
35304	35338	1	0.001387
35304	35085	10	0.013870
35304	35343	10	0.013870
35304	35217	15	0.020804
35304	35096	2	0.002774
35304	35356	480	0.665742
35304	35102	48	0.066574
35304	35269	10	0.013870
35304	35232	18	0.024965
35304	35106	10	0.013870
35304	35364	3	0.004161
35304	35110	22	0.030513
35304	35119	63	0.087379
35304	35001	73	0.101248
35304	35258	9	0.012483
35304	35132	10	0.013870
35304	35062	10	0.013870
35304	35016	10	0.013870
35304	35147	12	0.016644
35304	35021	10	0.013870
35304	35022	91	0.126214
35304	35028	460	0.638003
35304	35285	11	0.015257
35304	35158	11	0.015257
35304	35129	74	0.102635
35304	35034	10	0.013870
35304	35260	7	0.009709
35304	35036	7	0.009709
35304	35177	11	0.015257
35304	35308	13	0.018031
35304	35309	12	0.016644
35304	35055	12	0.016644
35304	35186	11	0.015257
35304	35060	2	0.002774
35304	35318	12	0.016644
35304	35320	12	0.016644
35304	35193	116	0.160888
35304	35322	11	0.015257
35304	35065	10	0.013870
35304	35071	18	0.024965
35308	35232	5	0.006313
35308	35042	2	0.002525
35308	35217	2	0.002525
35308	35304	6	0.007576
35308	35292	2	0.002525
35308	35022	1	0.001263
35308	35112	1	0.001263
35308	35090	1	0.001263
35308	35028	2	0.002525
35308	35318	15	0.018939
35308	35096	2	0.002525
35308	35257	3	0.003788
35308	35322	5	0.006313
35308	35036	21	0.026515
35309	35304	2	0.005525
35309	35258	2	0.005525
35309	35028	1810	5.000000
35309	35102	6	0.016575
35313	35232	1	0.009346
35313	35346	3	0.028037
35314	35304	1	0.062500
35317	35022	7548	35.436620
35318	35232	4	0.001768
35318	35036	3	0.001326
35318	35304	6	0.002651
35318	35209	8	0.003535
35318	35308	106	0.046840
35318	35055	11	0.004861
35318	35344	1	0.000442
35318	35217	2	0.000884
35318	35346	1	0.000442
35318	35028	2072	0.915599
35318	35001	1	0.000442
35318	35320	10	0.004419
35318	35193	2	0.000884
35318	35322	3	0.001326
35318	35035	4	0.001768
35318	35260	4	0.001768
35318	35102	25	0.011047
35320	35232	3	0.006849
35320	35304	2	0.004566
35320	35209	8	0.018265
35320	35147	2	0.004566
35320	35052	2	0.004566
35320	35055	2	0.004566
35320	35119	6	0.013699
35320	35028	448	1.022831
35320	35226	2	0.004566
35320	35258	3	0.006849
35320	35035	3	0.006849
35320	35036	1	0.002283
35320	35322	7	0.015982
35320	35102	6	0.013699
35322	35200	21	0.005342
35322	35330	1	0.000254
35322	35209	26	0.006614
35322	35344	2	0.000509
35322	35090	2	0.000509
35322	35096	1	0.000254
35322	35356	1	0.000254
35322	35102	2	0.000509
35322	35232	6	0.001526
35322	35239	10	0.002544
35322	35228	1	0.000254
35322	35114	1	0.000254
35322	35244	1	0.000254
35322	35119	5	0.001272
35322	35003	6	0.001526
35322	35147	3	0.000763
35322	35022	62	0.015772
35322	35028	9	0.002289
35322	35150	10	0.002544
35322	35036	16	0.004070
35322	35088	1	0.000254
35322	35042	2	0.000509
35322	35304	85	0.021623
35322	35177	1	0.000254
35322	35308	23	0.005851
35322	35055	1	0.000254
35322	35058	3	0.000763
35322	35318	6	0.001526
35322	35193	273	0.069448
35322	35069	1	0.000254
35327	35209	7	0.001038
35327	35035	6	0.000890
