Src	Trg	LinkCount	RelLinkCount
52737	52723	1	0.100000
52738	52592	470	2.186047
52739	52748	17	1.000000
52740	52483	1	0.001362
52740	52718	1	0.001362
52740	52814	1	0.001362
52740	52823	224	0.305177
52742	52578	7	0.009067
52742	52599	3	0.003886
52742	52499	2	0.002591
52742	52586	31	0.040155
52742	52631	4	0.005181
52742	52748	53	0.068653
52742	52621	1	0.001295
52742	52718	149	0.193005
52742	52794	8	0.010363
52742	52723	22	0.028497
52742	52814	1	0.001295
52742	52534	1	0.001295
52742	52823	5	0.006477
52742	52856	5	0.006477
52742	52858	2	0.002591
52742	52703	7	0.009067
52742	52412	2	0.002591
52742	52413	6	0.007772
52742	52575	26	0.033679
52743	52648	1	0.014925
52743	52601	2	0.029851
52743	52718	1	0.014925
52744	52544	1426	2.000000
52744	52723	1426	2.000000
52744	52748	2	0.002805
52744	52718	13	0.018233
52744	52686	716	1.004208
52745	52748	1103	1.767628
52745	52718	560	0.897436
52746	52748	3	0.008333
52746	52781	1	0.002778
52746	52718	8	0.022222
52746	52751	3	0.008333
52748	52489	44	0.051103
52748	52751	12	0.013937
52748	52626	3	0.003484
52748	52718	10333	12.001161
52748	52531	2	0.002323
52748	52794	8	0.009292
52748	52668	20	0.023229
52748	52806	2	0.002323
52748	52682	2	0.002323
52748	52429	2	0.002323
52748	52813	10	0.011614
52748	52821	7	0.008130
52748	52823	10	0.011614
52748	52829	5	0.005807
52748	52456	1	0.001161
52748	52587	3	0.003484
52748	52754	5	0.005807
52748	52462	23	0.026713
52748	52465	5	0.005807
52748	52723	9	0.010453
52748	52599	49	0.056911
52748	52732	6	0.006969
52748	52501	2	0.002323
52749	52499	1	0.001773
52749	52718	34	0.060284
52749	52496	1	0.001773
52749	52723	6	0.010638
52749	52622	3	0.005319
52749	52534	1	0.001773
52749	52856	3	0.005319
52749	52794	1	0.001773
52749	52415	3	0.005319
52749	52602	3	0.005319
52749	52447	1	0.001773
52750	52396	2	0.005333
52751	52484	3	0.001290
52751	52540	4	0.001720
52751	52746	14	0.006022
52751	52748	57	0.024516
52751	52495	1	0.000430
52751	52641	1	0.000430
52751	52781	2	0.000860
52751	52595	4	0.001720
52751	52789	2	0.000860
52751	52534	22	0.009462
52751	52703	1	0.000430
52751	52668	1	0.000430
52751	52415	1	0.000430
52751	52674	8	0.003441
52751	52552	1	0.000430
52751	52429	1	0.000430
52751	52472	1	0.000430
52751	52819	1	0.000430
52751	52823	4	0.001720
52751	52447	1	0.000430
52751	52456	1807	0.777204
52751	52713	2	0.000860
52751	52718	107	0.046022
52751	52723	1	0.000430
52751	52599	18	0.007742
52751	52856	5	0.002151
52751	52732	2	0.000860
52754	52723	2	0.014599
52754	52718	1	0.007299
52755	52464	2	1.000000
52756	52641	19	0.175926
52756	52771	1	0.009259
52756	52631	2	0.018519
52756	52499	2	0.018519
52756	52744	1	0.009259
52756	52412	1	0.009259
52756	52823	3	0.027778
52756	52748	4	0.037037
52756	52621	1	0.009259
52756	52718	1475	13.657407
52756	52723	2	0.018519
52756	52595	1	0.009259
52756	52462	1	0.009259
52756	52703	2	0.018519
52756	52599	4	0.037037
52756	52856	1	0.009259
52756	52858	2	0.018519
52756	52699	1	0.009259
52756	52476	1	0.009259
52756	52413	3	0.027778
52756	52575	2	0.018519
52757	52630	3	0.023077
52760	52858	2	1.000000
52761	52682	1	0.016393
52761	52813	1	0.016393
52761	52823	4	0.065574
52765	52692	7	0.058333
52765	52823	1	0.008333
52766	52622	4	0.001315
52766	52547	7	0.002302
52766	52614	1	0.000329
52766	52742	2617	0.860572
52766	52519	3	0.000987
52766	52552	4	0.001315
52766	52748	11	0.003617
52766	52718	68	0.022361
52766	52483	1	0.000329
52766	52814	2636	0.866820
52766	52534	1	0.000329
52766	52631	1	0.000329
52766	52540	2626	0.863532
52766	52414	1	0.000329
52768	52718	1	0.011628
52770	52718	4	0.160000
52771	52641	51	0.621951
52771	52682	1	0.012195
52771	52631	2	0.024390
52771	52748	5	0.060976
52771	52621	1	0.012195
52771	52718	1033	12.597561
52771	52723	2	0.024390
52771	52823	10	0.121951
52771	52858	1	0.012195
52771	52412	1	0.012195
52771	52413	3	0.036585
52771	52703	13	0.158537
52775	52718	1	0.005051
52775	52823	1	0.005051
52777	52794	5	0.053191
52777	52591	1	0.010638
52778	52489	4	0.019512
52778	52641	2	0.009756
52778	52553	1	0.004878
52778	52599	2	0.009756
52778	52748	1	0.004878
52778	52415	1	0.004878
52778	52462	1	0.004878
52778	52723	2	0.009756
52778	52499	199	0.970732
52778	52718	307	1.497561
52778	52534	1	0.004878
52778	52631	1	0.004878
52778	52856	46	0.224390
52778	52794	1	0.004878
52778	52575	2	0.009756
52778	52732	2	0.009756
52778	52447	19	0.092683
52779	52718	4	0.021277
52779	52599	1	0.005319
52780	52823	3	0.036585
52781	52856	46	2.000000
52781	52641	3	0.130435
52781	52748	2	0.086957
52781	52718	346	15.043478
52781	52495	1	0.043478
52782	52703	1	1.000000
52785	52609	3	0.001486
52785	52718	4	0.001981
52785	52529	1360	0.673601
52785	52823	28	0.013868
52785	52472	8	0.003962
52785	52703	2	0.000991
52787	52578	1	0.009346
52787	52586	2	0.018692
52787	52748	1	0.009346
52787	52718	6	0.056075
52787	52723	1	0.009346
52787	52494	1	0.009346
52787	52575	2	0.018692
52789	52631	2	0.045455
52789	52748	4	0.090909
52789	52621	1	0.022727
52789	52718	57	1.295455
52789	52723	2	0.045455
52789	52823	3	0.068182
52789	52858	1	0.022727
52789	52703	1	0.022727
52789	52412	1	0.022727
52789	52413	3	0.068182
52789	52447	37	0.840909
52790	52682	1	0.001504
52790	52587	1	0.001504
52790	52748	5	0.007519
52790	52718	3	0.004511
52790	52823	22	0.033083
52791	52630	3	0.006881
52791	52823	8	0.018349
52792	52748	3	0.004580
52792	52668	2	0.003053
52792	52662	2	0.003053
52792	52823	27	0.041221
52793	52444	3	0.014706
52793	52823	28	0.137255
52794	52856	2	0.017857
52794	52718	1346	12.017857
52794	52631	1	0.008929
52798	52711	2	0.074074
52799	52631	2	0.048780
52799	52748	4	0.097561
52799	52621	1	0.024390
52799	52718	518	12.634146
52799	52495	1	0.024390
52799	52723	2	0.048780
52799	52823	3	0.073171
52799	52858	1	0.024390
52799	52412	1	0.024390
52799	52413	3	0.073171
52799	52703	1	0.024390
52800	52544	1	0.066667
52800	52600	1	0.066667
52800	52686	1	0.066667
52802	52401	1	0.023256
52802	52465	1	0.023256
52803	52534	13	1.181818
52804	52494	1	0.052632
52804	52447	2	0.105263
52805	52534	2532	2.903670
52806	52718	57	1.036364
52806	52534	1	0.018182
52806	52794	1	0.018182
52806	52732	54	0.981818
52806	52858	54	0.981818
52806	52414	1	0.018182
52807	52641	2	0.012121
52807	52423	2	0.012121
52807	52718	4	0.024242
52807	52472	2	0.012121
52807	52723	2	0.012121
52807	52856	4	0.024242
52807	52794	2	0.012121
52808	52802	1	0.013514
52808	52547	4	0.054054
52808	52794	1	0.013514
52808	52823	1	0.013514
52809	52682	2	0.012422
52809	52823	6	0.037267
52810	52585	1	0.043478
52810	52815	1	0.043478
52813	52489	1	0.001074
52813	52618	5	0.005371
52813	52823	1	0.001074
52813	52748	17	0.018260
52813	52718	100	0.107411
52813	52723	77	0.082707
52813	52558	1	0.001074
52813	52534	4	0.004296
52813	52599	5	0.005371
52813	52472	2	0.002148
52813	52794	4	0.004296
52813	52447	21	0.022556
52814	52864	4	0.004819
52814	52609	2	0.002410
52814	52483	1	0.001205
52814	52614	3	0.003614
52814	52618	1	0.001205
52814	52622	1	0.001205
52814	52627	2	0.002410
52814	52766	4	0.004819
52814	52641	1	0.001205
52814	52519	7	0.008434
52814	52522	2	0.002410
52814	52408	1	0.001205
52814	52540	2	0.002410
52814	52413	1	0.001205
52814	52414	1	0.001205
52814	52547	2	0.002410
52814	52552	2	0.002410
52814	52472	4	0.004819
52814	52819	1	0.001205
52814	52703	1	0.001205
52814	52585	1	0.001205
52814	52587	2	0.002410
52814	52718	26	0.031325
52814	52856	1	0.001205
52815	52718	1	0.007299
52815	52823	2	0.014599
52819	52609	1	0.001276
52819	52674	1	0.001276
52819	52456	1	0.001276
52819	52748	2	0.002551
52819	52814	6	0.007653
52819	52496	1	0.001276
52819	52499	1	0.001276
52819	52718	15	0.019133
52819	52472	1	0.001276
52819	52540	8	0.010204
52820	52794	1	0.028571
52820	52427	35	1.000000
52820	52718	35	1.000000
52821	52489	8	0.062500
52821	52682	1	0.007812
52821	52748	58	0.453125
52821	52626	235	1.835938
52821	52794	4	0.031250
52821	52732	3	0.023438
52822	52752	4	1.000000
52823	52641	2	0.006173
52823	52622	1	0.003086
52823	52771	11	0.033951
52823	52534	1	0.003086
52823	52609	1	0.003086
52823	52648	1	0.003086
52823	52748	8	0.024691
52823	52627	2	0.006173
52823	52429	1	0.003086
52823	52718	355	1.095679
52823	52848	1	0.003086
52823	52499	2	0.006173
52823	52404	1	0.003086
52823	52590	1	0.003086
52823	52630	4	0.012346
52823	52856	3	0.009259
52823	52496	1	0.003086
52823	52814	1	0.003086
52823	52703	1	0.003086
52825	52627	1	0.010638
52825	52447	7	0.074468
52825	52599	1	0.010638
52828	52489	1	0.003704
52828	52682	1	0.003704
52828	52748	1	0.003704
52828	52718	1	0.003704
52828	52723	1	0.003704
52828	52406	1	0.003704
52828	52823	1	0.003704
52829	52808	92	1.243243
52829	52802	1	0.013514
52829	52547	4	0.054054
52829	52794	1	0.013514
52829	52823	1	0.013514
52831	52631	2	0.068966
52831	52748	4	0.137931
52831	52621	34	1.172414
52831	52718	498	17.172414
52831	52413	3	0.103448
52831	52723	2	0.068966
52831	52823	3	0.103448
52831	52858	1	0.034483
52831	52412	1	0.034483
52831	52669	35	1.206897
52831	52703	1	0.034483
52832	52856	1	0.017544
52832	52748	3	0.052632
52832	52718	1	0.017544
52836	52504	2	0.095238
52836	52618	1	0.047619
52836	52813	1	0.047619
52836	52718	1	0.047619
52837	52856	203	5.342105
52837	52751	1	0.026316
52837	52718	41	1.078947
52837	52599	2	0.052632
52841	52492	2	0.153846
52842	52534	3430	3.346341
52847	52861	104	0.123957
52847	52823	9	0.010727
52848	52823	211	1.034314
52849	52718	1	1.000000
52852	52748	6	0.020690
52852	52718	30	0.103448
52853	52641	3	0.025641
52853	52631	5	0.042735
52853	52748	8	0.068376
52853	52621	2	0.017094
52853	52718	2349	20.076923
52853	52723	4	0.034188
52853	52823	6	0.051282
52853	52856	3	0.025641
52853	52858	2	0.017094
52853	52412	2	0.017094
52853	52413	6	0.051282
52853	52703	6	0.051282
52854	52718	1	0.062500
52856	52864	1	0.001934
52856	52609	1	0.001934
52856	52483	1	0.001934
52856	52614	1	0.001934
52856	52618	1	0.001934
52856	52748	2	0.003868
52856	52622	4	0.007737
52856	52495	60	0.116054
52856	52496	1	0.001934
52856	52627	1	0.001934
52856	52766	1	0.001934
52856	52641	1	0.001934
52856	52519	2	0.003868
52856	52522	1	0.001934
52856	52534	9	0.017408
52856	52410	1	0.001934
52856	52540	1	0.001934
52856	52413	1	0.001934
52856	52414	1	0.001934
52856	52415	1	0.001934
52856	52547	1	0.001934
52856	52552	1	0.001934
52856	52429	1	0.001934
52856	52814	4	0.007737
52856	52823	2	0.003868
52856	52751	2	0.003868
52856	52703	101	0.195358
52856	52455	1	0.001934
52856	52585	1	0.001934
52856	52587	1	0.001934
52856	52718	1148	2.220503
52856	52499	1	0.001934
52856	52599	6	0.011605
52856	52472	16	0.030948
52856	52858	2	0.003868
52858	52713	1	0.016949
52858	52668	2	0.033898
52858	52823	3	0.050847
52858	52715	2	0.033898
52858	52748	3	0.050847
52858	52781	1	0.016949
52858	52718	646	10.949153
52858	52723	4	0.067797
52858	52814	1	0.016949
52858	52599	3	0.050847
52858	52856	16	0.271186
52858	52794	1	0.016949
52858	52732	5	0.084746
52859	52748	1	0.010989
52860	52864	3	0.035714
52860	52452	7	0.083333
52860	52718	2	0.023810
52860	52627	2	0.023810
52860	52447	4	0.047619
52860	52703	1	0.011905
52861	52823	2	0.005764
52862	52856	3	0.150000
52862	52748	1	0.050000
52862	52718	4	0.200000
52862	52447	1	0.050000
52864	52814	6	0.011342
52864	52609	8	0.015123
52864	52547	9	0.017013
52864	52483	3	0.005671
52864	52748	2	0.003781
52864	52429	1	0.001890
52864	52462	5	0.009452
52864	52496	1	0.001890
52864	52552	7	0.013233
52864	52627	1	0.001890
52864	52718	7	0.013233
52864	52540	1	0.001890
52866	52634	69	1.000000
52866	52748	2	0.028986
52870	52534	1	0.014085
52870	52718	18	0.253521
52871	52682	2	0.000383
52871	52471	2	0.000383
52871	52748	14	0.002680
52871	52662	19	0.003638
52871	52823	1645	0.314953
52393	52472	2	0.001350
52393	52748	9	0.006073
52393	52718	5	0.003374
52393	52823	15	0.010121
52394	52567	1	0.006579
52395	52591	4	0.032787
52395	52548	4	0.032787
52395	52781	2	0.016393
52395	52439	3	0.024590
52396	52578	1	0.008929
52396	52748	4	0.035714
52396	52718	15	0.133929
52396	52472	1	0.008929
52396	52723	1	0.008929
52396	52663	1	0.008929
52396	52856	1	0.008929
52396	52794	1	0.008929
52396	52575	1	0.008929
52399	52456	4	0.018868
52399	52674	1	0.004717
52399	52781	2	0.009434
52399	52718	7	0.033019
52399	52823	1	0.004717
52401	52513	2	0.005571
52401	52802	1	0.002786
52401	52585	1	0.002786
52401	52749	1	0.002786
52401	52462	1	0.002786
52401	52529	1	0.002786
52401	52718	14	0.038997
52401	52856	4	0.011142
52401	52702	3	0.008357
52402	52586	3	0.333333
52402	52723	1	0.111111
52405	52648	2	0.111111
52405	52706	1	0.055556
52405	52419	2	0.111111
52405	52454	1	0.055556
52405	52534	2	0.111111
52406	52499	3	0.016949
52407	52489	1	0.008929
52407	52618	5	0.044643
52407	52748	18	0.160714
52407	52813	248	2.214286
52408	52732	1	0.001730
52408	52718	581	1.005190
52409	52584	2	0.028571
52409	52718	1	0.014286
52410	52547	2	0.000973
52410	52455	2	0.000973
52410	52499	2	0.000973
52410	52587	3	0.001460
52410	52748	3	0.001460
52410	52814	13	0.006326
52410	52496	2	0.000973
52410	52627	4	0.001946
52410	52718	12	0.005839
52410	52633	2	0.000973
52410	52540	2	0.000973
52411	52590	1	0.003636
52411	52718	3	0.010909
52411	52823	44	0.160000
52412	52641	2	0.012121
52412	52423	2	0.012121
52412	52807	10	0.060606
52412	52718	4	0.024242
52412	52472	2	0.012121
52412	52723	2	0.012121
52412	52856	4	0.024242
52412	52794	2	0.012121
52413	52856	1	0.090909
52413	52718	142	12.909091
52414	52864	1	0.001024
52414	52609	3	0.003071
52414	52483	1	0.001024
52414	52614	1	0.001024
52414	52489	1	0.001024
52414	52618	1	0.001024
52414	52748	3	0.003071
52414	52621	1	0.001024
52414	52494	1	0.001024
52414	52496	2	0.002047
52414	52499	2	0.002047
52414	52522	1	0.001024
52414	52540	3	0.003071
52414	52415	1	0.001024
52414	52547	4	0.004094
52414	52804	2	0.002047
52414	52552	1	0.001024
52414	52814	14	0.014330
52414	52819	1	0.001024
52414	52436	1	0.001024
52414	52622	1	0.001024
52414	52438	1	0.001024
52414	52601	1	0.001024
52414	52825	1	0.001024
52414	52455	1	0.001024
52414	52585	1	0.001024
52414	52587	1	0.001024
52414	52718	28	0.028659
52414	52627	5	0.005118
52414	52599	1	0.001024
52414	52472	6	0.006141
52414	52729	2	0.002047
52415	52429	9	0.008902
52415	52718	1	0.000989
52415	52496	3	0.002967
52415	52499	3	0.002967
52415	52622	8	0.007913
52415	52599	1	0.000989
52416	52609	2	0.018018
52416	52870	1	0.009009
52416	52488	1	0.009009
52416	52748	4	0.036036
52416	52621	1	0.009009
52416	52496	2	0.018018
52416	52627	2	0.018018
52416	52718	145	1.306306
52416	52631	2	0.018018
52416	52408	2	0.018018
52416	52412	1	0.009009
52416	52413	3	0.027027
52416	52547	2	0.018018
52416	52823	3	0.027027
52416	52703	1	0.009009
52416	52452	1	0.009009
52416	52540	2	0.018018
52416	52462	4	0.036036
52416	52723	2	0.018018
52416	52599	1	0.009009
52416	52858	1	0.009009
52416	52478	1	0.009009
52419	52547	8	0.007024
52419	52454	17	0.014925
52419	52682	8	0.007024
52419	52718	54	0.047410
52419	52495	17	0.014925
52419	52472	4	0.003512
52420	52631	2	0.017699
52420	52748	4	0.035398
52420	52621	1	0.008850
52420	52718	3911	34.610619
52420	52723	2	0.017699
52420	52823	3	0.026549
52420	52858	1	0.008850
52420	52412	1	0.008850
52420	52413	3	0.026549
52420	52703	1	0.008850
52421	52482	6	0.070588
52423	52856	1	0.055556
52423	52748	1	0.055556
52423	52718	37	2.055556
52425	52823	6	0.600000
52426	52723	310	2.012987
52426	52748	144	0.935065
52426	52629	117	0.759740
52426	52718	79	0.512987
52429	52609	1	0.000487
52429	52547	1	0.000487
52429	52455	1	0.000487
52429	52456	2	0.000974
52429	52462	1	0.000487
52429	52748	32	0.015579
52429	52621	1	0.000487
52429	52718	55	0.026777
52429	52495	10	0.004869
52429	52496	2	0.000974
52429	52552	1	0.000487
52429	52499	1	0.000487
52429	52622	35	0.017040
52429	52472	3	0.001461
52429	52633	1	0.000487
52429	52415	7	0.003408
52429	52540	33	0.016066
52429	52413	1	0.000487
52429	52447	5	0.002434
52430	52618	135	0.918367
52430	52748	2	0.013605
52430	52718	4	0.027211
52430	52486	3	0.020408
52431	52472	14	0.006773
52431	52682	2	0.000968
52431	52748	5	0.002419
52431	52718	30	0.014514
52431	52823	990	0.478955
52434	52461	2	0.007782
52436	52578	1	0.001120
52436	52575	1	0.001120
52436	52718	3	0.003359
52436	52534	4	0.004479
52436	52599	2	0.002240
52437	52483	4	0.038462
52437	52599	1	0.009615
52437	52621	2	0.019231
52437	52494	2	0.019231
52437	52718	2	0.019231
52437	52663	4	0.038462
52437	52856	1	0.009615
52437	52858	1	0.009615
52437	52479	2	0.019231
52438	52683	8	1.000000
52439	52718	6	0.008584
52439	52534	6	0.008584
52439	52661	6	0.008584
52439	52622	6	0.008584
52444	52682	1	0.010204
52444	52748	3	0.030612
52444	52718	1	0.010204
52444	52496	1	0.010204
52444	52823	5	0.051020
52444	52415	1	0.010204
52446	52631	4	2.000000
52446	52748	8	4.000000
52446	52621	2	1.000000
52446	52718	112	56.000000
52446	52723	4	2.000000
52446	52823	6	3.000000
52446	52858	2	1.000000
52446	52412	2	1.000000
52446	52413	6	3.000000
52446	52703	2	1.000000
52447	52631	2	0.035088
52447	52748	4	0.070175
52447	52621	1	0.017544
52447	52718	147	2.578947
52447	52723	2	0.035088
52447	52789	52	0.912281
52447	52823	3	0.052632
52447	52858	1	0.017544
52447	52412	1	0.017544
52447	52413	3	0.052632
52447	52703	1	0.017544
52448	52823	3	0.012245
52449	52489	1	0.004255
52449	52682	1	0.004255
52449	52723	1	0.004255
52449	52718	5	0.021277
52454	52419	3	1.000000
52454	52405	3	1.000000
52455	52718	1	0.055556
52455	52814	20	1.111111
52456	52484	3	0.000976
52456	52540	4	0.001301
52456	52746	13	0.004228
52456	52748	58	0.018862
52456	52751	668	0.217236
52456	52641	1	0.000325
52456	52723	1	0.000325
52456	52789	2	0.000650
52456	52534	22	0.007154
52456	52703	1	0.000325
52456	52668	1	0.000325
52456	52415	2	0.000650
52456	52674	8	0.002602
52456	52552	2	0.000650
52456	52429	1	0.000325
52456	52472	1	0.000325
52456	52819	1	0.000325
52456	52823	4	0.001301
52456	52495	1	0.000325
52456	52447	2	0.000650
52456	52713	2	0.000650
52456	52718	56	0.018211
52456	52595	4	0.001301
52456	52599	17	0.005528
52456	52856	3	0.000976
52456	52732	2	0.000650
52457	52682	1	0.004762
52457	52748	2	0.009524
52457	52823	3	0.014286
52462	52488	2	0.000582
52462	52489	1	0.000291
52462	52748	19	0.005525
52462	52494	130	0.037802
52462	52495	1	0.000291
52462	52631	2	0.000582
52462	52513	1	0.000291
52462	52396	1	0.000291
52462	52529	1	0.000291
52462	52534	2	0.000582
52462	52794	1	0.000291
52462	52667	1	0.000291
52462	52416	91	0.026461
52462	52552	2	0.000582
52462	52699	1	0.000291
52462	52703	2	0.000582
52462	52707	1	0.000291
52462	52447	4	0.001163
52462	52718	55	0.015993
52462	52723	12	0.003489
52462	52599	19	0.005525
52462	52856	18	0.005234
52462	52858	3	0.000872
52462	52732	3	0.000872
52464	52499	1	0.047619
52464	52755	1	0.047619
52466	52547	4	0.003756
52466	52748	4	0.003756
52466	52437	2	0.001878
52466	52718	4	0.003756
52466	52823	723	0.678873
52467	52718	1	0.000708
52467	52823	18	0.012739
52470	52823	4	0.666667
52471	52513	3	1.000000
52472	52631	2	0.090909
52472	52748	4	0.181818
52472	52621	1	0.045455
52472	52814	1	0.045455
52472	52723	2	0.090909
52472	52718	83	3.772727
52472	52823	3	0.136364
52472	52856	1	0.045455
52472	52858	1	0.045455
52472	52412	1	0.045455
52472	52413	3	0.136364
52472	52703	1	0.045455
52473	52486	2	0.024390
52473	52394	2	0.024390
52473	52813	2	0.024390
52473	52718	1	0.012195
52473	52464	2	0.024390
52473	52437	2	0.024390
52473	52534	2	0.024390
52473	52699	2	0.024390
52473	52444	2	0.024390
52473	52778	2	0.024390
52474	52578	1	0.030303
52474	52775	1	0.030303
52474	52718	7	0.212121
52474	52856	1	0.030303
52474	52703	46	1.393939
52474	52575	1	0.030303
52476	52513	69	0.035919
52476	52471	3	0.001562
52476	52748	3	0.001562
52476	52462	8	0.004164
52476	52718	24	0.012493
52476	52662	33	0.017179
52476	52823	5	0.002603
52476	52447	6	0.003123
52479	52718	1	0.029412
52481	52496	2	0.012121
52481	52415	2	0.012121
52481	52519	2	0.012121
52482	52627	7	0.005868
52482	52823	3	0.002515
52483	52814	7	0.875000
52484	52856	3	0.062500
52484	52723	7	0.145833
52484	52718	1	0.020833
52484	52447	7	0.145833
52486	52856	4	1.000000
52486	52430	1	0.250000
52488	52648	5	0.039683
52488	52631	1	0.007937
52489	52641	2	0.012048
52489	52631	2	0.012048
52489	52668	1	0.006024
52489	52682	6	0.036145
52489	52715	3	0.018072
52489	52748	12	0.072289
52489	52621	1	0.006024
52489	52718	2038	12.277108
52489	52723	2	0.012048
52489	52823	3	0.018072
52489	52858	1	0.006024
52489	52412	1	0.006024
52489	52413	4	0.024096
52489	52703	1	0.006024
52491	52718	1	0.012346
52491	52822	1	0.012346
52491	52823	3	0.037037
52492	52841	1	0.011364
52492	52748	2	0.022727
52492	52718	1	0.011364
52492	52723	2	0.022727
52492	52856	2	0.022727
52492	52447	2	0.022727
52492	52703	8	0.090909
52493	52489	40	0.058140
52493	52631	3	0.004360
52493	52748	6	0.008721
52493	52621	1	0.001453
52493	52718	610	0.886628
52493	52723	2	0.002907
52493	52823	3	0.004360
52493	52858	1	0.001453
52493	52412	1	0.001453
52493	52413	3	0.004360
52493	52703	1	0.001453
52494	52864	1	0.009901
52494	52609	1	0.009901
52494	52547	2	0.019802
52494	52552	2	0.019802
52494	52748	1	0.009901
52494	52462	9	0.089109
52494	52723	2	0.019802
52494	52627	1	0.009901
52494	52416	2	0.019802
52494	52483	1	0.009901
52494	52718	4	0.039604
52494	52472	1	0.009901
52494	52540	1	0.009901
52495	52856	1	0.004237
52495	52858	1	0.004237
52495	52718	8	0.033898
52496	52814	3	0.001776
52496	52609	1	0.000592
52496	52482	1	0.000592
52496	52547	1	0.000592
52496	52519	1	0.000592
52496	52499	2	0.001184
52496	52522	1	0.000592
52496	52429	3	0.001776
52496	52462	1	0.000592
52496	52413	2	0.001184
52496	52472	6	0.003552
52496	52626	2	0.001184
52496	52627	1	0.000592
52496	52718	31	0.018354
52496	52622	1741	1.030787
52496	52856	1	0.000592
52496	52540	1	0.000592
52496	52669	1	0.000592
52496	52618	1	0.000592
52496	52415	1	0.000592
52497	52864	1	0.019608
52497	52489	17	0.333333
52497	52682	1	0.019608
52497	52631	2	0.039216
52497	52748	6	0.117647
52497	52621	1	0.019608
52497	52718	1178	23.098039
52497	52723	2	0.039216
52497	52823	3	0.058824
52497	52856	2	0.039216
52497	52858	1	0.019608
52497	52412	1	0.019608
52497	52413	37	0.725490
52497	52703	1	0.019608
52499	52609	2	0.001507
52499	52547	2	0.001507
52499	52615	1	0.000754
52499	52552	1	0.000754
52499	52540	1	0.000754
52499	52519	1	0.000754
52499	52748	1	0.000754
52499	52429	12	0.009043
52499	52622	1260	0.949510
52499	52496	29	0.021854
52499	52818	1	0.000754
52499	52718	14	0.010550
52499	52823	21	0.015825
52499	52732	21	0.015825
52499	52415	1	0.000754
52501	52748	25	1.315789
52501	52599	2	0.105263
52504	52501	1	0.038462
52504	52823	1	0.038462
52506	52682	1	0.050000
52506	52748	1	0.050000
52506	52718	282	14.100000
52506	52823	1	0.050000
52509	52631	2	0.200000
52509	52823	3	0.300000
52509	52748	4	0.400000
52509	52621	1	0.100000
52509	52718	173	17.300000
52509	52856	1	0.100000
52509	52723	2	0.200000
52509	52599	1	0.100000
52509	52472	1	0.100000
52509	52858	1	0.100000
52509	52412	1	0.100000
52509	52413	3	0.300000
52509	52703	1	0.100000
52512	52472	2	0.002829
52512	52682	2	0.002829
52512	52447	1	0.001414
52513	52871	65	0.077106
52513	52488	2	0.002372
52513	52599	8	0.009490
52513	52748	1	0.001186
52513	52415	2	0.002372
52513	52718	8	0.009490
52513	52856	6	0.007117
52513	52622	1	0.001186
52513	52662	161	0.190985
52513	52471	8	0.009490
52513	52472	5	0.005931
52513	52447	10	0.011862
52513	52732	5	0.005931
52513	52703	3	0.003559
52515	52718	1	0.000651
52519	52609	2	0.002418
52519	52482	1	0.001209
52519	52547	2	0.002418
52519	52718	139	0.168077
52519	52496	7	0.008464
52519	52627	4	0.004837
52519	52814	31	0.037485
52519	52447	3	0.003628
52521	52552	2	0.038462
52521	52823	21	0.403846
52521	52639	52	1.000000
52522	52519	1	0.001082
52522	52499	2	0.002165
52522	52713	1	0.001082
52522	52426	1	0.001082
52522	52748	4	0.004329
52522	52415	1	0.001082
52522	52814	103	0.111472
52522	52819	1	0.001082
52522	52718	59	0.063853
52522	52622	2	0.002165
52522	52858	1	0.001082
52522	52571	1	0.001082
52522	52447	11	0.011905
52523	52823	3	0.428571
52525	52657	1	0.001221
52525	52682	1	0.001221
52525	52587	1	0.001221
52525	52748	1	0.001221
52525	52823	10	0.012210
52529	52609	7	0.011686
52529	52748	9	0.015025
52529	52718	20	0.033389
52529	52785	8	0.013356
52529	52723	4	0.006678
52529	52462	3	0.005008
52529	52534	968	1.616027
52529	52599	2	0.003339
52529	52856	14	0.023372
52529	52794	3	0.005008
52529	52472	2	0.003339
52529	52703	2	0.003339
52533	52823	205	1.025000
52534	52641	9	0.003081
52534	52621	3	0.001027
52534	52718	31	0.010613
52534	52631	6	0.002054
52534	52667	7	0.002396
52534	52540	1	0.000342
52534	52671	13	0.004451
52535	52394	221	1.013761
52535	52718	4	0.018349
52535	52723	3	0.013761
52535	52567	219	1.004587
52535	52472	1	0.004587
52535	52858	1	0.004587
52535	52703	3	0.013761
52535	52447	1	0.004587
52536	52489	1	0.001553
52536	52587	3	0.004658
52536	52748	6	0.009317
52536	52718	1	0.001553
52536	52758	3	0.004658
52536	52823	7	0.010870
52538	52718	2	0.007692
52538	52823	4	0.015385
52540	52609	1	0.000233
52540	52674	1	0.000233
52540	52547	1	0.000233
52540	52614	3	0.000698
52540	52552	14	0.003255
52540	52745	1	0.000233
52540	52823	1	0.000233
52540	52748	6	0.001395
52540	52429	24	0.005580
52540	52814	56	0.013020
52540	52751	2	0.000465
52540	52627	1	0.000233
52540	52456	2	0.000465
52540	52819	5	0.001163
52540	52718	22	0.005115
52540	52534	2	0.000465
52540	52599	3	0.000698
52540	52499	1	0.000233
52540	52766	3	0.000698
52540	52447	1	0.000233
52544	52744	34	1.000000
52544	52534	2	0.058824
52545	52513	10	0.011834
52545	52534	1	0.001183
52545	52749	9	0.010651
52545	52718	45	0.053254
52545	52662	2	0.002367
52545	52602	8	0.009467
52545	52447	2	0.002367
52547	52864	1	0.000331
52547	52609	7	0.002319
52547	52483	1	0.000331
52547	52614	1	0.000331
52547	52618	1	0.000331
52547	52748	6	0.001988
52547	52621	1	0.000331
52547	52496	1	0.000331
52547	52627	3	0.000994
52547	52628	1	0.000331
52547	52462	1	0.000331
52547	52766	1	0.000331
52547	52641	1	0.000331
52547	52519	1	0.000331
52547	52522	1	0.000331
52547	52662	3	0.000994
52547	52410	1	0.000331
52547	52540	2	0.000663
52547	52413	3	0.000994
52547	52414	1	0.000331
52547	52415	2	0.000663
52547	52534	4	0.001325
52547	52552	6	0.001988
52547	52814	4427	1.466865
52547	52819	1	0.000331
52547	52823	10	0.003313
52547	52699	14	0.004639
52547	52718	48	0.015905
52547	52669	1	0.000331
52547	52723	7	0.002319
52547	52599	1	0.000331
52547	52472	6	0.001988
52548	52748	1	0.000647
52548	52395	2	0.001294
52548	52540	2	0.001294
52548	52718	2	0.001294
52548	52823	21	0.013592
52549	52718	3	0.272727
52550	52823	3	0.043478
52550	52748	4	0.057971
52550	52621	1	0.014493
52550	52558	4	0.057971
52550	52495	2	0.028986
52550	52723	2	0.028986
52550	52718	1005	14.565217
52550	52631	4	0.057971
52550	52858	3	0.043478
52550	52412	1	0.014493
52550	52413	3	0.043478
52550	52703	1	0.014493
52551	52609	9	0.010309
52551	52785	12	0.013746
52551	52748	14	0.016037
52551	52718	39	0.044674
52551	52529	2948	3.376861
52551	52723	4	0.004582
52551	52534	1352	1.548683
52551	52599	4	0.004582
52551	52856	18	0.020619
52551	52794	3	0.003436
52551	52472	4	0.004582
52551	52703	2	0.002291
52552	52864	3	0.002358
52552	52609	2	0.001572
52552	52483	3	0.002358
52552	52494	1	0.000786
52552	52748	4	0.003145
52552	52621	1	0.000786
52552	52462	14	0.011006
52552	52723	2	0.001572
52552	52627	2	0.001572
52552	52466	1	0.000786
52552	52547	2	0.001572
52552	52814	162	0.127358
52552	52631	1	0.000786
52552	52856	3	0.002358
52552	52718	36	0.028302
52552	52794	1	0.000786
52552	52703	1	0.000786
52553	52578	4	0.029630
52553	52778	18	0.133333
52553	52718	4	0.029630
52553	52723	2	0.014815
52553	52499	4	0.029630
52553	52534	2	0.014815
52553	52575	4	0.029630
52555	52641	1	0.007752
52555	52631	2	0.015504
52555	52748	4	0.031008
52555	52781	144	1.116279
52555	52718	3066	23.767442
52555	52621	2	0.015504
52555	52723	2	0.015504
52555	52534	1	0.007752
52555	52823	3	0.023256
52555	52856	256	1.984496
52555	52858	1	0.007752
52555	52412	1	0.007752
52555	52413	3	0.023256
52555	52703	1	0.007752
52556	52672	204	0.500000
52556	52538	201	0.492647
52556	52723	398	0.975490
52556	52794	6	0.014706
52556	52718	2	0.004902
52557	52794	1	0.005682
52557	52718	21	0.119318
52558	52496	2	0.044444
52558	52794	44	0.977778
52558	52718	3	0.066667
52559	52489	30	0.810811
52559	52748	4	0.108108
52559	52718	361	9.756757
52561	52792	22	1.100000
52561	52457	22	1.100000
52561	52856	1	0.050000
52566	52718	1	0.002375
52567	52748	6	0.009631
52567	52718	420	0.674157
52567	52823	21	0.033708
52569	52631	2	0.500000
52569	52748	4	1.000000
52569	52621	1	0.250000
52569	52718	95	23.750000
52569	52723	2	0.500000
52569	52823	3	0.750000
52569	52858	4	1.000000
52569	52412	1	0.250000
52569	52413	3	0.750000
52569	52703	1	0.250000
52571	52788	1	0.002941
52572	52616	1	0.076923
52575	52723	2	0.000508
52575	52540	1	0.000254
52575	52703	134	0.034019
52577	52858	6	1.000000
52583	52806	2	0.004000
52583	52489	3	0.006000
52583	52748	587	1.174000
52583	52813	6	0.012000
52583	52718	5880	11.760000
52583	52751	6	0.012000
52583	52465	5	0.010000
52583	52754	5	0.010000
52583	52531	2	0.004000
52583	52501	2	0.004000
52583	52599	2	0.004000
52583	52794	1	0.002000
52583	52732	2	0.004000
52583	52829	5	0.010000
52583	52821	2	0.004000
52585	52718	8	0.065574
52585	52814	123	1.008197
52586	52547	2	0.046512
52586	52742	2	0.046512
52586	52494	1	0.023256
52586	52499	1	0.023256
52586	52729	1	0.023256
52586	52766	1	0.023256
52590	52489	1	0.066667
52590	52715	5	0.333333
52590	52748	2	0.133333
52590	52429	2	0.133333
52590	52718	182	12.133333
52590	52495	2	0.133333
52590	52823	1	0.066667
52592	52738	440	2.085308
52595	52513	1	0.005155
52595	52614	2	0.010309
52595	52462	1	0.005155
52595	52723	3	0.015464
52595	52814	1	0.005155
52595	52856	3	0.015464
52595	52718	86	0.443299
52595	52794	1	0.005155
52595	52447	6	0.030928
52598	52682	1	1.000000
52598	52823	1	1.000000
52599	52547	1	0.004545
52599	52748	1	0.004545
52599	52813	1	0.004545
52599	52462	2	0.009091
52599	52751	2	0.009091
52599	52689	2	0.009091
52599	52723	8	0.036364
52599	52718	2189	9.950000
52599	52631	1	0.004545
52599	52408	206	0.936364
52599	52699	2	0.009091
52599	52732	7	0.031818
52599	52413	2	0.009091
52600	52723	1	0.010204
52601	52414	1	0.008197
52601	52743	1	0.008197
52602	52749	94	0.151125
52602	52718	34	0.054662
52602	52723	6	0.009646
52602	52622	1	0.001608
52602	52534	1	0.001608
52602	52856	3	0.004823
52602	52794	1	0.001608
52602	52415	2	0.003215
52602	52447	1	0.001608
52603	52489	2	0.033898
52603	52547	1	0.016949
52603	52540	1	0.016949
52603	52412	1	0.016949
52603	52631	2	0.033898
52603	52748	67	1.135593
52603	52621	2	0.033898
52603	52718	915	15.508475
52603	52472	1	0.016949
52603	52723	3	0.050847
52603	52794	1	0.016949
52603	52823	3	0.050847
52603	52856	1	0.016949
52603	52858	1	0.016949
52603	52668	1	0.016949
52603	52413	3	0.050847
52603	52703	1	0.016949
52607	52705	7	0.004337
52608	52609	2	0.009950
52608	52631	2	0.009950
52608	52732	9	0.044776
52608	52718	5574	27.731343
52608	52599	9	0.044776
52609	52864	1	0.000276
52609	52483	6	0.001655
52609	52618	3	0.000828
52609	52748	5	0.001379
52609	52496	7	0.001931
52609	52627	1	0.000276
52609	52631	2	0.000552
52609	52633	2	0.000552
52609	52519	1	0.000276
52609	52499	1	0.000276
52609	52529	15	0.004138
52609	52785	7	0.001931
52609	52540	2	0.000552
52609	52413	1	0.000276
52609	52414	1	0.000276
52609	52415	1	0.000276
52609	52547	2	0.000552
52609	52552	14	0.003862
52609	52429	90	0.024828
52609	52814	71	0.019586
52609	52856	4	0.001103
52609	52823	1	0.000276
52609	52703	30	0.008276
52609	52585	19	0.005241
52609	52718	116	0.032000
52609	52723	1	0.000276
52609	52599	3	0.000828
52609	52472	10	0.002759
52610	52718	9	1.000000
52611	52858	13	0.016561
52611	52718	8	0.010191
52611	52599	13	0.016561
52612	52631	2	0.181818
52612	52748	4	0.363636
52612	52621	1	0.090909
52612	52718	80	7.272727
52612	52723	2	0.181818
52612	52823	3	0.272727
52612	52858	1	0.090909
52612	52412	1	0.090909
52612	52413	3	0.272727
52612	52703	1	0.090909
52614	52609	4	0.001616
52614	52547	7	0.002827
52614	52552	1	0.000404
52614	52748	5	0.002019
52614	52429	1	0.000404
52614	52718	16	0.006462
52614	52496	1	0.000404
52614	52499	5	0.002019
52614	52814	3	0.001212
52614	52823	2	0.000808
52614	52540	5	0.002019
52614	52766	1	0.000404
52614	52415	1	0.000404
52615	52828	1	0.001259
52615	52718	1	0.001259
52615	52499	1	0.001259
52615	52406	2	0.002519
52615	52540	1	0.001259
52615	52766	1	0.001259
52616	52572	1	0.013514
52616	52718	1	0.013514
52617	52794	1	0.015873
52617	52631	3	0.047619
52617	52748	4	0.063492
52617	52621	1	0.015873
52617	52718	784	12.444444
52617	52723	2	0.031746
52617	52823	3	0.047619
52617	52858	1	0.015873
52617	52412	1	0.015873
52617	52413	3	0.047619
52617	52703	1	0.015873
52618	52609	1	0.001232
52618	52547	1	0.001232
52618	52748	1	0.001232
52618	52621	1	0.001232
52618	52718	23	0.028325
52618	52627	2	0.002463
52618	52814	14	0.017241
52618	52447	1	0.001232
52618	52415	1	0.001232
52621	52748	175	1.966292
52621	52718	12	0.134831
52621	52631	13	0.146067
52622	52429	784	1.836066
52622	52718	6	0.014052
52622	52496	801	1.875878
52622	52499	809	1.894614
52622	52856	2	0.004684
52622	52415	797	1.866511
52622	52703	2	0.004684
52626	52482	1	0.002618
52626	52421	1	0.002618
52626	52519	1	0.002618
52626	52748	4	0.010471
52626	52718	15	0.039267
52626	52723	3	0.007853
52626	52821	38	0.099476
52626	52856	21	0.054974
52627	52472	2	0.000605
52627	52552	3	0.000908
52627	52587	4	0.001211
52627	52748	1	0.000303
52627	52429	8	0.002421
52627	52718	32	0.009685
52627	52496	1	0.000303
52627	52856	2	0.000605
52627	52499	1	0.000303
52627	52814	22	0.006659
52627	52408	2	0.000605
52627	52794	3	0.000908
52627	52413	1	0.000303
52627	52414	2	0.000605
52629	52864	1	0.003040
52629	52609	1	0.003040
52629	52547	2	0.006079
52629	52483	1	0.003040
52629	52614	1	0.003040
52629	52519	2	0.006079
52629	52552	1	0.003040
52629	52522	11	0.033435
52629	52587	1	0.003040
52629	52627	1	0.003040
52629	52499	1	0.003040
52629	52496	1	0.003040
52629	52819	1	0.003040
52629	52823	54	0.164134
52629	52540	1	0.003040
52629	52618	1	0.003040
52629	52766	1	0.003040
52629	52415	1	0.003040
52630	52738	1	0.003650
52630	52552	1	0.003650
52630	52823	12	0.043796
52630	52573	8	0.029197
52630	52592	6	0.021898
52630	52563	8	0.029197
52630	52564	1	0.003650
52630	52791	3	0.010949
52630	52847	1	0.003650
52630	52861	6	0.021898
52630	52542	1	0.003650
52631	52641	1	0.010870
52631	52748	5	0.054348
52631	52621	1	0.010870
52631	52718	1368	14.869565
52631	52495	1	0.010870
52631	52723	3	0.032609
52631	52823	3	0.032609
52631	52472	4	0.043478
52631	52858	2	0.021739
52631	52412	1	0.010870
52631	52413	3	0.032609
52631	52703	1	0.010870
52633	52631	2	0.064516
52633	52748	4	0.129032
52633	52621	1	0.032258
52633	52718	791	25.516129
52633	52723	2	0.064516
52633	52823	3	0.096774
52633	52858	1	0.032258
52633	52412	1	0.032258
52633	52413	3	0.096774
52633	52703	1	0.032258
52635	52408	1	0.029412
52635	52858	1	0.029412
52637	52856	11	0.229167
52637	52621	1	0.020833
52637	52718	5	0.104167
52638	52587	3	0.007614
52638	52614	4	0.010152
52638	52668	1	0.002538
52638	52631	2	0.005076
52638	52748	6	0.015228
52638	52621	2	0.005076
52638	52462	5	0.012690
52638	52723	2	0.005076
52638	52718	8035	20.393401
52638	52823	3	0.007614
52638	52858	1	0.002538
52638	52412	1	0.002538
52638	52413	3	0.007614
52638	52703	1	0.002538
52639	52521	25	1.000000
52641	52489	1	0.002545
52641	52748	3	0.007634
52641	52621	6	0.015267
52641	52718	884	2.249364
52641	52781	38	0.096692
52641	52534	2	0.005089
52641	52472	1	0.002545
52641	52794	1	0.002545
52641	52669	1	0.002545
52641	52702	2	0.005089
52642	52794	1	0.010526
52642	52483	1	0.010526
52642	52718	1	0.010526
52648	52488	1	0.031250
52648	52599	1	0.031250
52648	52813	1	0.031250
52648	52718	288	9.000000
52648	52823	1	0.031250
52650	52669	24	2.000000
52650	52718	159	13.250000
52651	52513	1	0.021277
52651	52748	1	0.021277
52651	52534	1	0.021277
52652	52866	1	0.004651
52652	52739	1	0.004651
52652	52484	1	0.004651
52652	52486	1	0.004651
52652	52744	1	0.004651
52652	52492	1	0.004651
52652	52621	1	0.004651
52652	52751	1	0.004651
52652	52631	6	0.027907
52652	52768	1	0.004651
52652	52513	1	0.004651
52652	52870	1	0.004651
52652	52657	1	0.004651
52652	52742	1	0.004651
52652	52651	1	0.004651
52652	52396	1	0.004651
52652	52781	1	0.004651
52652	52529	1	0.004651
52652	52595	1	0.004651
52652	52412	1	0.004651
52652	52413	3	0.013953
52652	52512	1	0.004651
52652	52802	1	0.004651
52652	52547	2	0.009302
52652	52436	1	0.004651
52652	52806	1	0.004651
52652	52641	1	0.004651
52652	52748	4	0.018605
52652	52426	1	0.004651
52652	52813	1	0.004651
52652	52557	1	0.004651
52652	52816	1	0.004651
52652	52561	1	0.004651
52652	52820	1	0.004651
52652	52438	1	0.004651
52652	52823	3	0.013953
52652	52825	1	0.004651
52652	52699	1	0.004651
52652	52702	1	0.004651
52652	52703	2	0.009302
52652	52778	1	0.004651
52652	52711	1	0.004651
52652	52718	3075	14.302326
52652	52464	1	0.004651
52652	52723	8	0.037209
52652	52599	5	0.023256
52652	52856	2	0.009302
52652	52473	1	0.004651
52652	52858	217	1.009302
52652	52859	1	0.004651
52652	52860	1	0.004651
52652	52394	1	0.004651
52653	52641	15	0.053957
52653	52648	3	0.010791
52653	52412	2	0.007194
52653	52618	1	0.003597
52653	52631	8	0.028777
52653	52748	9	0.032374
52653	52813	3	0.010791
52653	52718	4965	17.859712
52653	52781	1	0.003597
52653	52723	5	0.017986
52653	52462	1	0.003597
52653	52823	7	0.025180
52653	52621	2	0.007194
52653	52858	2	0.007194
52653	52540	6	0.021583
52653	52413	6	0.021583
52653	52703	2	0.007194
52657	52578	2	0.001825
52657	52525	6	0.005474
52657	52718	2	0.001825
52657	52695	794	0.724453
52657	52856	2	0.001825
52657	52794	2	0.001825
52657	52575	2	0.001825
52658	52718	8	0.031128
52659	52631	2	0.038462
52659	52412	1	0.019231
52659	52715	1	0.019231
52659	52748	6	0.115385
52659	52621	1	0.019231
52659	52718	565	10.865385
52659	52723	2	0.038462
52659	52823	3	0.057692
52659	52856	4	0.076923
52659	52858	1	0.019231
52659	52668	1	0.019231
52659	52413	3	0.057692
52659	52703	1	0.019231
52661	52408	8	0.005256
52661	52522	4	0.002628
52661	52439	2	0.001314
52661	52823	6	0.003942
52662	52513	715	0.682904
52662	52545	1	0.000955
52662	52471	8	0.007641
52662	52748	4	0.003820
52662	52813	1	0.000955
52662	52494	3	0.002865
52662	52718	2	0.001910
52662	52823	9	0.008596
52662	52472	2	0.001910
52662	52858	1	0.000955
52662	52476	7	0.006686
52663	52748	2	0.002841
52663	52396	4	0.005682
52663	52621	12	0.017045
52663	52718	19	0.026989
52663	52437	4	0.005682
52663	52599	2	0.002841
52663	52794	2	0.002841
52667	52499	1	0.007576
52667	52494	1	0.007576
52667	52534	1	0.007576
52668	52489	3	0.032258
52668	52682	3	0.032258
52668	52631	2	0.021505
52668	52748	8	0.086022
52668	52621	1	0.010753
52668	52718	1159	12.462366
52668	52751	1	0.010753
52668	52723	2	0.021505
52668	52534	2	0.021505
52668	52823	3	0.032258
52668	52858	1	0.010753
52668	52412	1	0.010753
52668	52413	3	0.032258
52668	52703	1	0.010753
52669	52641	2	0.011561
52669	52668	1	0.005780
52669	52631	5	0.028902
52669	52748	4	0.023121
52669	52621	2	0.011561
52669	52718	2178	12.589595
52669	52723	2	0.011561
52669	52660	1	0.005780
52669	52823	4	0.023121
52669	52856	1	0.005780
52669	52858	1	0.005780
52669	52412	1	0.005780
52669	52413	4	0.023121
52669	52703	1	0.005780
52670	52823	1	0.003311
52671	52641	6	0.002391
52671	52621	2	0.000797
52671	52718	21	0.008370
52671	52534	7085	2.823834
52671	52631	4	0.001594
52671	52667	7	0.002790
52671	52540	1	0.000399
52672	52538	1	0.032258
52672	52556	2	0.064516
52672	52717	1	0.032258
52672	52718	1	0.032258
52674	52456	6	0.002110
52674	52718	17	0.005977
52674	52599	1	0.000352
52682	52489	17	0.607143
52682	52631	2	0.071429
52682	52748	4	0.142857
52682	52621	1	0.035714
52682	52718	56	2.000000
52682	52723	2	0.071429
52682	52823	3	0.107143
52682	52858	1	0.035714
52682	52412	1	0.035714
52682	52413	3	0.107143
52682	52703	1	0.035714
52683	52438	2	0.105263
52686	52544	3	0.013953
52686	52578	2	0.009302
52686	52771	2	0.009302
52686	52744	4	0.018605
52686	52682	6	0.027907
52686	52748	6	0.027907
52686	52718	34	0.158140
52686	52856	4	0.018605
52686	52823	41	0.190698
52686	52472	5	0.023256
52686	52618	2	0.009302
52686	52415	2	0.009302
52689	52631	2	0.250000
52689	52599	3	0.375000
52689	52748	4	0.500000
52689	52621	1	0.125000
52689	52718	140	17.500000
52689	52723	6	0.750000
52689	52823	3	0.375000
52689	52858	1	0.125000
52689	52412	1	0.125000
52689	52413	3	0.375000
52689	52703	1	0.125000
52691	52489	1	0.031250
52691	52631	2	0.062500
52691	52748	5	0.156250
52691	52621	1	0.031250
52691	52718	438	13.687500
52691	52413	3	0.093750
52691	52723	34	1.062500
52691	52823	6	0.187500
52691	52858	1	0.031250
52691	52412	1	0.031250
52691	52669	1	0.031250
52691	52703	1	0.031250
52692	52765	43	1.102564
52695	52648	1	0.000128
52695	52489	1	0.000128
52695	52748	1	0.000128
52695	52718	34	0.004367
52695	52657	5203	0.668251
52695	52823	52	0.006679
52696	52858	2	0.400000
52697	52718	1	0.010204
52697	52462	1	0.010204
52699	52547	3	0.005051
52699	52748	22	0.037037
52699	52718	127	0.213805
52699	52856	60	0.101010
52699	52462	28	0.047138
52699	52534	86	0.144781
52699	52599	4	0.006734
52699	52472	16	0.026936
52699	52729	3	0.005051
52699	52794	40	0.067340
52699	52447	2	0.003367
52699	52732	1	0.001684
52699	52703	111	0.186869
52700	52641	10	1.000000
52700	52621	2	0.200000
52700	52718	200	20.000000
52700	52489	10	1.000000
52702	52864	1	0.002519
52702	52609	1	0.002519
52702	52483	5	0.012594
52702	52614	1	0.002519
52702	52540	1	0.002519
52702	52618	1	0.002519
52702	52491	1	0.002519
52702	52748	40	0.100756
52702	52621	2	0.005038
52702	52495	1	0.002519
52702	52496	1	0.002519
52702	52627	1	0.002519
52702	52631	3	0.007557
52702	52766	1	0.002519
52702	52641	32	0.080605
52702	52519	1	0.002519
52702	52499	1	0.002519
52702	52585	1	0.002519
52702	52785	1	0.002519
52702	52789	456	1.148615
52702	52662	1	0.002519
52702	52538	1	0.002519
52702	52703	3	0.007557
52702	52668	1	0.002519
52702	52669	1	0.002519
52702	52415	1	0.002519
52702	52412	1	0.002519
52702	52547	1	0.002519
52702	52552	1	0.002519
52702	52682	1	0.002519
52702	52558	1	0.002519
52702	52689	1	0.002519
52702	52819	1	0.002519
52702	52814	1	0.002519
52702	52823	3	0.007557
52702	52447	401	1.010076
52702	52713	31	0.078086
52702	52715	1	0.002519
52702	52718	1168	2.942065
52702	52413	5	0.012594
52702	52466	1	0.002519
52702	52723	2	0.005038
52702	52726	1	0.002519
52702	52599	1	0.002519
52702	52856	38	0.095718
52702	52858	2	0.005038
52702	52732	1	0.002519
52702	52472	1	0.002519
52703	52578	13	0.047970
52703	52775	1	0.003690
52703	52488	1	0.003690
52703	52718	8	0.029520
52703	52472	1	0.003690
52703	52856	2	0.007380
52703	52702	1	0.003690
52703	52575	835	3.081181
52705	52771	1	0.002188
52705	52668	5	0.010941
52705	52718	1	0.002188
52705	52823	10	0.021882
52706	52405	1	0.017857
52706	52823	3	0.053571
52707	52864	21	1.000000
52707	52609	21	1.000000
52707	52748	21	1.000000
52707	52718	4	0.190476
52707	52575	42	2.000000
52709	52823	2	0.040816
52713	52864	1	0.030303
52713	52609	1	0.030303
52713	52483	5	0.151515
52713	52614	1	0.030303
52713	52618	1	0.030303
52713	52491	1	0.030303
52713	52748	10	0.303030
52713	52621	2	0.060606
52713	52496	1	0.030303
52713	52499	1	0.030303
52713	52631	2	0.060606
52713	52766	1	0.030303
52713	52519	1	0.030303
52713	52785	1	0.030303
52713	52723	2	0.060606
52713	52662	1	0.030303
52713	52538	1	0.030303
52713	52540	1	0.030303
52713	52413	3	0.090909
52713	52415	1	0.030303
52713	52412	1	0.030303
52713	52547	1	0.030303
52713	52552	1	0.030303
52713	52682	1	0.030303
52713	52819	1	0.030303
52713	52823	3	0.090909
52713	52703	1	0.030303
52713	52585	1	0.030303
52713	52718	58	1.757576
52713	52466	1	0.030303
52713	52627	1	0.030303
52713	52726	1	0.030303
52713	52858	1	0.030303
52715	52631	6	0.016304
52715	52489	5	0.013587
52715	52823	6	0.016304
52715	52748	13	0.035326
52715	52621	3	0.008152
52715	52718	4444	12.076087
52715	52723	6	0.016304
52715	52590	1	0.002717
52715	52599	1	0.002717
52715	52856	364	0.989130
52715	52858	3	0.008152
52715	52668	3	0.008152
52715	52412	1	0.002717
52715	52413	3	0.008152
52715	52702	1	0.002717
52715	52703	1	0.002717
52717	52823	3	0.031250
52718	52739	2	0.000311
52718	52742	3	0.000467
52718	52744	2	0.000311
52718	52745	1	0.000156
52718	52748	21742	3.383442
52718	52751	2	0.000311
52718	52753	1	0.000156
52718	52760	1	0.000156
52718	52768	2	0.000311
52718	52771	19	0.002957
52718	52775	4	0.000622
52718	52777	1	0.000156
52718	52778	2	0.000311
52718	52781	132	0.020542
52718	52789	34	0.005291
52718	52794	11	0.001712
52718	52802	2	0.000311
52718	52803	1	0.000156
52718	52806	2	0.000311
52718	52807	87	0.013539
52718	52808	1	0.000156
52718	52810	1	0.000156
52718	52813	4	0.000622
52718	52814	15	0.002334
52718	52816	2	0.000311
52718	52818	2	0.000311
52718	52820	2	0.000311
52718	52823	12528	1.949580
52718	52825	2	0.000311
52718	52848	1	0.000156
52718	52849	2	0.000311
52718	52853	7	0.001089
52718	52856	602	0.093682
52718	52858	4410	0.686275
52718	52859	2	0.000311
52718	52860	3	0.000467
52718	52864	1	0.000156
52718	52866	2	0.000311
52718	52870	2	0.000311
52718	52394	2	0.000311
52718	52396	2	0.000311
52718	52404	1	0.000156
52718	52408	3576	0.556489
52718	52409	2	0.000311
52718	52412	4155	0.646592
52718	52413	13205	2.054933
52718	52417	1	0.000156
52718	52426	2	0.000311
52718	52429	1	0.000156
52718	52436	2	0.000311
52718	52437	1	0.000156
52718	52438	2	0.000311
52718	52447	242	0.037660
52718	52449	2	0.000311
52718	52454	1	0.000156
52718	52456	1	0.000156
52718	52461	2	0.000311
52718	52462	22	0.003424
52718	52463	1	0.000156
52718	52464	2	0.000311
52718	52472	9	0.001401
52718	52473	2	0.000311
52718	52481	1	0.000156
52718	52484	2	0.000311
52718	52486	2	0.000311
52718	52488	56	0.008715
52718	52489	1220	0.189854
52718	52490	1	0.000156
52718	52492	2	0.000311
52718	52495	17	0.002646
52718	52496	1	0.000156
52718	52499	2	0.000311
52718	52504	1	0.000156
52718	52512	3	0.000467
52718	52513	3	0.000467
52718	52519	11	0.001712
52718	52529	3	0.000467
52718	52534	22	0.003424
52718	52540	16	0.002490
52718	52546	1	0.000156
52718	52547	2	0.000311
52718	52552	1	0.000156
52718	52554	1	0.000156
52718	52556	1	0.000156
52718	52557	2	0.000311
52718	52558	5	0.000778
52718	52561	2	0.000311
52718	52575	1	0.000156
52718	52578	1	0.000156
52718	52587	3	0.000467
52718	52589	1	0.000156
52718	52590	5	0.000778
52718	52595	2	0.000311
52718	52599	4826	0.751012
52718	52601	1	0.000156
52718	52602	1	0.000156
52718	52607	3	0.000467
52718	52609	4	0.000622
52718	52611	1	0.000156
52718	52614	2	0.000311
52718	52615	2	0.000311
52718	52616	2	0.000311
52718	52618	1	0.000156
52718	52621	4280	0.666044
52718	52622	1	0.000156
52718	52626	4	0.000622
52718	52627	2	0.000311
52718	52628	1	0.000156
52718	52630	4	0.000622
52718	52631	16542	2.574230
52718	52633	36	0.005602
52718	52635	1	0.000156
52718	52641	44	0.006847
52718	52642	1	0.000156
52718	52648	3	0.000467
52718	52651	2	0.000311
52718	52657	2	0.000311
52718	52660	5	0.000778
52718	52667	1	0.000156
52718	52668	305	0.047463
52718	52669	111	0.017274
52718	52671	1	0.000156
52718	52682	53	0.008248
52718	52689	8	0.001245
52718	52694	1	0.000156
52718	52699	4	0.000622
52718	52702	22	0.003424
52718	52703	4612	0.717709
52718	52704	1	0.000156
52718	52708	1	0.000156
52718	52711	2	0.000311
52718	52713	21	0.003268
52718	52715	23	0.003579
52718	52720	1	0.000156
52718	52723	12835	1.997354
52718	52731	1	0.000156
52718	52732	14	0.002179
52720	52718	126	1.032787
52720	52599	1	0.008197
52721	52488	2	0.000649
52721	52489	1	0.000324
52721	52748	20	0.006485
52721	52494	81	0.026265
52721	52495	1	0.000324
52721	52718	49	0.015888
52721	52631	2	0.000649
52721	52513	1	0.000324
52721	52396	1	0.000324
52721	52529	1	0.000324
52721	52534	2	0.000649
52721	52447	4	0.001297
52721	52416	91	0.029507
52721	52552	2	0.000649
52721	52699	1	0.000324
52721	52667	1	0.000324
52721	52703	2	0.000649
52721	52707	1	0.000324
52721	52462	339404	110.053178
52721	52723	12	0.003891
52721	52599	18	0.005837
52721	52856	2	0.000649
52721	52858	4	0.001297
52721	52732	3	0.000973
52722	52641	15	0.054152
52722	52648	3	0.010830
52722	52412	2	0.007220
52722	52618	1	0.003610
52722	52823	7	0.025271
52722	52748	9	0.032491
52722	52813	3	0.010830
52722	52462	1	0.003610
52722	52781	1	0.003610
52722	52723	5	0.018051
52722	52718	4947	17.859206
52722	52631	8	0.028881
52722	52621	2	0.007220
52722	52858	2	0.007220
52722	52540	6	0.021661
52722	52413	6	0.021661
52722	52703	2	0.007220
52723	52547	1	0.001353
52723	52472	2	0.002706
52723	52599	2	0.002706
52723	52462	4	0.005413
52723	52689	1	0.001353
52723	52718	13083	17.703654
52723	52631	3	0.004060
52723	52856	2	0.002706
52723	52794	1	0.001353
52723	52413	1	0.001353
52723	52703	4	0.005413
52724	52864	4	0.022346
52724	52609	6	0.033520
52724	52483	5	0.027933
52724	52614	4	0.022346
52724	52618	9	0.050279
52724	52748	6	0.033520
52724	52621	1	0.005587
52724	52622	6	0.033520
52724	52496	5	0.027933
52724	52627	10	0.055866
52724	52718	2348	13.117318
52724	52631	2	0.011173
52724	52766	7	0.039106
52724	52519	149	0.832402
52724	52499	5	0.027933
52724	52522	4	0.022346
52724	52412	1	0.005587
52724	52413	3	0.016760
52724	52414	4	0.022346
52724	52415	6	0.033520
52724	52547	7	0.039106
52724	52552	9	0.050279
52724	52429	5	0.027933
52724	52814	3	0.016760
52724	52819	5	0.027933
52724	52823	4	0.022346
52724	52703	1	0.005587
52724	52540	10	0.055866
52724	52587	4	0.022346
52724	52590	1	0.005587
52724	52723	2	0.011173
52724	52585	6	0.033520
52724	52856	1	0.005587
52724	52858	1	0.005587
52726	52702	4	0.011494
52726	52718	28	0.080460
52726	52823	603	1.732759
52727	52682	2	0.200000
52729	52609	3	0.005780
52729	52547	3	0.005780
52729	52552	3	0.005780
52729	52494	3	0.005780
52729	52496	3	0.005780
52729	52499	3	0.005780
52729	52718	8	0.015414
52729	52848	3	0.005780
52729	52699	6	0.011561
52729	52540	6	0.011561
52729	52414	3	0.005780
52729	52415	3	0.005780
52732	52609	1	0.003731
52732	52611	1	0.003731
52732	52748	4	0.014925
52732	52621	1	0.003731
52732	52494	3	0.011194
52732	52627	2	0.007463
52732	52462	2	0.007463
52732	52631	2	0.007463
52732	52781	1	0.003731
52732	52723	2	0.007463
52732	52794	4	0.014925
52732	52412	1	0.003731
52732	52413	3	0.011194
52732	52547	1	0.003731
52732	52552	14	0.052239
52732	52558	1	0.003731
52732	52823	3	0.011194
52732	52703	2	0.007463
52732	52718	3046	11.365672
52732	52499	2	0.007463
52732	52599	12	0.044776
52732	52856	4	0.014925
52732	52858	2	0.007463
