Src	Trg	LinkCount	RelLinkCount
2811	3270	1	0.029412
2811	3302	1	0.029412
2811	3145	3	0.088235
2811	3021	1	0.029412
2811	2894	1	0.029412
2811	3311	1	0.029412
2811	3216	2	0.058824
2811	3380	1	0.029412
2811	3241	2	0.058824
2811	2873	1	0.029412
2811	3163	2	0.058824
2811	2911	43	1.264706
2812	2943	1	0.011494
2812	3375	2	0.022989
2812	2911	87	1.000000
2813	2911	21	3.000000
2815	2986	1	0.058824
2815	3302	1	0.058824
2816	2977	2	0.060606
2816	3374	2	0.060606
2816	3294	422	12.787879
2816	2911	223	6.757576
2817	3241	6	0.022727
2817	2947	3	0.011364
2818	3369	63	1.016129
2818	3025	1	0.016129
2818	2923	64	1.032258
2818	2911	126	2.032258
2819	3241	1	0.010989
2819	3026	1	0.010989
2822	2980	1	0.000778
2822	3241	5	0.003888
2822	3179	1	0.000778
2822	2894	1	0.000778
2822	3026	1	0.000778
2822	2873	1	0.000778
2822	2911	3	0.002333
2823	2969	1	0.019608
2823	2986	4	0.078431
2823	2911	51	1.000000
2824	2857	3	0.017143
2827	3105	48	1.066667
2828	3302	194	1.071823
2828	3311	1387	7.662983
2829	3241	24	0.960000
2829	3300	24	0.960000
2830	2911	58	4.833333
2832	3241	5	0.003647
2832	3219	3	0.002188
2832	3302	1	0.000729
2837	3241	1	0.012821
2839	2969	8	0.019093
2839	2911	4	0.009547
2842	3163	1	0.020408
2843	3169	2	0.003617
2843	2977	1	0.001808
2843	3082	130	0.235081
2843	3435	2	0.003617
2843	2959	52	0.094033
2843	3344	2	0.003617
2843	3256	16	0.028933
2844	3241	2	0.009091
2845	3241	8	0.041451
2845	3300	1	0.005181
2846	3344	1	0.038462
2846	3282	1	0.038462
2846	2972	1	0.038462
2846	3302	60	2.307692
2848	2911	22	1.047619
2850	2986	1	0.004098
2850	2911	245	1.004098
2851	3241	77	0.647059
2852	2953	1	0.000497
2852	3211	4	0.001988
2852	3344	2	0.000994
2852	3246	1	0.000497
2852	3226	1	0.000497
2852	3100	1	0.000497
2852	3106	1	0.000497
2852	2980	1	0.000497
2852	2853	1	0.000497
2852	3496	2	0.000994
2852	3241	9	0.004473
2852	2972	2	0.000994
2852	3371	1	0.000497
2852	3374	4	0.001988
2852	2995	1	0.000497
2852	3380	1	0.000497
2852	3081	1	0.000497
2852	3128	1	0.000497
2852	3258	1	0.000497
2852	3423	4	0.001988
2852	3269	1	0.000497
2852	3148	1	0.000497
2852	3536	1	0.000497
2852	3291	5	0.002485
2852	2911	7	0.003479
2852	3040	1	0.000497
2852	2913	1	0.000497
2852	2914	1	0.000497
2852	3173	1	0.000497
2852	3310	1	0.000497
2852	3183	1	0.000497
2852	3316	1	0.000497
2852	2937	1	0.000497
2856	2974	1	0.007634
2856	3302	3	0.022901
2856	3311	534	4.076336
2857	2920	108	0.346154
2857	3241	2	0.006410
2857	2980	3	0.009615
2857	3037	3	0.009615
2857	3311	2	0.006410
2860	3241	2	0.111111
2862	2857	1	0.011905
2862	2871	2	0.023810
2862	3188	1	0.011905
2862	3477	1	0.011905
2862	3183	6519	77.607143
2863	3344	32	4.000000
2864	3344	2	0.086957
2866	3241	57	0.966102
2867	2911	2	1.000000
2869	3241	54	1.018868
2871	3075	7	0.001034
2871	3335	2	0.000295
2871	3081	2	0.000295
2871	3211	4	0.000591
2871	3344	18175	2.684638
2871	3219	1	0.000148
2871	2862	2	0.000295
2871	3226	3	0.000443
2871	3311	2	0.000295
2871	3231	2	0.000295
2871	3163	3	0.000443
2871	2857	12	0.001773
2871	3374	36	0.005318
2871	2863	35	0.005170
2871	3256	3	0.000443
2871	3241	3	0.000443
2871	2911	2	0.000295
2871	2832	1	0.000148
2871	3269	11	0.001625
2871	3063	2	0.000295
2871	3276	6	0.000886
2871	3149	1	0.000148
2871	2894	3	0.000443
2871	3026	3	0.000443
2871	3291	2	0.000295
2871	3423	1	0.000148
2871	3169	2	0.000295
2871	2914	2	0.000295
2871	3131	2	0.000295
2871	3300	9	0.001329
2871	3302	4	0.000591
2871	3179	2	0.000295
2871	3183	6	0.000886
2871	3188	1	0.000148
2871	2934	7	0.001034
2871	3369	1	0.000148
2871	2937	2	0.000295
2871	3068	1	0.000148
2872	3241	12	0.005973
2872	3010	3	0.001493
2873	2911	2	1.000000
2875	3040	1	0.002062
2875	3536	1	0.002062
2875	3269	1	0.002062
2875	3241	2	0.004124
2875	3246	1	0.002062
2875	3344	1	0.002062
2875	2972	1	0.002062
2875	2853	1	0.002062
2876	3241	3	0.230769
2878	3241	51	0.459459
2878	3183	51	0.459459
2879	3241	41	0.038716
2881	3290	50	0.649351
2881	3436	57	0.740260
2881	3462	647	8.402597
2881	2911	114	1.480519
2882	3241	6	0.009967
2883	2911	2	0.001129
2883	3269	1	0.000564
2883	3241	143	0.080700
2883	2986	1	0.000564
2883	3211	4	0.002257
2883	3026	1	0.000564
2883	3291	2	0.001129
2883	3292	31	0.017494
2883	3423	1	0.000564
2887	3300	4	0.002815
2887	3241	23	0.016186
2887	3246	1	0.000704
2887	3344	2	0.001407
2887	3282	2	0.001407
2887	3081	1	0.000704
2888	2911	33	3.000000
2889	3248	3	0.001963
2889	3241	92	0.060209
2889	3300	3	0.001963
2889	2911	25	0.016361
2891	2911	56	4.000000
2892	3080	8	0.533333
2893	3025	1	0.015385
2893	2911	329	5.061538
2894	2953	3	0.027273
2894	3344	2	0.018182
2894	3374	4	0.036364
2894	3226	2	0.018182
2894	3100	2	0.018182
2894	3106	3	0.027273
2894	2980	3	0.027273
2894	2853	2	0.018182
2894	3496	2	0.018182
2894	3241	4	0.036364
2894	2972	2	0.018182
2894	3371	2	0.018182
2894	3246	2	0.018182
2894	2995	3	0.027273
2894	2873	1	0.009091
2894	3258	3	0.027273
2894	3423	4	0.036364
2894	3269	2	0.018182
2894	3148	2	0.018182
2894	3536	2	0.018182
2894	3037	2	0.018182
2894	2911	760	6.909091
2894	3040	2	0.018182
2894	2913	3	0.027273
2894	2914	2	0.018182
2894	3173	3	0.027273
2894	3310	2	0.018182
2894	3183	4	0.036364
2894	3316	3	0.027273
2894	2937	2	0.018182
2895	2911	3	0.003667
2895	2997	3	0.003667
2895	3303	3	0.003667
2896	3331	1	0.083333
2896	3256	1	0.083333
2896	3163	2	0.166667
2896	2911	2	0.166667
2897	3525	1	0.333333
2898	3241	12	0.235294
2898	3300	1	0.019608
2900	2986	1	0.013699
2900	3219	3	0.041096
2900	3021	1	0.013699
2900	3525	1	0.013699
2901	3179	3	1.000000
2901	2911	12	4.000000
2904	3386	1435	10.954198
2904	3282	1	0.007634
2905	3276	2	0.051282
2905	3269	263	6.743590
2905	3302	1	0.025641
2906	3076	1	0.034483
2906	2982	1	0.034483
2906	2985	1	0.034483
2906	3276	1	0.034483
2906	2894	1	0.034483
2906	2995	28	0.965517
2906	2857	1	0.034483
2906	3268	1	0.034483
2906	3241	1	0.034483
2906	3386	1	0.034483
2906	2911	3	0.103448
2907	3056	1	0.002237
2907	3496	5	0.011186
2907	3241	1	0.002237
2907	3211	1	0.002237
2907	3374	4	0.008949
2907	3183	2	0.004474
2907	3344	2	0.004474
2907	3380	1	0.002237
2907	3221	1	0.002237
2907	2997	1	0.002237
2907	2972	1	0.002237
2907	3037	1	0.002237
2907	2911	449	1.004474
2909	3462	1	0.052632
2909	2911	19	1.000000
2911	3075	4	0.003247
2911	3076	1	0.000812
2911	3078	1	0.000812
2911	3097	10	0.008117
2911	3108	8	0.006494
2911	3110	16	0.012987
2911	3505	1	0.000812
2911	3114	19	0.015422
2911	3115	1	0.000812
2911	3118	21	0.017045
2911	3131	48	0.038961
2911	3138	7	0.005682
2911	3141	1	0.000812
2911	3146	1	0.000812
2911	3169	47	0.038149
2911	3176	11	0.008929
2911	3179	8	0.006494
2911	3210	9	0.007305
2911	3216	1	0.000812
2911	3228	1	0.000812
2911	3230	15	0.012175
2911	3231	1	0.000812
2911	3241	1192	0.967532
2911	3246	2	0.001623
2911	3254	1	0.000812
2911	3255	1	0.000812
2911	3256	118	0.095779
2911	3262	1	0.000812
2911	3263	21	0.017045
2911	3270	1	0.000812
2911	3275	7	0.005682
2911	3282	2	0.001623
2911	3299	1	0.000812
2911	3300	1	0.000812
2911	3302	2322	1.884740
2911	3311	1172	0.951299
2911	2811	1	0.000812
2911	2813	24	0.019481
2911	2818	13	0.010552
2911	3338	1	0.000812
2911	2830	9	0.007305
2911	2831	13	0.010552
2911	3350	1	0.000812
2911	2846	1	0.000812
2911	2949	1	0.000812
2911	2850	2	0.001623
2911	3364	7	0.005682
2911	2857	50	0.040584
2911	2864	7	0.005682
2911	2873	7	0.005682
2911	2886	7	0.005682
2911	3400	36	0.029221
2911	2891	23	0.018669
2911	2893	3	0.002435
2911	2894	1	0.000812
2911	2895	7	0.005682
2911	2896	1	0.000812
2911	3409	11	0.008929
2911	3455	11	0.008929
2911	3414	7	0.005682
2911	3385	1	0.000812
2911	3418	1	0.000812
2911	3424	6	0.004870
2911	3425	5	0.004058
2911	2920	1	0.000812
2911	3434	1	0.000812
2911	2923	3	0.002435
2911	2932	1	0.000812
2911	2935	30	0.024351
2911	2936	9	0.007305
2911	2943	1	0.000812
2911	2945	33	0.026786
2911	3461	13	0.010552
2911	3462	28	0.022727
2911	3464	10	0.008117
2911	2962	10	0.008117
2911	3477	12	0.009740
2911	3478	2	0.001623
2911	2969	7	0.005682
2911	3485	13	0.010552
2911	2974	1	0.000812
2911	3495	1	0.000812
2911	2985	14	0.011364
2911	2986	28	0.022727
2911	2987	1	0.000812
2911	2991	7	0.005682
2911	2993	1	0.000812
2911	3506	6	0.004870
2911	3509	8	0.006494
2911	3511	17	0.013799
2911	3516	10	0.008117
2911	3008	11	0.008929
2911	3009	2	0.001623
2911	3011	1	0.000812
2911	3524	1	0.000812
2911	3530	7	0.005682
2911	3021	52	0.042208
2911	3025	66	0.053571
2911	3026	2305	1.870942
2911	3030	36	0.029221
2911	3042	17	0.013799
2911	3051	1	0.000812
2911	3052	11	0.008929
2911	3056	1	0.000812
2911	3063	2	0.001623
2912	3199	1	0.007042
2912	3374	1	0.007042
2912	2911	1	0.007042
2913	2911	1	0.001464
2913	3211	1	0.001464
2913	3344	2	0.002928
2913	3473	1	0.001464
2913	3060	3	0.004392
2913	3226	2	0.002928
2913	3007	1	0.001464
2913	3423	3	0.004392
2914	2854	1	0.002174
2914	3270	1	0.002174
2914	3144	1	0.002174
2914	3211	1	0.002174
2914	3216	2	0.004348
2914	3026	1	0.002174
2914	2811	1	0.002174
2914	3269	1	0.002174
2919	3075	2	0.006349
2919	3078	2	0.006349
2919	3335	1	0.003175
2919	2953	2	0.006349
2919	3468	4	0.012698
2919	3220	4	0.012698
2919	3224	4	0.012698
2919	2846	1	0.003175
2919	3462	2	0.006349
2919	2985	2	0.006349
2919	3241	2	0.006349
2919	3004	2	0.006349
2919	3007	1	0.003175
2919	3063	1	0.003175
2919	3021	2	0.006349
2919	2894	1	0.003175
2919	3025	1	0.003175
2919	3418	1	0.003175
2919	3163	2	0.006349
2919	2911	7	0.022222
2919	3169	3	0.009524
2919	3042	2	0.006349
2919	3300	2	0.006349
2919	3302	2	0.006349
2919	2923	1	0.003175
2919	3311	1	0.003175
2919	2857	3	0.009524
2919	2811	2	0.006349
2921	3042	1	0.014085
2921	3300	28	0.394366
2921	3302	1	0.014085
2921	3462	1	0.014085
2921	3241	5	0.070423
2921	3021	1	0.014085
2921	3310	1	0.014085
2921	3311	2	0.028169
2921	3025	1	0.014085
2921	2857	1	0.014085
2921	3063	1	0.014085
2921	3033	2	0.028169
2921	2815	1	0.014085
2921	3516	1	0.014085
2921	2911	1	0.014085
2922	3241	4	0.005831
2922	3300	2	0.002915
2922	3118	2	0.002915
2922	2894	1	0.001458
2922	3302	1	0.001458
2923	3009	1	0.000712
2923	2911	1405	1.000000
2926	2881	311	0.730047
2926	3462	3198	7.507042
2926	3436	892	2.093897
2926	3277	46	0.107981
2926	2991	2	0.004695
2926	2893	2	0.004695
2926	2911	620	1.455399
2927	3169	2	0.014388
2927	3195	2	0.014388
2928	3241	1	0.002915
2928	3226	1	0.002915
2928	3270	3	0.008746
2928	2911	2	0.005831
2933	2947	4	0.056338
2933	2852	1	0.014085
2933	3174	2	0.028169
2933	3241	1	0.014085
2933	3114	1	0.014085
2933	3021	1	0.014085
2933	3118	2	0.028169
2933	3256	1	0.014085
2933	3423	3	0.042254
2935	2911	21	1.050000
2936	2911	41	2.928571
2937	2894	1	0.005000
2941	3268	20	0.018501
2941	3496	1	0.000925
2941	3241	1030	0.952821
2941	3407	1	0.000925
2941	3069	1	0.000925
2941	2911	1	0.000925
2943	2911	14	7.000000
2945	3025	3	0.010345
2945	3030	1	0.003448
2946	3241	2	0.058824
2947	3422	1	0.004950
2947	3302	353	1.747525
2947	3311	675	3.341584
2948	2911	8	1.000000
2950	3173	12	0.009942
2950	3241	7	0.005800
2950	3211	6	0.004971
2950	2853	6	0.004971
2950	3310	3	0.002486
2950	3183	3	0.002486
2950	3282	2	0.001657
2950	3246	9	0.007457
2950	2972	6	0.004971
2950	3037	3	0.002486
2950	3423	6	0.004971
2952	3241	1	0.011364
2952	3514	2	0.022727
2952	3300	4	0.045455
2953	2873	2	0.013158
2953	2894	154	1.013158
2954	2911	92	1.000000
2956	3344	2	0.000259
2956	3241	9604	1.245493
2956	3163	2	0.000259
2956	3300	4802	0.622747
2956	2894	6	0.000778
2957	3256	3	0.028302
2957	3227	2	0.018868
2957	3021	2	0.018868
2957	2893	1	0.009434
2957	2911	454	4.283019
2958	3496	1	0.006536
2958	3241	28	0.183007
2958	3300	1	0.006536
2958	3037	1	0.006536
2959	2911	51	1.020000
2960	3300	1	0.021739
2961	2911	2	0.142857
2962	2971	1	0.009709
2962	2911	2	0.019417
2963	3241	2	0.028169
2963	3300	4	0.056338
2967	3241	1	0.019608
2967	3380	1	0.019608
2967	3310	1	0.019608
2968	2873	1	0.037037
2968	3300	5	0.185185
2968	3021	4	0.148148
2968	3100	2	0.074074
2969	3169	158	0.946108
2969	3425	1	0.005988
2969	2986	1	0.005988
2969	2911	316	1.892216
2969	2972	2	0.011976
2969	2943	3	0.017964
2970	2911	1	0.100000
2971	3425	4	0.008753
2971	3186	14	0.030635
2971	3270	3	0.006565
2972	3256	16	0.727273
2972	3179	2	0.090909
2973	3173	1	0.047619
2973	3302	21	1.000000
2973	3439	1	0.047619
2973	2995	1	0.047619
2973	2937	1	0.047619
2973	2911	21	1.000000
2973	3045	1	0.047619
2974	3169	129	1.075000
2974	2947	4	0.033333
2974	3302	121	1.008333
2974	3118	3	0.025000
2974	3311	1	0.008333
2974	3256	14	0.116667
2974	3131	1	0.008333
2976	2947	91	0.408072
2976	3462	1	0.004484
2976	3302	106	0.475336
2976	2856	91	0.408072
2976	2857	6	0.026906
2976	3211	1	0.004484
2976	2828	91	0.408072
2976	3118	4	0.017937
2976	3311	266	1.192825
2976	3344	2	0.008969
2976	3131	2	0.008969
2976	3507	1	0.004484
2976	2871	2	0.008969
2976	2937	2	0.008969
2976	3418	94	0.421525
2976	3279	94	0.421525
2976	3037	1	0.004484
2976	3422	91	0.408072
2976	2911	1	0.004484
2977	2969	1	0.001957
2977	3282	1	0.001957
2977	3423	2	0.003914
2977	3131	1	0.001957
2977	2911	511	1.000000
2980	3011	2	0.022472
2981	3241	276	1.014706
2981	3246	1	0.003676
2982	3331	2	0.000817
2982	3462	6	0.002450
2982	3464	2	0.000817
2982	3081	2	0.000817
2982	3075	1	0.000408
2982	3478	1	0.000408
2982	3231	1	0.000408
2982	2977	1	0.000408
2982	2854	1	0.000408
2982	3241	2	0.000817
2982	2986	1	0.000408
2982	3374	71716	29.283789
2982	2985	1	0.000408
2982	3127	2	0.000817
2982	3263	4	0.001633
2982	3012	3	0.001225
2982	3269	3	0.001225
2982	3270	1	0.000408
2982	3105	2	0.000817
2982	2871	5	0.002042
2982	3276	2	0.000817
2982	3021	1	0.000408
2982	2894	1	0.000408
2982	3025	2	0.000817
2982	3282	4	0.001633
2982	3284	2	0.000817
2982	3030	8	0.003267
2982	3063	1	0.000408
2982	2911	5	0.002042
2982	2912	6	0.002450
2982	3042	2	0.000817
2982	3300	1	0.000408
2982	2923	1	0.000408
2982	3311	2	0.000817
2982	3179	1	0.000408
2982	3188	2	0.000817
2982	3190	1	0.000408
2982	2857	4	0.001633
2986	3169	3	0.230769
2986	3335	1	0.076923
2986	3306	1	0.076923
2986	2823	1	0.076923
2986	3021	1	0.076923
2986	3509	1	0.076923
2986	2969	1	0.076923
2986	2911	12	0.923077
2987	3344	1	0.076923
2990	3269	2	0.002037
2990	3173	170208	173.327902
2990	2823	2	0.002037
2990	3496	2	0.002037
2990	2986	2	0.002037
2990	3211	2	0.002037
2990	2894	3	0.003055
2990	3183	2	0.002037
2990	3344	2	0.002037
2990	3380	8	0.008147
2990	3374	2	0.002037
2990	3423	2	0.002037
2990	2911	2	0.002037
2991	3025	1	0.052632
2991	2911	1	0.052632
2991	3269	5	0.263158
2991	3241	1	0.052632
2992	3241	3	0.007712
2992	2931	2	0.005141
2992	2854	5	0.012853
2993	3163	2	0.250000
2993	2911	24	3.000000
2995	3076	4	0.001614
2995	2827	2	0.000807
2995	3344	2	0.000807
2995	2962	2	0.000807
2995	3226	2	0.000807
2995	2972	2	0.000807
2995	3241	2	0.000807
2995	3106	2	0.000807
2995	2980	2	0.000807
2995	2853	2	0.000807
2995	2982	2	0.000807
2995	3496	2	0.000807
2995	3100	2	0.000807
2995	3371	2	0.000807
2995	2857	2	0.000807
2995	3374	6	0.002420
2995	3380	2	0.000807
2995	3256	2	0.000807
2995	2873	3	0.001210
2995	3386	2	0.000807
2995	2911	13	0.005244
2995	3268	2	0.000807
2995	3269	3	0.001210
2995	3270	1	0.000403
2995	3169	1	0.000403
2995	3276	2	0.000807
2995	3148	2	0.000807
2995	2894	2	0.000807
2995	3536	2	0.000807
2995	2906	135	0.054457
2995	3423	2	0.000807
2995	3040	2	0.000807
2995	2913	2	0.000807
2995	2914	2	0.000807
2995	3045	4	0.001614
2995	3302	2	0.000807
2995	3310	2	0.000807
2995	3183	2	0.000807
2995	3316	2	0.000807
2995	2985	2	0.000807
2995	2937	2	0.000807
2996	3302	1	0.006623
2996	3063	1	0.006623
2997	3169	1	0.005618
2997	3269	1	0.005618
2997	3110	1	0.005618
2997	3374	1	0.005618
2997	2895	3	0.016854
2997	2911	539	3.028090
2997	2943	1	0.005618
2999	3104	1	0.034483
2999	3169	1	0.034483
2999	3363	2	0.068966
2999	3300	6	0.206897
2999	3021	4	0.137931
2999	3311	1	0.034483
2999	2968	2	0.068966
2999	2873	1	0.034483
2999	3100	2	0.068966
3000	3241	1	0.002070
3002	3169	1	0.032258
3002	3363	2	0.064516
3002	3300	8	0.258065
3002	3308	1	0.032258
3002	3021	4	0.129032
3002	3311	2	0.064516
3002	3380	1	0.032258
3002	2999	2	0.064516
3002	2968	2	0.064516
3002	2873	1	0.032258
3002	3289	1	0.032258
3002	3100	4	0.129032
3002	3453	1	0.032258
3004	2911	36	1.333333
3007	2873	3	0.028302
3007	3114	2	0.018868
3007	2923	1	0.009434
3007	3026	1	0.009434
3007	2911	222	2.094340
3008	2911	41	4.100000
3009	2911	17	4.250000
3010	3302	1	0.004082
3010	3336	3	0.012245
3010	3241	1	0.004082
3010	3472	2	0.008163
3010	3537	9	0.036735
3010	3380	2	0.008163
3010	2857	1	0.004082
3010	3163	1	0.004082
3010	2911	1	0.004082
3011	2827	1	0.001626
3011	3300	1	0.001626
3011	3254	1	0.001626
3011	3462	2	0.003252
3011	3179	1	0.001626
3011	3282	1	0.001626
3011	3030	1	0.001626
3011	2873	2	0.003252
3011	2969	1	0.001626
3011	2911	657	1.068293
3011	3228	1	0.001626
3011	3269	2	0.003252
3012	3374	1	0.008929
3012	2982	112	1.000000
3012	2871	8	0.071429
3015	2893	1	0.009174
3015	2957	18	0.165138
3015	3021	6	0.055046
3015	3256	3	0.027523
3015	3227	1	0.009174
3015	2911	466	4.275229
3016	3241	1	0.024390
3017	3300	1	0.004167
3017	3496	2	0.008333
3017	3241	48	0.200000
3017	3211	2	0.008333
3017	3374	2	0.008333
3017	3183	2	0.008333
3017	3344	1	0.004167
3017	3380	2	0.008333
3017	3256	1	0.004167
3017	3076	1	0.004167
3017	2911	1	0.004167
3017	3037	2	0.008333
3017	2974	1	0.004167
3017	3423	2	0.008333
3020	3136	116	58.000000
3020	3287	2	1.000000
3021	3462	7	0.006475
3021	3211	1	0.000925
3021	2957	1	0.000925
3021	3474	1	0.000925
3021	3374	1	0.000925
3021	2972	1	0.000925
3021	2980	1	0.000925
3021	3496	1	0.000925
3021	3369	1	0.000925
3021	2986	4	0.003700
3021	3246	1	0.000925
3021	3256	2	0.001850
3021	3241	1	0.000925
3021	3131	1	0.000925
3021	3536	1	0.000925
3021	3025	1	0.000925
3021	3026	2	0.001850
3021	3029	1	0.000925
3021	2873	1	0.000925
3021	3037	1	0.000925
3021	3423	1	0.000925
3021	2911	3472	3.211841
3021	3169	8	0.007401
3021	2914	1	0.000925
3021	3302	1	0.000925
3021	3183	1	0.000925
3021	3063	1	0.000925
3021	2937	1	0.000925
3021	2943	3	0.002775
3022	3300	74	1.000000
3022	3357	2	0.027027
3022	3311	1	0.013514
3023	2911	62	2.000000
3024	2912	1	0.005682
3024	2978	1	0.005682
3024	2857	1	0.005682
3024	3118	5	0.028409
3024	3247	1	0.005682
3024	2911	176	1.000000
3025	3256	1	0.024390
3025	2911	166	4.048780
3026	3040	1	0.001634
3026	2913	1	0.001634
3026	3241	4	0.006536
3026	3148	1	0.001634
3026	3246	1	0.001634
3026	2894	1	0.001634
3026	3319	11	0.017974
3026	2873	9	0.014706
3026	2811	1	0.001634
3026	2972	1	0.001634
3026	2878	1	0.001634
3026	2911	613	1.001634
3029	3169	1	0.002299
3029	3462	1	0.002299
3029	3270	1	0.002299
3029	3369	1	0.002299
3029	3114	1	0.002299
3029	2969	1	0.002299
3030	3025	2	0.016949
3030	3114	4	0.033898
3030	2811	1	0.008475
3030	3369	1	0.008475
3030	2911	8	0.067797
3033	3241	1	0.014925
3033	2911	1	0.014925
3037	3329	1	0.000417
3037	3344	100	0.041701
3037	3216	12	0.005004
3037	3351	1	0.000417
3037	3354	1	0.000417
3037	2972	57	0.023770
3037	2976	1	0.000417
3037	3241	56	0.023353
3037	3250	2	0.000834
3037	3263	2	0.000834
3037	3016	1	0.000417
3037	3403	9472	3.949958
3037	3148	1	0.000417
3037	2894	4	0.001668
3037	2903	1	0.000417
3037	3038	158	0.065888
3037	2911	4	0.001668
3037	3169	1	0.000417
3037	3042	2	0.000834
3037	3300	2	0.000834
3037	3302	1	0.000417
3037	2811	12	0.005004
3038	3403	71	2.151515
3038	3037	205	6.212121
3039	3169	4	0.006015
3039	3302	2	0.003008
3039	2962	4	0.006015
3039	2995	4	0.006015
3039	2904	2	0.003008
3039	3417	427	0.642105
3039	2911	2	0.003008
3040	3344	1	0.002347
3040	3183	1	0.002347
3040	3423	1	0.002347
3040	3269	1	0.002347
3040	2911	4	0.009390
3042	2947	1	0.000700
3042	2886	1	0.000700
3042	3179	1	0.000700
3042	3148	2	0.001400
3042	3183	1	0.000700
3042	3344	1	0.000700
3042	3131	2	0.001400
3042	3311	9	0.006298
3042	2943	1	0.000700
3044	3269	1	0.006452
3044	3496	1	0.006452
3044	3241	1	0.006452
3044	3374	1	0.006452
3044	3183	1	0.006452
3044	3344	1	0.006452
3044	3380	1	0.006452
3044	3292	1	0.006452
3045	3369	2	0.001234
3045	3270	1	0.000617
3045	3425	1	0.000617
3046	2911	51	1.000000
3048	3042	1	0.001706
3048	3111	417	0.711604
3048	2972	1	0.001706
3048	2986	1	0.001706
3048	3335	1	0.001706
3048	3021	411	0.701365
3048	3503	1	0.001706
3048	3344	1	0.001706
3048	2934	1	0.001706
3048	2843	2	0.003413
3048	3068	414	0.706485
3048	2911	1	0.001706
3051	3319	2	0.285714
3051	2911	34	4.857143
3052	3303	2	0.100000
3052	2911	102	5.100000
3053	3300	3	0.008152
3053	3302	1	0.002717
3053	3241	1	0.002717
3053	2986	1	0.002717
3053	3179	4	0.010870
3053	3060	1	0.002717
3053	2873	3	0.008152
3053	3485	1	0.002717
3053	3076	10	0.027174
3054	2911	60	4.000000
3056	3026	1	0.250000
3056	2911	20	5.000000
3060	3179	1	0.030303
3060	3269	2	0.060606
3060	2911	48	1.454545
3063	2818	3	0.004608
3063	2886	1	0.001536
3063	3464	1	0.001536
3063	3400	2	0.003072
3063	2932	2	0.003072
3063	3029	2	0.003072
3063	3485	2	0.003072
3063	2911	666	1.023041
3065	3344	1	0.040000
3065	3183	1	0.040000
3065	2911	102	4.080000
3066	2881	310	0.731132
3066	3462	3141	7.408019
3066	3436	877	2.068396
3066	3277	46	0.108491
3066	2991	2	0.004717
3066	2893	2	0.004717
3066	2911	618	1.457547
3068	3400	1	0.200000
3068	3462	1	0.200000
3069	3344	1	0.001976
3069	3241	3	0.005929
3069	3407	1	0.001976
3070	3310	504	42.000000
3072	2911	103	3.029412
3073	3011	1	0.008621
3073	3462	1	0.008621
3073	2986	1	0.008621
3073	3179	1	0.008621
3073	3021	1	0.008621
3073	2894	1	0.008621
3073	3026	2	0.017241
3073	3063	1	0.008621
3073	2873	2	0.017241
3073	2911	117	1.008621
3074	2945	1	0.014493
3074	3369	1	0.014493
3074	3097	2	0.028986
3074	3030	1	0.014493
3074	2911	69	1.000000
3075	3131	30	0.206897
3075	3118	164	1.131034
3075	3477	31	0.213793
3075	3511	180	1.241379
3075	3455	158	1.089655
3075	3516	50	0.344828
3075	3231	21	0.144828
3076	3300	3	0.007979
3076	3302	1	0.002660
3076	3241	1	0.002660
3076	2986	1	0.002660
3076	3179	4	0.010638
3076	3053	234	0.622340
3076	3060	1	0.002660
3076	2873	3	0.007979
3077	2857	1	0.022727
3077	3300	2	0.045455
3079	3241	2	1.000000
3081	3525	2	0.001942
3081	3082	2	0.001942
3081	3311	1	0.000971
3081	2832	2	0.001942
3081	2900	1	0.000971
3081	2871	6	0.005825
3082	3081	149	1.027586
3082	2832	1	0.006897
3082	3478	1	0.006897
3082	2842	1	0.006897
3082	2843	296	2.041379
3082	3366	1	0.006897
3082	3111	1	0.006897
3082	2908	1	0.006897
3082	3241	4	0.027586
3082	2863	1	0.006897
3082	3248	1	0.006897
3082	3121	1	0.006897
3082	2871	1	0.006897
3082	3128	1	0.006897
3082	3136	1	0.006897
3082	3525	1	0.006897
3082	3527	1	0.006897
3082	3145	2	0.013793
3082	3511	1	0.006897
3082	3021	2	0.013793
3082	3292	1	0.006897
3082	2911	1	0.006897
3082	3344	1	0.006897
3082	3300	3	0.020690
3082	3311	2	0.013793
3082	2811	2	0.013793
3084	3246	33	3.300000
3085	3040	1	0.001631
3085	2913	1	0.001631
3085	3241	4	0.006525
3085	3148	1	0.001631
3085	3246	1	0.001631
3085	2894	1	0.001631
3085	3319	11	0.017945
3085	2873	9	0.014682
3085	2811	1	0.001631
3085	2972	1	0.001631
3085	2878	1	0.001631
3085	2911	614	1.001631
3086	3241	89	1.000000
3086	2911	89	1.000000
3087	3075	1	0.000411
3087	3329	1	0.000411
3087	3080	1	0.000411
3087	3086	1	0.000411
3087	3102	1	0.000411
3087	3107	2	0.000822
3087	3112	1	0.000411
3087	3079	1	0.000411
3087	3120	1	0.000411
3087	3124	1	0.000411
3087	3126	1	0.000411
3087	3129	1	0.000411
3087	3132	1	0.000411
3087	3134	1	0.000411
3087	3135	1	0.000411
3087	3139	1	0.000411
3087	3140	1	0.000411
3087	3147	1	0.000411
3087	3341	1	0.000411
3087	3155	1	0.000411
3087	3157	1	0.000411
3087	3160	1	0.000411
3087	3164	1	0.000411
3087	3174	1	0.000411
3087	3179	2	0.000822
3087	3181	1	0.000411
3087	3183	3	0.001234
3087	3184	1	0.000411
3087	3197	2	0.000822
3087	3199	2	0.000822
3087	3200	1	0.000411
3087	3208	1	0.000411
3087	3211	3	0.001234
3087	3212	1	0.000411
3087	3214	1	0.000411
3087	3224	1	0.000411
3087	3228	1	0.000411
3087	3230	1	0.000411
3087	3231	1	0.000411
3087	3236	1	0.000411
3087	3238	1	0.000411
3087	3241	87541	35.995477
3087	3245	1	0.000411
3087	3251	1	0.000411
3087	3252	1	0.000411
3087	3253	1	0.000411
3087	3256	2	0.000822
3087	3257	1	0.000411
3087	3259	2	0.000822
3087	3264	1	0.000411
3087	3266	1	0.000411
3087	3272	1	0.000411
3087	3021	21	0.008635
3087	3281	1	0.000411
3087	3282	1	0.000411
3087	3283	1	0.000411
3087	3300	1	0.000411
3087	3301	1	0.000411
3087	3537	1	0.000411
3087	3304	1	0.000411
3087	2940	1	0.000411
3087	3308	1	0.000411
3087	3309	1	0.000411
3087	3311	2	0.000822
3087	3315	1	0.000411
3087	3319	1	0.000411
3087	3321	1	0.000411
3087	2811	1	0.000411
3087	3324	2	0.000822
3087	3328	1	0.000411
3087	2817	1	0.000411
3087	3331	1	0.000411
3087	3332	1	0.000411
3087	2821	1	0.000411
3087	2822	2	0.000822
3087	2941	1	0.000411
3087	3336	1	0.000411
3087	2829	1	0.000411
3087	3344	2	0.000822
3087	2834	1	0.000411
3087	2835	1	0.000411
3087	2837	1	0.000411
3087	3351	1	0.000411
3087	3354	1	0.000411
3087	2844	1	0.000411
3087	2845	1	0.000411
3087	3359	1	0.000411
3087	3362	1	0.000411
3087	2851	1	0.000411
3087	2852	1	0.000411
3087	2854	21	0.008635
3087	3368	1	0.000411
3087	2857	1	0.000411
3087	2860	1	0.000411
3087	3374	4	0.001645
3087	3377	1	0.000411
3087	2866	1	0.000411
3087	3379	1	0.000411
3087	3380	3	0.001234
3087	2869	1	0.000411
3087	3382	1	0.000411
3087	2871	2	0.000822
3087	2875	1	0.000411
3087	3388	1	0.000411
3087	2878	1	0.000411
3087	2879	1	0.000411
3087	2883	1	0.000411
3087	2887	2	0.000822
3087	2889	1	0.000411
3087	3383	1	0.000411
3087	2894	2	0.000822
3087	3412	1	0.000411
3087	3421	1	0.000411
3087	2910	1	0.000411
3087	2911	2418	0.994243
3087	3426	1	0.000411
3087	3428	1	0.000411
3087	2876	1	0.000411
3087	3437	1	0.000411
3087	3439	1	0.000411
3087	2928	3	0.001234
3087	2932	2	0.000822
3087	3447	1	0.000411
3087	3448	1	0.000411
3087	3451	1	0.000411
3087	3452	1	0.000411
3087	3453	1	0.000411
3087	3455	1	0.000411
3087	2946	1	0.000411
3087	3459	1	0.000411
3087	2950	1	0.000411
3087	3463	1	0.000411
3087	2952	1	0.000411
3087	2956	1	0.000411
3087	3469	1	0.000411
3087	2958	1	0.000411
3087	2963	1	0.000411
3087	3477	1	0.000411
3087	2967	1	0.000411
3087	3480	1	0.000411
3087	3483	1	0.000411
3087	3484	1	0.000411
3087	3487	1	0.000411
3087	2976	1	0.000411
3087	2981	2	0.000822
3087	3494	1	0.000411
3087	3496	3	0.001234
3087	3497	1	0.000411
3087	3399	1	0.000411
3087	3458	1	0.000411
3087	3503	1	0.000411
3087	3504	1	0.000411
3087	3507	1	0.000411
3087	3511	1	0.000411
3087	3515	1	0.000411
3087	3516	1	0.000411
3087	3005	1	0.000411
3087	3521	1	0.000411
3087	3522	3	0.001234
3087	3526	1	0.000411
3087	3533	1	0.000411
3087	3025	1	0.000411
3087	3026	2	0.000822
3087	3027	1	0.000411
3087	3033	1	0.000411
3087	3037	3	0.001234
3087	3042	2	0.000822
3087	3044	1	0.000411
3087	3047	1	0.000411
3087	3061	1	0.000411
3087	3067	1	0.000411
3087	3069	1	0.000411
3089	3378	1	0.001686
3089	2911	1	0.001686
3092	2817	1	0.062500
3092	3044	1	0.062500
3092	3245	1	0.062500
3092	2829	1	0.062500
3092	3128	61	3.812500
3092	2852	1	0.062500
3092	2910	1	0.062500
3092	3359	1	0.062500
3093	2911	3	1.000000
3097	2911	16	3.200000
3100	3344	2	0.117647
3100	3380	7	0.411765
3101	3496	3	0.036585
3101	3374	1	0.012195
3101	3183	1	0.012195
3101	3380	1	0.012195
3101	3005	2	0.024390
3101	3423	1	0.012195
3102	3241	1260	1.017771
3102	3300	8	0.006462
3102	3246	314	0.253635
3104	3241	1	0.003195
3104	2894	1	0.003195
3105	3462	1	0.009901
3105	3211	1	0.009901
3105	2980	1	0.009901
3105	2982	2	0.019802
3105	3369	1	0.009901
3105	2863	2	0.019802
3105	2871	2	0.019802
3105	3130	1	0.009901
3105	2827	351	3.475248
3105	3127	1	0.009901
3105	3276	3	0.029703
3105	3284	1	0.009901
3105	3159	1	0.009901
3105	2906	1	0.009901
3105	3386	1	0.009901
3105	3173	1	0.009901
3105	3053	2	0.019802
3105	3183	1	0.009901
3105	3188	1	0.009901
3105	3063	1	0.009901
3105	2937	1	0.009901
3105	3322	465	4.603960
3105	3070	1	0.009901
3107	3300	1	0.003937
3107	3241	512	2.015748
3107	3374	2	0.007874
3107	3026	255	1.003937
3107	2894	2	0.007874
3107	3226	1	0.003937
3108	2911	20	4.000000
3111	3241	42	0.050786
3111	3503	42	0.050786
3114	2911	154	2.961538
3115	2911	48	4.000000
3117	3300	1	0.050000
3118	2912	2	0.001802
3118	3170	1	0.000901
3118	3075	5	0.004505
3118	3076	1	0.000901
3118	3039	2	0.001802
3118	2857	3	0.002703
3118	2911	2	0.001802
3118	3311	13	0.011712
3118	3344	10	0.009009
3118	3282	3	0.002703
3118	3455	519	0.467568
3118	3131	525	0.472973
3118	3516	519	0.467568
3118	3231	526	0.473874
3119	3214	8	0.069565
3119	3302	2	0.017391
3119	2911	95	0.826087
3122	3241	1	0.004425
3126	3241	4	0.021390
3127	3269	1	0.001916
3127	2856	1	0.001916
3127	3241	3	0.005747
3127	3374	1	0.001916
3127	3344	1	0.001916
3127	3505	1	0.001916
3127	3081	1	0.001916
3127	2969	4	0.007663
3127	3263	1	0.001916
3127	2911	1	0.001916
3128	2817	1	0.062500
3128	3044	1	0.062500
3128	3245	1	0.062500
3128	2829	1	0.062500
3128	2852	1	0.062500
3128	2910	1	0.062500
3128	3359	1	0.062500
3129	2982	3	0.002098
3129	3241	67	0.046853
3129	3374	171	0.119580
3129	3344	13	0.009091
3129	3282	7	0.004895
3129	3188	1	0.000699
3129	2871	1	0.000699
3131	2977	1	0.002762
3131	3042	4	0.011050
3131	3075	306	0.845304
3131	3118	1	0.002762
3131	3311	10	0.027624
3131	3344	2	0.005525
3131	3374	1	0.002762
3131	3455	300	0.828729
3131	2812	1	0.002762
3131	2943	1	0.002762
3132	3241	7002	0.802521
3134	3300	1	0.015873
3134	2911	2	0.031746
3136	3300	1	0.010526
3136	3020	96	1.010526
3136	3287	96	1.010526
3137	3183	3	0.200000
3138	3369	1	0.100000
3138	3425	1	0.100000
3141	3344	2	0.015873
3141	3269	1	0.007937
3141	3374	1	0.007937
3141	3183	1	0.007937
3144	2911	1	0.090909
3145	2873	2	1.000000
3145	2911	2	1.000000
3147	3241	120	0.201342
3147	2854	4	0.006711
3147	2911	2	0.003356
3148	3302	16	0.013640
3148	2856	1	0.000853
3148	2985	3	0.002558
3148	3183	6	0.005115
3148	3311	6	0.005115
3148	3216	4	0.003410
3148	3496	6	0.005115
3148	2871	2	0.001705
3148	2873	6	0.005115
3148	3418	1	0.000853
3148	2911	3	0.002558
3148	3516	2	0.001705
3148	3037	9	0.007673
3148	3455	2	0.001705
3149	2832	5	0.005319
3149	3219	46	0.048936
3149	2969	1	0.001064
3149	3483	1	0.001064
3149	2974	1	0.001064
3149	3107	1	0.001064
3149	3369	2	0.002128
3149	2986	1	0.001064
3149	2871	2	0.002128
3149	3256	6	0.006383
3149	3525	57	0.060638
3149	3270	1	0.001064
3149	3400	2	0.002128
3149	3145	1	0.001064
3149	2893	1	0.001064
3149	3344	1	0.001064
3149	3021	1	0.001064
3149	3282	1	0.001064
3149	2900	6	0.006383
3149	3029	41	0.043617
3149	3163	1	0.001064
3149	2911	7	0.007447
3149	3169	2	0.002128
3149	3042	1	0.001064
3149	3302	2	0.002128
3149	3311	1	0.001064
3149	2934	7	0.007447
3149	2811	3	0.003191
3150	3030	2	0.142857
3150	2911	48	3.428571
3151	3375	2	0.024691
3151	2911	81	1.000000
3153	3241	2	1.000000
3154	3302	50	1.020408
3154	3462	1	0.020408
3154	3311	50	1.020408
3154	3472	49	1.000000
3154	3380	49	1.000000
3154	3163	150	3.061224
3155	3241	14	0.400000
3155	2957	6	0.171429
3156	2911	21	3.000000
3159	3328	1	0.000193
3159	2953	1	0.000193
3159	3211	1	0.000193
3159	3344	2	0.000387
3159	3246	1	0.000193
3159	2842	2	0.000387
3159	3311	1	0.000193
3159	3362	1	0.000193
3159	2980	2	0.000387
3159	2853	1	0.000193
3159	3496	2	0.000387
3159	3241	9	0.001739
3159	3374	1	0.000193
3159	2995	1	0.000193
3159	2871	1	0.000193
3159	3258	1	0.000193
3159	2911	1	0.000193
3159	3011	1	0.000193
3159	3148	1	0.000193
3159	3282	1	0.000193
3159	3037	1	0.000193
3159	3423	2	0.000387
3159	2913	1	0.000193
3159	2914	1	0.000193
3159	3173	2	0.000387
3159	3183	1	0.000193
3159	3081	1	0.000193
3160	3040	1	0.000488
3160	3169	1	0.000488
3160	3075	1	0.000488
3160	3076	2	0.000976
3160	3302	6	0.002927
3160	3241	48	0.023415
3160	3053	1	0.000488
3160	3311	2	0.000976
3160	3026	2	0.000976
3160	3478	1	0.000488
3160	2871	1	0.000488
3160	2911	84	0.040976
3163	3270	1	0.125000
3163	3302	16	2.000000
3163	3241	8	1.000000
3163	3311	8	1.000000
3163	3026	16	2.000000
3163	3478	2	0.250000
3163	3255	1	0.125000
3163	3256	1	0.125000
3163	2911	546	68.250000
3164	2914	1	0.001418
3164	3241	2	0.002837
3164	3282	2	0.002837
3164	3380	1	0.001418
3164	3516	2	0.002837
3164	2911	2	0.002837
3168	3435	248	2.000000
3169	2911	1	0.015152
3173	3269	2	0.001986
3173	2823	2	0.001986
3173	3496	2	0.001986
3173	2986	2	0.001986
3173	3211	2	0.001986
3173	2894	3	0.002979
3173	3183	2	0.001986
3173	3344	2	0.001986
3173	3380	8	0.007944
3173	3374	2	0.001986
3173	3423	2	0.001986
3173	2911	2	0.001986
3174	3241	95	0.078773
3175	3300	13	0.029680
3176	2911	27	3.000000
3178	3241	19	0.031509
3178	3371	10	0.016584
3179	2953	1	0.001033
3179	3344	2	0.002066
3179	3221	3	0.003099
3179	3478	1	0.001033
3179	3226	1	0.001033
3179	2972	1	0.001033
3179	3106	1	0.001033
3179	3108	1	0.001033
3179	2853	1	0.001033
3179	3496	1	0.001033
3179	3100	1	0.001033
3179	3246	1	0.001033
3179	2991	1	0.001033
3179	2995	1	0.001033
3179	3256	5	0.005165
3179	3423	1	0.001033
3179	3011	3	0.003099
3179	3269	22	0.022727
3179	3148	1	0.001033
3179	2894	1	0.001033
3179	3536	1	0.001033
3179	3025	1	0.001033
3179	2911	3876	4.004132
3179	3040	1	0.001033
3179	2913	1	0.001033
3179	2914	1	0.001033
3179	3299	6	0.006198
3179	3173	1	0.001033
3179	3302	2	0.002066
3179	3310	1	0.001033
3179	3183	2	0.002066
3179	3316	1	0.001033
3179	3241	3	0.003099
3179	2937	1	0.001033
3179	2943	1	0.001033
3181	3241	3	0.005556
3181	2957	3	0.005556
3181	2894	1	0.001852
3182	3344	1	0.026316
3182	3241	5	0.131579
3182	3282	10	0.263158
3182	2894	1	0.026316
3183	3344	4	0.004454
3183	3480	1	0.001114
3183	3241	3	0.003341
3183	2862	745	0.829621
3183	3379	1	0.001114
3183	3124	1	0.001114
3183	3383	1	0.001114
3183	3000	1	0.001114
3183	2873	1	0.001114
3183	2878	2	0.002227
3183	3263	4	0.004454
3183	3011	1	0.001114
3183	2871	2	0.002227
3183	3021	1	0.001114
3183	2894	4	0.004454
3183	3026	1	0.001114
3183	3158	1	0.001114
3183	2911	7	0.007795
3183	2923	1	0.001114
3183	3188	1	0.001114
3183	3135	2	0.002227
3183	3060	1	0.001114
3184	3241	94	1.807692
3186	3241	14	0.025547
3188	3136	3	0.013514
3188	3075	2	0.009009
3188	3300	1	0.004505
3188	3302	2	0.009009
3188	3241	2	0.009009
3188	2871	2	0.009009
3188	2857	2	0.009009
3188	3511	3	0.013514
3188	3128	3	0.013514
3188	3423	673	3.031532
3188	3516	2	0.009009
3188	2911	7	0.031532
3190	3176	1	0.000676
3190	2923	1480	1.000000
3190	2911	1483	1.002027
3191	2881	46	1.769231
3191	3436	19	0.730769
3191	3462	195	7.500000
3191	2911	38	1.461538
3195	3169	2	0.040816
3195	3173	1	0.020408
3195	3110	1	0.020408
3195	3241	8	0.163265
3195	3211	1	0.020408
3195	2894	1	0.020408
3195	2927	1	0.020408
3195	3380	1	0.020408
3195	3037	1	0.020408
3196	3025	2	0.058824
3196	2911	126	3.705882
3198	3464	1	0.016393
3198	3025	1	0.016393
3198	2818	11	0.180328
3198	3400	1	0.016393
3198	2911	504	8.262295
3199	2912	1	0.018519
3199	2853	1	0.018519
3199	2854	1	0.018519
3199	3241	4	0.074074
3199	3374	1	0.018519
3199	3145	1	0.018519
3199	2911	6	0.111111
3200	3241	7	0.012844
3200	2911	1	0.001835
3201	3241	31	0.121094
3202	2896	1	0.020833
3202	3029	1	0.020833
3202	2911	215	4.479167
3205	2817	1	0.062500
3205	3044	1	0.062500
3205	3245	1	0.062500
3205	2829	1	0.062500
3205	3128	61	3.812500
3205	2852	1	0.062500
3205	2910	1	0.062500
3205	3359	1	0.062500
3207	3075	1	0.001252
3207	3076	1	0.001252
3207	3241	59	0.073842
3207	3179	2	0.002503
3207	3374	7	0.008761
3207	3025	1	0.001252
3207	3299	2	0.002503
3207	2871	1	0.001252
3207	3417	1	0.001252
3207	3516	1	0.001252
3207	3069	4	0.005006
3208	3241	8	1.000000
3209	3380	184	3.016393
3210	2911	51	2.318182
3211	3291	14520	3.923264
3211	3428	1	0.000270
3211	3081	1	0.000270
3211	2907	1	0.000270
3211	3436	1	0.000270
3211	2857	1	0.000270
3211	2894	34	0.009187
3211	3311	2	0.000540
3211	3216	1	0.000270
3211	3089	2	0.000540
3211	3026	2	0.000540
3211	3251	1	0.000270
3211	3188	2	0.000540
3211	2871	7	0.001891
3211	3241	1	0.000270
3211	3163	6	0.001621
3211	3292	1	0.000270
3211	2910	1	0.000270
3211	2911	2	0.000540
3212	3088	2	0.000161
3212	3241	11100	0.894080
3212	3300	4	0.000322
3214	3496	1	0.005291
3214	3241	5	0.026455
3214	3300	2	0.010582
3216	2911	1	0.250000
3219	2832	5	0.005336
3219	2969	1	0.001067
3219	3483	1	0.001067
3219	2974	1	0.001067
3219	3107	1	0.001067
3219	3369	2	0.002134
3219	2986	1	0.001067
3219	2871	2	0.002134
3219	3256	6	0.006403
3219	3525	53	0.056564
3219	3270	1	0.001067
3219	3400	2	0.002134
3219	3145	1	0.001067
3219	3149	919	0.980790
3219	3344	1	0.001067
3219	2893	1	0.001067
3219	3282	1	0.001067
3219	2900	6	0.006403
3219	3029	41	0.043757
3219	3163	1	0.001067
3219	2911	7	0.007471
3219	3169	2	0.002134
3219	3042	1	0.001067
3219	3302	2	0.002134
3219	3021	1	0.001067
3219	3311	1	0.001067
3219	2934	7	0.007471
3219	2811	3	0.003202
3221	3179	1	0.041667
3221	3299	3	0.125000
3221	3269	6	0.250000
3221	2911	24	1.000000
3223	3462	1	0.002049
3224	3241	18	0.026706
3224	2911	1	0.001484
3226	3270	2	0.002985
3226	2854	2	0.002985
3226	3367	2	0.002985
3226	3496	2	0.002985
3226	3344	2	0.002985
3226	3130	677	1.010448
3226	2911	4	0.005970
3226	3263	2	0.002985
3227	2957	2	0.054054
3227	3021	6	0.162162
3227	2893	2	0.054054
3227	2911	38	1.027027
3228	3241	2	0.030769
3231	3075	180	1.698113
3231	3076	1	0.009434
3231	3302	1	0.009434
3231	3118	90	0.849057
3231	3477	90	0.849057
3231	2871	1	0.009434
3231	3131	90	0.849057
3231	3516	90	0.849057
3231	3455	90	0.849057
3234	2911	58	3.052632
3238	3241	13	0.162500
3241	3075	1	0.000415
3241	3329	1	0.000415
3241	3080	1	0.000415
3241	3086	1	0.000415
3241	3102	1	0.000415
3241	3107	2	0.000831
3241	3112	1	0.000415
3241	3079	1	0.000415
3241	3120	1	0.000415
3241	3124	1	0.000415
3241	3126	1	0.000415
3241	3129	1	0.000415
3241	3132	1	0.000415
3241	3134	1	0.000415
3241	3135	1	0.000415
3241	3139	1	0.000415
3241	3140	1	0.000415
3241	3147	1	0.000415
3241	3341	1	0.000415
3241	3155	1	0.000415
3241	3157	1	0.000415
3241	3160	1	0.000415
3241	3164	1	0.000415
3241	3174	1	0.000415
3241	3179	2	0.000831
3241	3181	1	0.000415
3241	3183	3	0.001246
3241	3184	1	0.000415
3241	3197	2	0.000831
3241	3199	2	0.000831
3241	3200	1	0.000415
3241	3208	1	0.000415
3241	3211	3	0.001246
3241	3212	1	0.000415
3241	3214	1	0.000415
3241	3224	1	0.000415
3241	3228	1	0.000415
3241	3230	1	0.000415
3241	3231	1	0.000415
3241	3236	1	0.000415
3241	3238	1	0.000415
3241	3245	1	0.000415
3241	3251	1	0.000415
3241	3252	1	0.000415
3241	3253	1	0.000415
3241	3256	2	0.000831
3241	3257	1	0.000415
3241	3259	2	0.000831
3241	3264	1	0.000415
3241	3266	1	0.000415
3241	3272	1	0.000415
3241	3021	21	0.008725
3241	3281	1	0.000415
3241	3282	1	0.000415
3241	3283	1	0.000415
3241	3300	1	0.000415
3241	3301	1	0.000415
3241	3537	1	0.000415
3241	3304	1	0.000415
3241	2940	1	0.000415
3241	3308	1	0.000415
3241	3309	1	0.000415
3241	3311	2	0.000831
3241	3315	1	0.000415
3241	3319	1	0.000415
3241	3321	1	0.000415
3241	2811	1	0.000415
3241	3324	2	0.000831
3241	3328	1	0.000415
3241	2817	1	0.000415
3241	3331	1	0.000415
3241	3332	1	0.000415
3241	2821	1	0.000415
3241	2822	2	0.000831
3241	2941	1	0.000415
3241	3336	1	0.000415
3241	2829	1	0.000415
3241	3344	2	0.000831
3241	2834	1	0.000415
3241	2835	1	0.000415
3241	2837	1	0.000415
3241	3351	1	0.000415
3241	3354	1	0.000415
3241	2844	1	0.000415
3241	2845	1	0.000415
3241	3359	1	0.000415
3241	3362	1	0.000415
3241	2851	1	0.000415
3241	2852	1	0.000415
3241	2854	21	0.008725
3241	3368	1	0.000415
3241	2857	1	0.000415
3241	2860	1	0.000415
3241	3374	4	0.001662
3241	3377	1	0.000415
3241	2866	1	0.000415
3241	3379	1	0.000415
3241	3380	3	0.001246
3241	2869	1	0.000415
3241	3382	1	0.000415
3241	2871	2	0.000831
3241	2875	1	0.000415
3241	3388	1	0.000415
3241	2878	1	0.000415
3241	2879	1	0.000415
3241	2883	1	0.000415
3241	2887	2	0.000831
3241	2889	1	0.000415
3241	3383	1	0.000415
3241	2894	2	0.000831
3241	3412	1	0.000415
3241	3421	1	0.000415
3241	2910	1	0.000415
3241	2911	2393	0.994184
3241	3426	1	0.000415
3241	3428	1	0.000415
3241	2876	1	0.000415
3241	3437	1	0.000415
3241	3439	1	0.000415
3241	2928	3	0.001246
3241	2932	2	0.000831
3241	3447	1	0.000415
3241	3448	1	0.000415
3241	3451	1	0.000415
3241	3452	1	0.000415
3241	3453	1	0.000415
3241	3455	1	0.000415
3241	2946	1	0.000415
3241	3459	1	0.000415
3241	2950	1	0.000415
3241	3463	1	0.000415
3241	2952	1	0.000415
3241	2956	1	0.000415
3241	3469	1	0.000415
3241	2958	1	0.000415
3241	2963	1	0.000415
3241	3477	1	0.000415
3241	2967	1	0.000415
3241	3480	1	0.000415
3241	3483	1	0.000415
3241	3484	1	0.000415
3241	3487	1	0.000415
3241	2976	1	0.000415
3241	2981	2	0.000831
3241	3494	1	0.000415
3241	3496	3	0.001246
3241	3497	1	0.000415
3241	3399	1	0.000415
3241	3458	1	0.000415
3241	3503	1	0.000415
3241	3504	1	0.000415
3241	3507	1	0.000415
3241	3511	1	0.000415
3241	3515	1	0.000415
3241	3516	1	0.000415
3241	3005	1	0.000415
3241	3521	1	0.000415
3241	3522	3	0.001246
3241	3526	1	0.000415
3241	3533	1	0.000415
3241	3025	1	0.000415
3241	3026	2	0.000831
3241	3027	1	0.000415
3241	3033	1	0.000415
3241	3037	3	0.001246
3241	3042	2	0.000831
3241	3044	1	0.000415
3241	3047	1	0.000415
3241	3061	1	0.000415
3241	3067	1	0.000415
3241	3069	1	0.000415
3243	2985	1	0.001764
3243	3371	11	0.019400
3243	3380	1	0.001764
3243	3021	1	0.001764
3243	2953	2	0.003527
3245	3128	2	0.004684
3245	3241	59	0.138173
3245	3300	1	0.002342
3245	2911	1	0.002342
3246	3464	1	0.002915
3246	3209	1	0.002915
3246	2832	1	0.002915
3246	3476	1	0.002915
3246	2972	1	0.002915
3246	3106	1	0.002915
3246	3163	1	0.002915
3246	2980	1	0.002915
3246	2982	1	0.002915
3246	3100	1	0.002915
3246	2986	1	0.002915
3246	2862	1	0.002915
3246	2863	1	0.002915
3246	2871	1	0.002915
3246	3241	1	0.002915
3246	3130	1	0.002915
3246	3423	2	0.005831
3246	3527	1	0.002915
3246	3400	1	0.002915
3246	3127	1	0.002915
3246	3276	1	0.002915
3246	2894	1	0.002915
3246	2895	1	0.002915
3246	3536	1	0.002915
3246	3026	2	0.005831
3246	3284	1	0.002915
3246	3159	1	0.002915
3246	2906	1	0.002915
3246	3291	1	0.002915
3246	2911	4	0.011662
3246	3296	1	0.002915
3246	3169	1	0.002915
3246	2914	1	0.002915
3246	3366	1	0.002915
3246	3300	1	0.002915
3246	3173	2	0.005831
3246	2953	1	0.002915
3246	3188	1	0.002915
3246	3369	1	0.002915
3246	2937	3	0.008746
3246	3070	1	0.002915
3247	3169	1	0.000569
3247	3270	1	0.000569
3247	3425	1	0.000569
3247	3021	1	0.000569
3247	3311	1743	0.992597
3247	3251	1938	1.103645
3247	3287	1938	1.103645
3247	3256	1	0.000569
3247	2969	1	0.000569
3247	3423	1940	1.104784
3248	2889	18	0.450000
3248	3300	1	0.025000
3250	3241	2	0.222222
3251	3241	6	0.032609
3252	3169	26	0.604651
3252	3026	1	0.023256
3252	3241	4	0.093023
3253	3241	23	0.920000
3254	3025	2	0.060606
3254	3163	1	0.030303
3254	2911	251	7.606061
3255	3179	1	0.005102
3255	3221	1	0.005102
3255	2911	204	1.040816
3256	2943	2	0.002538
3256	3302	4	0.005076
3256	3151	2	0.002538
3256	3179	2	0.002538
3256	3021	1	0.001269
3256	3374	2	0.002538
3256	3471	2	0.002538
3256	2896	5	0.006345
3256	3219	1	0.001269
3256	2969	2	0.002538
3256	2842	1	0.001269
3256	3163	4	0.005076
3256	2972	1	0.001269
3256	2974	2	0.002538
3256	2911	5	0.006345
3257	3241	9	0.219512
3258	2873	1	0.000987
3259	2854	2	0.007067
3259	3241	19	0.067138
3259	3380	2	0.007067
3259	2911	2	0.007067
3259	3100	2	0.007067
3259	3007	2	0.007067
3262	2911	74	1.088235
3263	3040	1	0.015873
3263	3269	1	0.015873
3263	3246	2	0.031746
3263	3183	2	0.031746
3263	3380	1	0.015873
3263	2911	64	1.015873
3263	3423	2	0.031746
3264	3241	100	1.388889
3265	2817	1	0.062500
3265	3044	1	0.062500
3265	3245	1	0.062500
3265	2829	1	0.062500
3265	3128	61	3.812500
3265	2852	1	0.062500
3265	2910	1	0.062500
3265	3359	1	0.062500
3268	3300	2	0.005814
3268	2952	1	0.002907
3268	2857	1	0.002907
3268	3069	1	0.002907
3268	2894	1	0.002907
3268	3407	3	0.008721
3268	3344	1	0.002907
3268	3400	1	0.002907
3268	3029	1	0.002907
3268	2871	1	0.002907
3268	2941	3	0.008721
3269	3344	1	0.076923
3269	3276	6	0.461538
3269	2991	2	0.153846
3272	3241	3	0.004792
3274	3344	1	0.083333
3274	2911	1	0.083333
3275	3179	1	0.016129
3275	3011	1	0.016129
3275	2911	8	0.129032
3276	3269	32	1.185185
3277	2881	308	0.731591
3277	3462	3129	7.432304
3277	3436	875	2.078385
3277	2893	2	0.004751
3277	2991	2	0.004751
3277	2911	614	1.458432
3279	3302	211	1.004762
3279	3311	1038	4.942857
3281	3241	2	0.095238
3282	3075	2	0.001028
3282	3076	4	0.002057
3282	3462	2	0.001028
3282	3211	2	0.001028
3282	2828	4	0.002057
3282	3344	17	0.008740
3282	3477	1	0.000514
3282	2971	2	0.001028
3282	3231	2	0.001028
3282	2976	6	0.003085
3282	2977	1	0.000514
3282	2853	2	0.001028
3282	3111	8	0.004113
3282	2856	3	0.001542
3282	3241	14	0.007198
3282	3374	9	0.004627
3282	3375	2	0.001028
3282	2995	2	0.001028
3282	3509	1	0.000514
3282	3128	7	0.003599
3282	3386	4	0.002057
3282	3423	3	0.001542
3282	2832	5	0.002571
3282	3011	3	0.001542
3282	3269	2	0.001028
3282	3151	1	0.000514
3282	3025	4	0.002057
3282	2898	2	0.001028
3282	3418	4	0.002057
3282	3292	6	0.003085
3282	2911	6	0.003085
3282	3169	4	0.002057
3282	3042	1	0.000514
3282	3300	3	0.001542
3282	3173	2	0.001028
3282	3302	25	0.012853
3282	2923	1	0.000514
3282	3311	19	0.009769
3282	3496	2	0.001028
3282	2931	1	0.000514
3282	2934	2	0.001028
3282	3256	1	0.000514
3282	3199	1	0.000514
3283	3241	117	0.141475
3284	3496	34	0.145923
3284	3344	3	0.012876
3287	3136	116	58.000000
3287	3020	2	1.000000
3288	2822	74	0.804348
3288	3302	3	0.032609
3288	3527	5	0.054348
3288	2986	3	0.032609
3288	3079	74	0.804348
3288	3509	5	0.054348
3288	2969	66	0.717391
3288	2911	6	0.065217
3289	3100	15	15.000000
3290	2881	94	0.940000
3290	3436	69	0.690000
3290	3462	731	7.310000
3290	2911	138	1.380000
3291	3292	1	0.006098
3291	2857	1	0.006098
3291	3211	33730	205.670732
3291	3188	1	0.006098
3291	2871	6	0.036585
3292	2896	1	0.009346
3292	2883	1	0.009346
3292	3311	1	0.009346
3292	3344	1	0.009346
3292	3291	1	0.009346
3292	3516	1	0.009346
3292	2911	1	0.009346
3293	2911	15	3.000000
3294	2977	2	0.060606
3294	3374	2	0.060606
3294	2911	223	6.757576
3296	2857	4	0.065574
3296	3075	2	0.032787
3296	3300	6	0.098361
3296	3076	3	0.049180
3296	2871	4	0.065574
3299	3269	2	0.064516
3299	2911	31	1.000000
3300	3076	2	0.002656
3300	3077	1	0.001328
3300	3082	1	0.001328
3300	3088	1	0.001328
3300	3101	1	0.001328
3300	3105	1	0.001328
3300	3111	1	0.001328
3300	3117	1	0.001328
3300	3121	1	0.001328
3300	3127	1	0.001328
3300	3128	14	0.018592
3300	3130	2	0.002656
3300	3136	3	0.003984
3300	3142	1	0.001328
3300	3144	1	0.001328
3300	3159	1	0.001328
3300	3169	10	0.013280
3300	3173	2	0.002656
3300	3188	1	0.001328
3300	3241	4	0.005312
3300	3243	1	0.001328
3300	3246	1	0.001328
3300	3248	3	0.003984
3300	3268	1	0.001328
3300	3269	1	0.001328
3300	3274	3	0.003984
3300	3276	1	0.001328
3300	3285	1	0.001328
3300	3287	1	0.001328
3300	3289	1	0.001328
3300	3291	1	0.001328
3300	3292	5	0.006640
3300	3302	1	0.001328
3300	3310	1	0.001328
3300	3316	1	0.001328
3300	3320	2	0.002656
3300	3322	2	0.002656
3300	2818	1	0.001328
3300	2824	8	0.010624
3300	2832	1	0.001328
3300	3357	1	0.001328
3300	3363	1	0.001328
3300	2853	1	0.001328
3300	3366	1	0.001328
3300	2857	3	0.003984
3300	2858	1	0.001328
3300	2861	1	0.001328
3300	2862	3	0.003984
3300	2863	2	0.002656
3300	2871	12	0.015936
3300	2873	6	0.007968
3300	3386	2	0.002656
3300	3403	1	0.001328
3300	2904	2	0.002656
3300	2905	1	0.001328
3300	2906	2	0.002656
3300	2908	1	0.001328
3300	2911	759	1.007968
3300	2914	1	0.001328
3300	2921	2	0.002656
3300	2923	1	0.001328
3300	2925	1	0.001328
3300	2931	2	0.002656
3300	2937	1	0.001328
3300	3462	4	0.005312
3300	3465	1	0.001328
3300	2957	1	0.001328
3300	2960	1	0.001328
3300	3476	1	0.001328
3300	2968	1	0.001328
3300	3491	1	0.001328
3300	2980	1	0.001328
3300	2982	3	0.003984
3300	3496	1	0.001328
3300	2986	1	0.001328
3300	3001	1	0.001328
3300	3514	3	0.003984
3300	3007	2	0.002656
3300	3010	8	0.010624
3300	3012	1	0.001328
3300	3525	1	0.001328
3300	3527	2	0.002656
3300	3020	1	0.001328
3300	3021	5	0.006640
3300	3022	1	0.001328
3300	3536	2	0.002656
3300	3038	1	0.001328
3300	3042	2	0.002656
3300	3053	14	0.018592
3300	3063	1	0.001328
3302	3026	4	0.000506
3302	3075	8	0.001013
3302	3076	3	0.000380
3302	3078	182	0.023038
3302	3079	1	0.000127
3302	3208	1	0.000127
3302	3081	86	0.010886
3302	3211	1	0.000127
3302	2828	8	0.001013
3302	3344	4	0.000506
3302	2904	1	0.000127
3302	3423	3	0.000380
3302	2947	23	0.002911
3302	3246	1	0.000127
3302	3478	1	0.000127
3302	2842	2	0.000253
3302	2971	3	0.000380
3302	2972	5	0.000633
3302	2846	3	0.000380
3302	3231	9	0.001139
3302	2976	9	0.001139
3302	3106	1	0.000127
3302	2843	1	0.000127
3302	2980	3	0.000380
3302	2853	2	0.000253
3302	3057	1	0.000127
3302	2856	109	0.013797
3302	2857	7	0.000886
3302	2986	1	0.000127
3302	3117	1	0.000127
3302	3118	36	0.004557
3302	3247	240	0.030380
3302	3080	1	0.000127
3302	3251	2	0.000253
3302	3380	2	0.000253
3302	3230	1	0.000127
3302	2871	1	0.000127
3302	3131	15	0.001899
3302	3516	7	0.000886
3302	3477	3	0.000380
3302	2832	1	0.000127
3302	3264	1	0.000127
3302	3269	1	0.000127
3302	3527	1	0.000127
3302	3216	1	0.000127
3302	3511	7	0.000886
3302	3459	1	0.000127
3302	2978	1	0.000127
3302	3279	24	0.003038
3302	3536	1	0.000127
3302	3472	1	0.000127
3302	3374	2	0.000253
3302	2900	2	0.000253
3302	3029	1	0.000127
3302	3287	2	0.000253
3302	3288	5	0.000633
3302	3418	17	0.002152
3302	2822	1	0.000127
3302	3422	13	0.001646
3302	2911	88	0.011139
3302	3040	2	0.000253
3302	3169	24	0.003038
3302	3285	2	0.000253
3302	3044	1	0.000127
3302	3042	1	0.000127
3302	3048	2	0.000253
3302	3367	1	0.000127
3302	3053	1	0.000127
3302	3311	25045	3.170253
3302	3496	10	0.001266
3302	3037	1	0.000127
3302	2934	2	0.000253
3302	3241	1	0.000127
3302	3448	1	0.000127
3302	2937	3	0.000380
3302	2815	24	0.003038
3302	3069	1	0.000127
3302	3455	21	0.002658
3303	2895	1	0.014286
3303	2911	70	1.000000
3304	3241	133	0.347258
3304	3025	2	0.005222
3306	2969	1	0.047619
3306	3025	1	0.047619
3306	2911	22	1.047619
3308	3241	1	0.000200
3308	3380	174	0.034863
3308	2949	1	0.000200
3308	3374	1	0.000200
3309	3308	1	0.001541
3309	3300	359	0.553159
3309	3241	1	0.001541
3310	2986	2	0.002611
3310	3070	808	1.054830
3311	2976	1076	1.000930
3311	2947	31	0.028837
3311	3302	1271	1.182326
3311	2856	1126	1.047442
3311	2828	21	0.019535
3311	3279	18	0.016744
3311	3344	1	0.000930
3311	3418	13	0.012093
3311	3422	20	0.018605
3312	2911	17	2.833333
3313	2980	64	3.047619
3315	3241	3	0.003304
3315	3511	8	0.008811
3316	2873	1	0.000625
3316	3476	2	0.001251
3316	3270	1	0.000625
3316	2911	4	0.002502
3318	2911	15	1.000000
3319	3241	1	0.029412
3319	3051	1	0.029412
3319	2911	139	4.088235
3321	3241	8	0.012698
3321	3076	1	0.001587
3322	3105	32	1.000000
3322	2982	1	0.031250
3322	3462	1	0.031250
3322	3369	1	0.031250
3322	2827	161	5.031250
3322	3276	1	0.031250
3322	3053	1	0.031250
3322	2863	1	0.031250
3322	2871	1	0.031250
3322	3063	1	0.031250
3324	3045	2681	0.999627
3324	3302	1	0.000373
3324	3143	1	0.000373
3324	3241	2691	1.003356
3324	2959	1	0.000373
3324	2911	1	0.000373
3331	2896	2	1.000000
3331	2911	2	1.000000
3335	2986	1	0.033333
3335	2991	1	0.033333
3335	3021	1	0.033333
3335	2911	33	1.100000
3336	3241	1	0.015385
3336	3010	2	0.030769
3338	3169	2	1.000000
3338	2911	2	1.000000
3341	3241	1	0.022727
3341	3010	1	0.022727
3341	3382	1	0.022727
3342	2911	45	3.461538
3344	3081	1	0.012821
3344	3302	1	0.012821
3344	2934	1	0.012821
3344	2871	31	0.397436
3347	2911	2	1.000000
3348	3458	1	0.003484
3348	2883	1	0.003484
3348	3269	1961	6.832753
3348	3302	7	0.024390
3348	3315	1	0.003484
3348	3276	14	0.048780
3348	3211	1	0.003484
3348	3148	1	0.003484
3348	3311	2	0.006969
3348	3244	1	0.003484
3348	2985	1	0.003484
3348	2905	1	0.003484
3351	3241	1	0.010870
3352	3241	2	0.017241
3352	2854	120	1.034483
3355	2911	16	1.000000
3356	2911	3	1.000000
3357	3300	141	1.807692
3357	3022	74	0.948718
3357	3311	1	0.012821
3362	3344	3	0.007059
3362	3241	3	0.007059
3362	2900	3	0.007059
3362	3525	3	0.007059
3362	3169	1	0.002353
3363	3169	1	0.032258
3363	3300	6	0.193548
3363	3021	4	0.129032
3363	3311	2	0.064516
3363	2999	2	0.064516
3363	2968	2	0.064516
3363	2873	1	0.032258
3363	3100	2	0.064516
3364	2911	59	3.933333
3367	2894	174	1.005780
3368	3300	2	0.125000
3369	3256	1	0.024390
3369	2911	166	4.048780
3370	2913	4	0.053333
3370	3299	2	0.026667
3370	3269	3	0.040000
3370	3021	1	0.013333
3370	2907	1	0.013333
3370	2911	78	1.040000
3371	2953	2	0.002125
3371	3243	995	1.057386
3371	3380	1	0.001063
3371	3021	1	0.001063
3371	2985	1	0.001063
3372	2911	4	4.000000
3374	3075	1	0.000246
3374	3462	6	0.001475
3374	3464	1	0.000246
3374	3081	2	0.000492
3374	2827	1	0.000246
3374	3344	5	0.001229
3374	3331	1	0.000246
3374	3220	4	0.000983
3374	3478	1	0.000246
3374	3224	2	0.000492
3374	3311	3	0.000737
3374	3105	2	0.000492
3374	2982	932	0.229049
3374	3496	3	0.000737
3374	3241	24	0.005898
3374	2986	1	0.000246
3374	3118	1	0.000246
3374	3505	1	0.000246
3374	2995	1	0.000246
3374	3380	4	0.000983
3374	2871	4	0.000983
3374	3256	3	0.000737
3374	3129	2	0.000492
3374	3423	1	0.000246
3374	3388	2	0.000492
3374	3263	3	0.000737
3374	3012	2	0.000492
3374	3269	3	0.000737
3374	3270	1	0.000246
3374	3276	2	0.000492
3374	3127	2	0.000492
3374	3404	1	0.000246
3374	3021	1	0.000246
3374	2894	1	0.000246
3374	3025	1	0.000246
3374	3282	4	0.000983
3374	3284	2	0.000492
3374	3030	8	0.001966
3374	3063	1	0.000246
3374	2911	9	0.002212
3374	2912	7	0.001720
3374	3042	2	0.000492
3374	3300	1	0.000246
3374	2854	1	0.000246
3374	3302	3	0.000737
3374	2923	1	0.000246
3374	3439	2	0.000492
3374	3179	1	0.000246
3374	3188	2	0.000492
3374	2857	2	0.000492
3374	2985	1	0.000246
3375	2977	2	0.031746
3375	3380	1	0.015873
3375	3302	1	0.015873
3375	2911	64	1.015873
3377	3241	882	0.478827
3377	3282	1	0.000543
3377	3300	1	0.000543
3377	3302	2	0.001086
3377	2913	2	0.001086
3378	3025	13	0.019637
3378	3011	3	0.004532
3378	3462	5	0.007553
3378	3335	2	0.003021
3378	3400	5	0.007553
3378	2986	2	0.003021
3378	3179	2507	3.787009
3378	2892	1	0.001511
3378	3021	2	0.003021
3378	3089	1	0.001511
3378	2883	1	0.001511
3378	3211	1	0.001511
3378	2873	3	0.004532
3378	2969	10	0.015106
3378	2811	4	0.006042
3378	2911	7	0.010574
3379	3241	129	0.366477
3380	3332	2	0.001038
3380	3461	4	0.002077
3380	3209	14	0.007269
3380	3211	2	0.001038
3380	3341	1	0.000519
3380	3344	3	0.001558
3380	3311	6	0.003115
3380	2975	2	0.001038
3380	3496	1	0.000519
3380	2857	1	0.000519
3380	2986	3	0.001558
3380	3037	1	0.000519
3380	3126	1	0.000519
3380	3256	2	0.001038
3380	3515	1	0.000519
3380	2876	1	0.000519
3380	3520	1	0.000519
3380	3521	1	0.000519
3380	3010	1	0.000519
3380	3382	1	0.000519
3380	3269	6	0.003115
3380	3021	4	0.002077
3380	3472	3	0.001558
3380	3029	1	0.000519
3380	3030	2	0.001038
3380	2907	3	0.001558
3380	3421	2	0.001038
3380	2911	14	0.007269
3380	3216	1	0.000519
3380	3259	1	0.000519
3380	3179	1	0.000519
3380	3308	1	0.000519
3380	3309	1	0.000519
3380	3183	1	0.000519
3380	3061	1	0.000519
3380	3241	6	0.003115
3380	3451	1	0.000519
3380	3114	2	0.001038
3381	3400	84	4.000000
3382	3241	496	1.692833
3383	3241	9	0.272727
3386	2904	2	0.004040
3386	3282	1	0.002020
3388	2977	1	0.003610
3388	3362	1	0.003610
3388	3241	9	0.032491
3388	3377	1	0.003610
3388	3282	1	0.003610
3388	2857	1	0.003610
3390	3169	1	0.030303
3390	2911	33	1.000000
3394	3256	1	0.043478
3396	2911	60	3.157895
3398	2911	69	4.058824
3403	2857	2	0.032787
3403	3300	1	0.016393
3403	3037	12261	201.000000
3403	3038	128	2.098361
3403	3241	1	0.016393
3404	3169	109	0.065623
3404	3076	2	0.001204
3404	3302	2	0.001204
3404	3145	3	0.001806
3404	3021	36	0.021674
3404	2894	17	0.010235
3404	3030	2	0.001204
3404	2911	3	0.001806
3405	3079	2	0.125000
3407	3169	2	0.005333
3407	3270	2	0.005333
3407	3462	3	0.008000
3407	3179	3	0.008000
3407	3021	6	0.016000
3407	3025	2	0.005333
3407	2969	2	0.005333
3407	2811	2	0.005333
3408	2911	22	1.000000
3409	2911	58	7.250000
3411	2911	56	4.000000
3412	3251	2	0.027778
3412	3173	1	0.013889
3413	3311	4	0.008772
3414	3375	1	0.029412
3418	2976	3	0.023077
3418	3331	1	0.007692
3418	3302	277	2.130769
3418	2828	2	0.015385
3418	3311	464	3.569231
3418	2974	1	0.007692
3418	3422	2	0.015385
3421	3241	2	1.000000
3422	2828	1	0.008621
3422	3302	1	0.008621
3422	3311	724	6.241379
3423	2829	3	0.001770
3423	3344	1	0.000590
3423	3183	1	0.000590
3423	2845	3	0.001770
3423	3496	2	0.001180
3423	3241	15	0.008850
3423	3245	3	0.001770
3423	3247	2	0.001180
3423	3252	3	0.001770
3423	3128	1	0.000590
3423	3257	2	0.001180
3423	3136	2	0.001180
3423	3138	1	0.000590
3423	3270	1	0.000590
3423	3216	1	0.000590
3423	3021	3	0.001770
3423	3026	1	0.000590
3423	3027	3	0.001770
3423	3157	2	0.001180
3423	3163	1	0.000590
3423	3292	1	0.000590
3423	2910	2	0.001180
3423	2911	13	0.007670
3423	3169	1	0.000590
3423	3302	2	0.001180
3423	3179	1	0.000590
3423	3311	3	0.001770
3423	3188	29	0.017109
3423	2933	2	0.001180
3423	3063	1	0.000590
3424	3179	1	0.030303
3424	3011	2	0.060606
3424	3269	2	0.060606
3424	2911	33	1.000000
3425	3369	1	0.026316
3425	2972	1	0.026316
3425	3270	2	0.052632
3428	2883	34	0.031540
3428	3300	6	0.005566
3428	3241	13	0.012059
3428	3211	10	0.009276
3428	3026	1	0.000928
3428	2894	36	0.033395
3428	3282	2	0.001855
3428	3380	2	0.001855
3428	3374	3	0.002783
3428	2871	2	0.001855
3428	3423	4	0.003711
3431	3300	4	0.042553
3434	2911	47	3.916667
3436	2881	3270	0.746405
3436	3462	39630	9.045880
3436	3270	4	0.000913
3436	3306	2	0.000457
3436	3277	44	0.010043
3436	2893	2	0.000457
3436	3029	6	0.001370
3436	3290	55	0.012554
3436	2911	6416	1.464506
3437	2952	12	0.040541
3437	3241	12	0.040541
3438	3241	4	0.014652
3441	3076	2	0.002660
3441	3077	1	0.001330
3441	3082	1	0.001330
3441	3088	1	0.001330
3441	3101	1	0.001330
3441	3105	1	0.001330
3441	3111	1	0.001330
3441	3117	1	0.001330
3441	3121	1	0.001330
3441	3127	1	0.001330
3441	3128	14	0.018617
3441	3130	2	0.002660
3441	3136	3	0.003989
3441	3142	1	0.001330
3441	3144	1	0.001330
3441	3159	1	0.001330
3441	3169	10	0.013298
3441	3173	2	0.002660
3441	3188	1	0.001330
3441	3241	4	0.005319
3441	3243	1	0.001330
3441	3246	1	0.001330
3441	3248	3	0.003989
3441	3268	1	0.001330
3441	3269	1	0.001330
3441	3274	3	0.003989
3441	3276	1	0.001330
3441	3285	1	0.001330
3441	3287	1	0.001330
3441	3289	1	0.001330
3441	3291	1	0.001330
3441	3292	5	0.006649
3441	3300	28	0.037234
3441	3302	1	0.001330
3441	3310	1	0.001330
3441	3316	1	0.001330
3441	3320	2	0.002660
3441	3322	2	0.002660
3441	2818	1	0.001330
3441	2824	8	0.010638
3441	2832	1	0.001330
3441	3357	1	0.001330
3441	3363	1	0.001330
3441	2853	1	0.001330
3441	3366	1	0.001330
3441	2857	3	0.003989
3441	2858	1	0.001330
3441	2861	1	0.001330
3441	2862	3	0.003989
3441	2863	2	0.002660
3441	2871	12	0.015957
3441	2873	6	0.007979
3441	3386	2	0.002660
3441	3403	1	0.001330
3441	2904	2	0.002660
3441	2905	1	0.001330
3441	2906	2	0.002660
3441	2908	1	0.001330
3441	2911	757	1.006649
3441	2914	1	0.001330
3441	2921	2	0.002660
3441	2923	1	0.001330
3441	2925	1	0.001330
3441	2931	2	0.002660
3441	2937	1	0.001330
3441	3462	4	0.005319
3441	3465	1	0.001330
3441	2957	1	0.001330
3441	2960	1	0.001330
3441	3476	1	0.001330
3441	2968	1	0.001330
3441	3491	1	0.001330
3441	2980	1	0.001330
3441	2982	3	0.003989
3441	3496	1	0.001330
3441	2986	1	0.001330
3441	3001	1	0.001330
3441	3514	3	0.003989
3441	3007	2	0.002660
3441	3010	8	0.010638
3441	3012	1	0.001330
3441	3525	1	0.001330
3441	3527	2	0.002660
3441	3020	1	0.001330
3441	3021	5	0.006649
3441	3022	1	0.001330
3441	3536	2	0.002660
3441	3038	1	0.001330
3441	3042	2	0.002660
3441	3053	14	0.018617
3441	3063	1	0.001330
3447	3241	6	0.005581
3447	2871	1	0.000930
3447	3380	1	0.000930
3447	3246	1	0.000930
3447	2911	1	0.000930
3448	3241	301	0.698376
3449	2817	1	0.062500
3449	3044	1	0.062500
3449	3245	1	0.062500
3449	2829	1	0.062500
3449	3128	61	3.812500
3449	2852	1	0.062500
3449	2910	1	0.062500
3449	3359	1	0.062500
3451	3241	1	0.002457
3452	3241	20	0.022051
3453	3241	4	0.003075
3455	2937	3	0.008333
3455	3075	482	1.338889
3455	3380	3	0.008333
3458	3241	2	0.007905
3459	3241	4	0.017699
3459	2854	1	0.004425
3461	3241	1	0.066667
3461	2911	73	4.866667
3462	2881	3387	0.752667
3462	3270	4	0.000889
3462	3306	2	0.000444
3462	3436	3962	0.880444
3462	3277	44	0.009778
3462	2893	2	0.000444
3462	3029	6	0.001333
3462	3290	55	0.012222
3462	2911	6612	1.469333
3463	3241	1	0.017241
3463	2931	30	0.517241
3464	3110	1	0.142857
3464	3400	1	0.142857
3464	2954	1	0.142857
3464	2923	1	0.142857
3464	3025	1	0.142857
3464	3478	1	0.142857
3464	3063	1	0.142857
3464	2911	8	1.142857
3465	3423	1	1.000000
3471	2969	2	0.013245
3472	3256	3	0.005814
3472	3169	2	0.003876
3472	3154	33	0.063953
3472	3118	2	0.003876
3472	2911	1	0.001938
3473	2985	1	0.011905
3473	3269	2	0.023810
3473	2911	84	1.000000
3474	2912	1	0.005236
3474	3169	6	0.031414
3474	3045	1	0.005236
3474	3404	1	0.005236
3474	3407	1	0.005236
3474	2962	1	0.005236
3474	3256	5	0.026178
3474	2971	1	0.005236
3476	2873	1	0.000815
3476	3316	23469	19.127139
3476	3270	1	0.000815
3476	2911	4	0.003260
3477	3344	4	0.009592
3477	3075	399	0.956835
3477	3311	2	0.004796
3477	3511	2	0.004796
3477	3455	3	0.007194
3478	3230	2	0.086957
3478	2911	46	2.000000
3479	2986	1	0.014925
3479	3163	1	0.014925
3479	3210	1	0.014925
3479	3030	1	0.014925
3479	2911	69	1.029851
3480	3344	1	0.006897
3484	3241	314	2.012821
3486	2937	565	3.923611
3486	2894	9	0.062500
3487	3241	3	3.000000
3487	2911	2	2.000000
3492	3073	1	0.100000
3492	2911	36	3.600000
3494	3241	2	0.003058
3495	3331	1	0.090909
3495	2911	11	1.000000
3496	2813	1	0.000922
3496	2952	1	0.000922
3496	2828	2	0.001843
3496	3214	1	0.000922
3496	3344	14	0.012903
3496	2834	1	0.000922
3496	2835	1	0.000922
3496	3311	1	0.000922
3496	3497	1	0.000922
3496	2986	1	0.000922
3496	3118	1	0.000922
3496	2991	1	0.000922
3496	3504	1	0.000922
3496	3377	1	0.000922
3496	3125	1	0.000922
3496	3511	1	0.000922
3496	3258	2	0.001843
3496	2911	7	0.006452
3496	3262	2	0.001843
3496	3075	3	0.002765
3496	3140	1	0.000922
3496	3269	2	0.001843
3496	3145	2	0.001843
3496	2894	19	0.017512
3496	3284	133	0.122581
3496	2903	1	0.000922
3496	3160	1	0.000922
3496	3423	2	0.001843
3496	2913	1	0.000922
3496	3302	1	0.000922
3496	2941	1	0.000922
3496	2928	1	0.000922
3496	3241	10	0.009217
3496	3448	1	0.000922
3496	3321	1	0.000922
3496	3069	1	0.000922
3498	2932	30	1.111111
3498	2911	469	17.370370
3503	3275	3	0.000291
3503	3111	27	0.002621
3503	3282	3	0.000291
3503	3241	90	0.008736
3503	2871	3	0.000291
3503	2957	3	0.000291
3503	2894	3	0.000291
3503	3311	3	0.000291
3503	3344	3	0.000291
3503	3048	3	0.000291
3503	3026	3	0.000291
3503	2900	3	0.000291
3503	3081	3	0.000291
3503	2911	6	0.000582
3504	3241	1	0.002375
3506	3063	2822	14.931217
3506	3029	1	0.005291
3506	2911	188	0.994709
3507	3040	1	0.034483
3507	3241	3	0.103448
3507	3300	2	0.068966
3508	3169	10	0.084034
3508	3302	1	0.008403
3508	3078	1	0.008403
3508	2953	1	0.008403
3508	3468	1	0.008403
3508	3220	1	0.008403
3508	3224	1	0.008403
3508	3269	1	0.008403
3509	3073	1	0.009346
3509	3011	1	0.009346
3509	3270	1	0.009346
3509	3369	1	0.009346
3509	2986	1	0.009346
3509	3063	1	0.009346
3509	3021	2	0.018692
3509	2894	1	0.009346
3509	3026	2	0.018692
3509	3179	1	0.009346
3509	3319	1	0.009346
3509	3288	2	0.018692
3509	2873	1	0.009346
3509	2911	110	1.028037
3511	3040	2	0.000294
3511	2977	2	0.000294
3511	3075	282	0.041483
3511	3076	6	0.000883
3511	3302	2	0.000294
3511	3496	14	0.002059
3511	3081	6	0.000883
3511	3282	2	0.000294
3511	3118	280	0.041189
3511	3037	4	0.000588
3511	3344	10	0.001471
3511	3423	11	0.001618
3511	3374	16	0.002354
3511	3477	284	0.041777
3511	3241	8	0.001177
3511	3386	2	0.000294
3511	3455	280	0.041189
3511	3516	280	0.041189
3511	2995	4	0.000588
3511	2832	4	0.000588
3511	3231	280	0.041189
3512	3241	151	0.293774
3512	3300	1	0.001946
3514	3497	1	0.003236
3514	2835	1	0.003236
3515	3241	244	0.285714
3516	3075	2273	2.215400
3516	2857	2	0.001949
3516	3118	1004	0.978558
3516	3344	1	0.000975
3516	3455	1005	0.979532
3516	3477	1004	0.978558
3516	3511	1004	0.978558
3516	3131	1004	0.978558
3516	3231	1004	0.978558
3521	3344	1	0.333333
3521	3282	1	0.333333
3521	2911	1	0.333333
3522	3241	1516	3.007937
3522	3374	2	0.003968
3524	3256	4	0.444444
3526	3241	117	0.966942
3526	2940	5	0.041322
3528	2817	1	0.062500
3528	3044	1	0.062500
3528	3245	1	0.062500
3528	2829	1	0.062500
3528	3128	61	3.812500
3528	2852	1	0.062500
3528	2910	1	0.062500
3528	3359	1	0.062500
3533	3241	4	0.007220
3533	3300	5	0.009025
3533	2894	1	0.001805
3534	3021	4	0.100000
3534	2911	151	3.775000
3536	3211	1	0.003195
3536	2911	2	0.006390
3537	3241	1	0.011628
3537	3010	1	0.011628
