Src	Trg	LinkCount	RelLinkCount
35376	35523	1	0.002421
35376	35398	1	0.002421
35376	35850	1	0.002421
35376	35851	1	0.002421
35376	35727	2	0.004843
35376	35408	1	0.002421
35376	35569	1	0.002421
35378	35587	1	0.004587
35378	35922	1	0.004587
35378	35461	1	0.004587
35378	35718	1	0.004587
35378	35847	1	0.004587
35378	35848	1	0.004587
35378	35466	1	0.004587
35378	35851	1	0.004587
35378	35641	1	0.004587
35378	35469	1	0.004587
35378	35726	1	0.004587
35378	35599	1	0.004587
35378	35729	1	0.004587
35378	35477	1	0.004587
35378	35862	1	0.004587
35378	35863	1	0.004587
35378	35736	1	0.004587
35378	35994	1	0.004587
35378	35995	1	0.004587
35378	35870	1	0.004587
35378	35999	1	0.004587
35378	36001	1	0.004587
35378	35874	1	0.004587
35378	35803	1	0.004587
35378	35621	1	0.004587
35378	35622	3	0.013761
35378	35855	1	0.004587
35378	35591	1	0.004587
35378	35478	1	0.004587
35378	36013	1	0.004587
35378	35504	1	0.004587
35378	35380	1	0.004587
35378	36023	1	0.004587
35378	35768	1	0.004587
35378	36025	1	0.004587
35378	35514	1	0.004587
35378	35950	2	0.009174
35378	35772	5	0.022936
35378	35647	1	0.004587
35378	35907	1	0.004587
35378	35396	1	0.004587
35378	35605	1	0.004587
35378	35784	1	0.004587
35378	35785	1	0.004587
35378	35403	1	0.004587
35378	36044	1	0.004587
35378	35533	8	0.036697
35378	36047	2	0.009174
35378	35794	1	0.004587
35378	36051	1	0.004587
35378	35412	1	0.004587
35378	35982	1	0.004587
35378	35490	1	0.004587
35378	35416	1	0.004587
35378	35791	1	0.004587
35378	35578	1	0.004587
35378	36045	1	0.004587
35378	35684	1	0.004587
35378	35941	1	0.004587
35378	35558	1	0.004587
35378	35687	1	0.004587
35378	35816	1	0.004587
35378	36028	1	0.004587
35378	35946	1	0.004587
35378	35693	1	0.004587
35378	35694	1	0.004587
35378	35709	1	0.004587
35378	35952	1	0.004587
35378	35570	1	0.004587
35378	35444	1	0.004587
35378	35445	1	0.004587
35378	35574	1	0.004587
35378	35636	1	0.004587
35378	35924	1	0.004587
35378	35834	1	0.004587
35378	35835	1	0.004587
35378	35837	13	0.059633
35378	35454	1	0.004587
35378	36053	1	0.004587
35379	35950	3	0.600000
35380	35618	1	0.010000
35380	35970	1	0.010000
35380	35950	1	0.010000
35380	36047	1	0.010000
35380	35824	1	0.010000
35380	35569	1	0.010000
35380	35635	1	0.010000
35380	35477	2	0.020000
35383	35731	1	0.027027
35383	35900	1	0.027027
35383	35893	2	0.054054
35383	35847	3	0.081081
35384	35569	1	0.050000
35384	35618	1	0.050000
35384	35469	1	0.050000
35386	35569	3	0.002377
35386	36047	4	0.003170
35386	35725	1009	0.799525
35386	35581	1009	0.799525
35389	35589	24	0.960000
35389	35626	24	0.960000
35389	35632	234	9.360000
35389	35540	8	0.320000
35389	35897	18	0.720000
35389	35451	24	0.960000
35389	35402	24	0.960000
35390	36003	1	0.008547
35392	35950	9	0.042857
35398	35548	22	1.000000
35399	35731	3	0.010067
35399	35781	1	0.003356
35399	35950	6	0.020134
35399	35767	3	0.010067
35401	35944	1	0.111111
35402	35648	1	0.019231
35402	35536	1	0.019231
35402	35779	1	0.019231
35402	35589	51	0.980769
35402	35847	1	0.019231
35402	35626	51	0.980769
35402	36039	1	0.019231
35402	35950	31	0.596154
35402	35727	1	0.019231
35402	35632	2	0.038462
35402	35540	51	0.980769
35402	35989	1	0.019231
35402	35897	51	0.980769
35403	35408	37	1.000000
35403	35881	1	0.027027
35403	35970	3	0.081081
35403	36047	36	0.972973
35407	35569	1551	5.019417
35407	35618	3	0.009709
35407	35398	3	0.009709
35408	35847	3	0.004231
35408	35979	1	0.001410
35408	35598	1	0.001410
35408	35727	2	0.002821
35408	35742	1	0.001410
35408	35747	1	0.001410
35408	35750	1	0.001410
35408	35894	1	0.001410
35408	36024	1	0.001410
35408	35899	1	0.001410
35408	35648	14	0.019746
35408	36039	1	0.001410
35408	36047	16	0.022567
35408	35536	12	0.016925
35408	35537	1	0.001410
35408	35795	1	0.001410
35408	35676	1	0.001410
35408	35939	1	0.001410
35408	35878	1	0.001410
35408	35950	2	0.002821
35408	35698	1	0.001410
35408	35581	1	0.001410
35409	35443	2	0.200000
35410	35897	2	1.000000
35410	35468	2	1.000000
35412	35408	6	1.500000
35414	36003	109	0.990909
35415	35755	1	0.013514
35415	36044	1	0.013514
35416	35760	4	0.008368
35416	35970	4	0.008368
35416	35939	52	0.108787
35416	35398	24	0.050209
35416	35399	4	0.008368
35416	35660	1	0.002092
35416	35850	8	0.016736
35416	35564	4	0.008368
35416	35950	136	0.284519
35416	36047	20	0.041841
35416	35408	9	0.018828
35416	35601	4	0.008368
35416	35922	4	0.008368
35416	35764	4	0.008368
35416	35893	4	0.008368
35416	35864	4	0.008368
35416	35775	8	0.016736
35417	35792	1	0.000894
35417	35564	5	0.004472
35417	36013	6	0.005367
35417	35536	5	0.004472
35417	35408	1	0.000894
35417	35900	3	0.002683
35420	36003	1	0.002558
35420	35910	392	1.002558
35423	35618	1	0.001560
35423	35651	1	0.001560
35423	35398	3	0.004680
35423	35772	1	0.001560
35423	35628	3	0.004680
35423	35725	2	0.003120
35423	35569	2	0.003120
35423	35669	2	0.003120
35423	35452	2	0.003120
35423	35581	6	0.009360
35423	35861	2	0.003120
35424	35618	15	0.272727
35424	35628	16	0.290909
35424	35581	16	0.290909
35428	35647	1	0.071429
35431	35772	3	0.002477
35431	35637	1	0.000826
35431	35799	1	0.000826
35433	36003	82	0.987952
35433	35669	1	0.012048
35434	35737	1	0.111111
35435	35408	1	0.010309
35435	36041	1	0.010309
35435	35950	1	0.010309
35438	36001	3	0.048387
35438	35651	3	0.048387
35440	35950	2	0.066667
35441	35608	1	0.062500
35444	35970	2	0.024691
35444	35683	1	0.012346
35444	35716	2	0.024691
35444	35559	1	0.012346
35444	35760	1	0.012346
35444	35707	1	0.012346
35444	35548	1	0.012346
35447	35611	24	1.000000
35447	36045	24	1.000000
35451	35760	6	0.240000
35451	35589	23	0.920000
35451	35687	33	1.320000
35451	35626	23	0.920000
35451	35468	1	0.040000
35451	35950	2	0.080000
35451	35389	23	0.920000
35451	35632	219	8.760000
35451	35508	2	0.080000
35451	35540	23	0.920000
35451	35477	2	0.080000
35451	35897	26	1.040000
35451	35402	23	0.920000
35451	35909	1	0.040000
35452	35651	5	0.119048
35452	35772	147	3.500000
35452	35942	1	0.023810
35452	35974	50	1.190476
35452	36047	84	2.000000
35453	35603	2	0.125000
35453	36003	7	0.437500
35453	35697	2	0.125000
35453	35628	2	0.125000
35453	35633	1	0.062500
35453	35766	1	0.062500
35453	36026	2	0.125000
35453	35900	1	0.062500
35453	35518	2	0.125000
35453	35401	1	0.062500
35453	35530	1	0.062500
35453	35920	2	0.125000
35453	36049	1	0.062500
35453	35798	2	0.125000
35453	36056	2	0.125000
35453	35408	1	0.062500
35453	35665	1	0.062500
35453	35944	6	0.375000
35453	35644	1	0.062500
35453	35562	2	0.125000
35453	35432	2	0.125000
35453	35955	1	0.062500
35453	35828	2	0.125000
35453	35706	2	0.125000
35455	35847	1	0.016949
35455	35897	2	0.033898
35455	36047	4	0.067797
35455	35950	19	0.322034
35455	35399	2	0.033898
35461	35760	1	0.011765
35461	35408	1	0.011765
35461	35970	8	0.094118
35463	35944	1	0.002833
35463	35432	1	0.002833
35463	35772	2	0.005666
35466	35408	6	1.500000
35466	36047	3	0.750000
35467	35408	9	0.001803
35467	36047	3	0.000601
35467	35893	9	0.001803
35467	35847	22	0.004407
35468	35626	16	2.285714
35474	36003	7	0.777778
35475	35608	1	0.001447
35475	35569	2	0.002894
35476	35706	10	0.033670
35476	35900	1	0.003367
35476	35775	2	0.006734
35477	35632	1	0.005952
35477	35798	1	0.005952
35477	35837	1	0.005952
35477	35950	186	1.107143
35478	35894	4	1.000000
35479	35546	1	0.014925
35479	35743	2	0.029851
35479	36047	1	0.014925
35481	36003	53	0.963636
35482	35900	64	1.163636
35485	35608	2	0.020619
35485	35893	141	1.453608
35485	35950	3	0.030928
35485	35847	90	0.927835
35486	35770	1	0.055556
35486	35508	2	0.111111
35490	35660	1	0.009901
35490	35847	1	0.009901
35492	36000	3	0.014423
35492	35617	3	0.014423
35492	36003	242	1.163462
35492	35588	3	0.014423
35492	35976	3	0.014423
35492	35388	3	0.014423
35492	35850	3	0.014423
35492	35496	3	0.014423
35492	35407	3	0.014423
35492	35793	3	0.014423
35492	36018	3	0.014423
35492	35395	3	0.014423
35492	35477	4	0.019231
35492	36029	3	0.014423
35492	35708	3	0.014423
35492	35741	3	0.014423
35492	35519	3	0.014423
35496	35850	783	0.850163
35496	36003	783	0.850163
35496	35772	3923	4.259501
35501	35969	2	0.002837
35501	35651	2	0.002837
35501	35847	4	0.005674
35501	35772	8	0.011348
35501	35725	2	0.002837
35501	35569	16	0.022695
35501	35890	1	0.001418
35501	35669	1	0.001418
35501	35767	4	0.005674
35501	35897	1	0.001418
35501	35601	2	0.002837
35502	35424	1	0.004237
35502	35879	1	0.004237
35502	35628	1	0.004237
35502	35442	1	0.004237
35502	35772	3	0.012712
35502	35581	1	0.004237
35504	35408	5	0.051546
35504	35625	2	0.020619
35504	35555	2	0.020619
35504	35477	6	0.061856
35504	36047	2	0.020619
35509	35468	38	0.368932
35509	35626	135	1.310680
35509	35564	2	0.019417
35509	35402	1	0.009709
35510	36047	1	0.055556
35511	35731	2	0.012121
35511	35772	1	0.006061
35512	35944	1	0.333333
35514	35681	2	0.100000
35514	35565	2	0.100000
35514	35922	12	0.600000
35514	35635	1	0.050000
35514	35771	2	0.100000
35514	35644	2	0.100000
35519	35880	2	0.200000
35520	35900	1	0.055556
35522	35558	1	0.052632
35522	35518	3	0.157895
35523	35802	2	0.086957
35523	35950	2	0.086957
35523	35750	1	0.043478
35523	35727	1	0.043478
35524	35669	27	1.038462
35525	35850	1	0.111111
35527	35532	304	1.013333
35527	35997	1	0.003333
35528	35589	21	1.000000
35528	35389	21	1.000000
35528	35626	21	1.000000
35528	35471	20	0.952381
35528	35632	231	11.000000
35528	35540	21	1.000000
35528	35897	21	1.000000
35528	35451	21	1.000000
35528	35402	21	1.000000
35529	35445	19	1.055556
35531	35569	2	0.200000
35531	36027	1	0.100000
35531	35581	1	0.100000
35532	35651	2	0.006667
35532	35527	2	0.006667
35532	35950	5	0.016667
35532	35601	2	0.006667
35532	35475	1	0.003333
35532	35962	2	0.006667
35533	35802	1	0.004695
35533	35564	2	0.009390
35533	35989	17	0.079812
35533	35950	2	0.009390
35533	35423	1	0.004695
35535	35785	7	0.007625
35535	35997	16	0.017429
35535	35999	7	0.007625
35536	35847	1	0.200000
35537	35408	1	0.012195
35537	36031	83	1.012195
35537	35900	2	0.024390
35537	35879	83	1.012195
35538	35408	2	0.038462
35538	35477	2	0.038462
35539	35468	7	1.000000
35539	36047	14	2.000000
35540	35632	8	4.000000
35540	35402	4	2.000000
35540	35626	2	1.000000
35543	35777	1	0.011236
35543	35970	1	0.011236
35543	35687	89	1.000000
35543	35593	2	0.022472
35543	35837	1	0.011236
35543	35980	7	0.078652
35543	36047	10	0.112360
35543	35760	2	0.022472
35543	35569	1	0.011236
35543	35869	1	0.011236
35545	35794	7	0.001116
35545	35840	7	0.001116
35545	35587	7	0.001116
35545	35478	7	0.001116
35545	35718	7	0.001116
35545	35847	14	0.002232
35545	35848	7	0.001116
35545	35952	7	0.001116
35545	35466	7	0.001116
35545	36016	7	0.001116
35545	35469	14	0.002232
35545	35726	7	0.001116
35545	35471	25212	4.020411
35545	35729	14	0.002232
35545	35605	7	0.001116
35545	35862	14	0.002232
35545	35863	7	0.001116
35545	35736	7	0.001116
35545	35995	7	0.001116
35545	35870	7	0.001116
35545	35999	7	0.001116
35545	36001	7	0.001116
35545	35490	7	0.001116
35545	35803	14	0.002232
35545	35621	7	0.001116
35545	35791	14	0.002232
35545	35445	7	0.001116
35545	35855	14	0.002232
35545	35591	7	0.001116
35545	35966	7	0.001116
35545	35504	7	0.001116
35545	36013	7	0.001116
35545	35636	14	0.002232
35545	35767	5099	0.813108
35545	35641	7	0.001116
35545	35514	7	0.001116
35545	35772	1	0.000159
35545	35647	7	0.001116
35545	35570	7	0.001116
35545	35396	7	0.001116
35545	35694	7	0.001116
35545	35784	7	0.001116
35545	35785	7	0.001116
35545	35403	7	0.001116
35545	36044	7	0.001116
35545	35874	7	0.001116
35545	36047	9	0.001435
35545	35922	14	0.002232
35545	36051	7	0.001116
35545	35924	7	0.001116
35545	35982	7	0.001116
35545	35416	14	0.002232
35545	35599	7	0.001116
35545	35578	7	0.001116
35545	35941	7	0.001116
35545	35558	7	0.001116
35545	35687	2	0.000319
35545	35944	9	0.001435
35545	36028	7	0.001116
35545	35946	7	0.001116
35545	35693	7	0.001116
35545	35950	1745	0.278265
35545	35380	7	0.001116
35545	35461	7	0.001116
35545	35816	7	0.001116
35545	36045	7	0.001116
35545	35444	14	0.002232
35545	36023	14	0.002232
35545	35574	14	0.002232
35545	35538	7	0.001116
35545	35834	7	0.001116
35545	35835	7	0.001116
35545	35709	14	0.002232
35545	35454	7	0.001116
35545	36053	7	0.001116
35546	35618	1	0.040000
35546	35398	1	0.040000
35546	35850	1	0.040000
35546	35725	1	0.040000
35546	35569	1	0.040000
35546	35734	2	0.080000
35546	35479	3	0.120000
35547	35863	15	1.500000
35548	35398	600	1.081081
35548	35399	3	0.005405
35548	35772	2	0.003604
35548	35725	602	1.084685
35548	35950	6	0.010811
35548	36047	2	0.003604
35548	35569	588	1.059459
35548	35669	628	1.131532
35548	35767	2	0.003604
35548	35897	4	0.007207
35548	35407	9	0.016216
35548	35900	2	0.003604
35548	35615	1	0.001802
35550	35669	1	0.038462
35552	35922	2	0.002577
35552	35714	4	0.005155
35555	35408	4	0.026144
35555	35651	2	0.013072
35555	35908	5	0.032680
35555	35398	1	0.006536
35555	35944	4	0.026144
35555	35850	21	0.137255
35555	35564	1	0.006536
35555	35950	2	0.013072
35555	35504	1	0.006536
35555	35569	6	0.039216
35555	35900	10	0.065359
35557	35698	2	0.003795
35558	35608	2	0.048780
35558	35477	1	0.024390
35560	36034	1	0.000962
35560	35747	3	0.002885
35560	35461	3	0.002885
35560	35750	3	0.002885
35560	35885	6	0.005769
35560	35725	6	0.005769
35560	35922	3	0.002885
35560	36003	1	0.000962
35560	36024	3	0.002885
35560	35641	3	0.002885
35560	35962	47468	45.642308
35560	35867	3	0.002885
35560	35772	3	0.002885
35560	35390	1	0.000962
35561	35651	1	0.002899
35561	35622	1	0.002899
35561	35399	2	0.005797
35561	35408	1	0.002899
35561	35605	3	0.008696
35561	35669	1	0.002899
35562	36035	1	0.002762
35562	35894	1	0.002762
35562	35566	1	0.002762
35562	35731	3	0.008287
35562	35478	1	0.002762
35562	35453	1	0.002762
35562	35390	2	0.005525
35563	36047	2	0.064516
35564	35408	3	0.000808
35564	35847	1	0.000269
35564	35593	5	0.001347
35564	35402	8	0.002156
35564	35950	2014	0.542711
35564	35695	1	0.000269
35564	35536	2	0.000539
35564	35608	2	0.000539
35564	35632	2	0.000539
35566	35944	3	0.003067
35566	35772	245	0.250511
35566	35628	1	0.001022
35566	35950	1	0.001022
35566	35407	1	0.001022
35566	35802	1	0.001022
35566	35900	1	0.001022
35568	35444	1	0.007692
35569	35847	34	0.032227
35569	35851	1	0.000948
35569	35725	222	0.210427
35569	36003	1	0.000948
35569	35398	1	0.000948
35569	35622	2	0.001896
35569	35501	4	0.003791
35569	35379	1	0.000948
35569	35893	12	0.011374
35569	35767	8	0.007583
35569	35900	2	0.001896
35569	35775	1	0.000948
35569	35651	2	0.001896
35569	36038	2	0.001896
35569	35399	1	0.000948
35569	35532	1	0.000948
35569	35661	5	0.004739
35569	35407	1	0.000948
35569	35669	15	0.014218
35569	35548	77	0.072986
35569	35424	1	0.000948
35569	35687	1	0.000948
35569	35772	5	0.004739
35569	35435	1	0.000948
35569	35695	1	0.000948
35569	35962	2	0.001896
35571	35950	1	0.016129
35571	35420	2	0.032258
35571	35669	1	0.016129
35571	35910	1	0.016129
35572	35841	3	0.136364
35572	35429	1	0.045455
35572	35856	1	0.045455
35572	35667	1	0.045455
35572	35798	1	0.045455
35572	35803	2	0.090909
35573	36003	79	1.000000
35574	35408	2	0.666667
35574	36047	2	0.666667
35576	36003	378	2.304878
35578	35408	3	0.750000
35580	35879	1	0.001488
35580	35388	5	0.007440
35580	35950	5	0.007440
35580	35536	4	0.005952
35580	35732	1	0.001488
35580	35897	1	0.001488
35580	35636	16	0.023810
35580	35900	11	0.016369
35581	35424	11	0.010176
35581	35618	4	0.003700
35581	35398	1	0.000925
35581	35628	6	0.005550
35581	35569	1	0.000925
35581	35669	1	0.000925
35581	35861	2	0.001850
35584	35724	5	1.000000
35585	35618	5	0.003489
35585	35398	3	0.002094
35585	35850	1	0.000698
35585	35435	3	0.002094
35585	35628	2	0.001396
35585	35408	3	0.002094
35585	35477	7	0.004885
35585	35772	7	0.004885
35585	35581	2	0.001396
35585	35486	2	0.001396
35587	35408	4	1.333333
35588	35969	1	0.035714
35588	36003	1	0.035714
35588	35950	2	0.071429
35589	35847	2	0.015267
35589	35626	1	0.007634
35589	35468	1	0.007634
35589	35950	140	1.068702
35589	35408	7	0.053435
35589	35477	1	0.007634
35589	35897	131	1.000000
35590	35469	1	0.030303
35590	35777	132	4.000000
35590	35847	1	0.030303
35590	36039	1	0.030303
35590	35564	1	0.030303
35590	35693	1	0.030303
35590	35727	1	0.030303
35590	35922	1	0.030303
35590	35444	1	0.030303
35590	35897	1	0.030303
35590	35416	1	0.030303
35590	35924	1	0.030303
35590	35514	1	0.030303
35591	35408	4	1.333333
35592	35939	1	0.006250
35592	35398	1	0.006250
35592	35850	2	0.012500
35592	35408	2	0.012500
35592	35900	31	0.193750
35592	35741	6	0.037500
35593	35897	8	0.216216
35593	35655	16	0.432432
35595	36047	1	0.015625
35595	35980	1	0.015625
35595	35950	1	0.015625
35595	35687	65	1.015625
35597	35461	18	0.032432
35597	35726	1	0.001802
35597	35725	1	0.001802
35597	35982	1	0.001802
35597	35474	1	0.001802
35597	35475	1	0.001802
35597	35732	5	0.009009
35597	35605	2	0.003604
35597	35864	2	0.003604
35597	35484	6	0.010811
35597	36003	3	0.005405
35597	35750	171	0.308108
35597	36025	1	0.001802
35597	36028	1	0.001802
35597	35651	1	0.001802
35597	35785	1	0.001802
35597	36047	1	0.001802
35597	36053	1	0.001802
35597	35802	73	0.131532
35597	35803	1	0.001802
35597	35962	16	0.028829
35597	35941	2	0.003604
35597	35900	6	0.010811
35597	35950	2	0.003604
35597	35709	2	0.003604
35597	35569	11	0.019820
35597	35574	1	0.001802
35597	35834	1	0.001802
35597	35835	1	0.001802
35597	35837	1	0.001802
35597	35669	2	0.003604
35598	35850	1	0.111111
35598	35900	1	0.111111
35598	35581	1	0.111111
35599	35408	6	1.500000
35601	35632	1	0.011364
35601	35775	1	0.011364
35601	35950	1	0.011364
35601	35486	1	0.011364
35601	36047	2	0.022727
35602	35970	4	0.037383
35602	35716	1	0.009346
35602	35722	1	0.009346
35602	36047	4	0.037383
35602	35408	2	0.018692
35602	35635	1	0.009346
35602	35477	2	0.018692
35605	35408	6	1.500000
35608	35974	4	0.001684
35608	35847	4	0.001684
35608	35593	3	0.001263
35608	35725	2	0.000842
35608	35471	4	0.001684
35608	35475	9	0.003789
35608	35479	1	0.000421
35608	35997	1	0.000421
35608	35535	1	0.000421
35608	35488	1	0.000421
35608	35622	1	0.000421
35608	35501	1	0.000421
35608	35630	1	0.000421
35608	35632	10	0.004211
35608	35378	1	0.000421
35608	35635	3	0.001263
35608	35636	1	0.000421
35608	35637	2	0.000842
35608	35767	3	0.001263
35608	35897	15	0.006316
35608	35900	4	0.001684
35608	35389	3	0.001263
35608	35775	3	0.001263
35608	35777	1	0.000421
35608	35651	9	0.003789
35608	35781	1	0.000421
35608	35398	1	0.000421
35608	35527	5	0.002105
35608	35402	6	0.002526
35608	35469	2	0.000842
35608	35536	22	0.009263
35608	35922	1	0.000421
35608	35540	3	0.001263
35608	35669	23	0.009684
35608	35799	5	0.002105
35608	35545	1	0.000421
35608	36047	403	0.169684
35608	35550	1	0.000421
35608	35807	2	0.000842
35608	35681	1	0.000421
35608	35772	14	0.005895
35608	35564	1	0.000421
35608	35950	351	0.147789
35608	35721	1	0.000421
35608	35441	2	0.000842
35608	35700	1	0.000421
35608	35960	1	0.000421
35608	35452	2	0.000842
35608	35837	5	0.002105
35609	35850	2	0.181818
35609	35725	1	0.090909
35609	35806	1	0.090909
35610	35449	1	0.025000
35610	35631	1	0.025000
35611	35850	2	0.076923
35611	35939	1	0.038462
35611	36045	3	0.115385
35611	35398	1	0.038462
35612	35408	2	0.019802
35613	35618	4	0.006163
35613	35799	2	0.003082
35613	35852	1	0.001541
35613	35637	1	0.001541
35613	35767	2	0.003082
35613	35897	3	0.004622
35613	35772	14	0.021572
35614	35569	2	0.033898
35614	35772	12	0.203390
35614	35974	2	0.033898
35614	35959	57	0.966102
35615	35618	1	0.023256
35615	35398	1	0.023256
35615	35399	1	0.023256
35615	35944	1	0.023256
35615	35548	2	0.046512
35615	35850	2	0.046512
35615	35628	3	0.069767
35615	35725	2	0.046512
35615	35407	3	0.069767
35615	35824	2	0.046512
35615	35569	2	0.046512
35615	35890	2	0.046512
35615	35962	5	0.116279
35615	35772	3	0.069767
35615	35581	2	0.046512
35615	35423	1	0.023256
35617	35784	2	0.666667
35618	35904	6	0.003337
35618	35424	7	0.003893
35618	35713	1	0.000556
35618	35628	13	0.007230
35618	36047	2	0.001112
35618	35824	2	0.001112
35618	35669	5	0.002781
35618	35768	1	0.000556
35618	35695	1	0.000556
35618	35772	4	0.002225
35618	35581	13	0.007230
35620	35396	38	0.760000
35622	35451	7	1.000000
35622	36047	1	0.142857
35622	35471	1	0.142857
35623	35593	1	0.003378
35623	35893	3	0.010135
35623	35398	2	0.006757
35623	35669	2	0.006757
35626	35897	39	0.812500
35626	35468	40	0.833333
35629	35772	5	1.000000
35630	35536	1	0.037037
35632	35402	47	0.783333
35632	35589	52	0.866667
35632	35626	53	0.883333
35632	35471	19	0.316667
35632	35540	28	0.466667
35632	35897	43	0.716667
35632	35451	50	0.833333
35632	35389	194	3.233333
35634	35850	1	0.004484
35634	35651	1	0.004484
35634	35669	1	0.004484
35635	35794	1	0.023810
35635	35587	1	0.023810
35635	35922	1	0.023810
35635	35966	1	0.023810
35635	35718	1	0.023810
35635	35847	1	0.023810
35635	35848	1	0.023810
35635	35466	1	0.023810
35635	35469	1	0.023810
35635	35982	1	0.023810
35635	35855	1	0.023810
35635	35729	1	0.023810
35635	35694	1	0.023810
35635	35862	1	0.023810
35635	35863	1	0.023810
35635	35736	1	0.023810
35635	36025	1	0.023810
35635	35995	1	0.023810
35635	35870	1	0.023810
35635	35999	1	0.023810
35635	35599	1	0.023810
35635	35504	1	0.023810
35635	35874	1	0.023810
35635	35621	1	0.023810
35635	35461	1	0.023810
35635	35591	1	0.023810
35635	36013	1	0.023810
35635	36016	1	0.023810
35635	35380	1	0.023810
35635	36023	1	0.023810
35635	35768	1	0.023810
35635	35636	1	0.023810
35635	35514	1	0.023810
35635	36028	1	0.023810
35635	35647	1	0.023810
35635	35726	1	0.023810
35635	35651	6	0.142857
35635	35396	1	0.023810
35635	36001	1	0.023810
35635	35784	1	0.023810
35635	35785	1	0.023810
35635	35403	1	0.023810
35635	36044	1	0.023810
35635	36045	1	0.023810
35635	35791	1	0.023810
35635	35408	1	0.023810
35635	35538	1	0.023810
35635	36051	1	0.023810
35635	35924	1	0.023810
35635	36053	1	0.023810
35635	35490	1	0.023810
35635	35897	3	0.071429
35635	35416	1	0.023810
35635	35803	1	0.023810
35635	35834	1	0.023810
35635	35641	1	0.023810
35635	35941	1	0.023810
35635	35558	1	0.023810
35635	35589	1	0.023810
35635	35816	1	0.023810
35635	35946	1	0.023810
35635	35693	1	0.023810
35635	35950	18	0.428571
35635	35478	1	0.023810
35635	35952	1	0.023810
35635	35570	1	0.023810
35635	35444	1	0.023810
35635	35445	1	0.023810
35635	35574	1	0.023810
35635	35532	1	0.023810
35635	35578	1	0.023810
35635	35835	1	0.023810
35635	35709	1	0.023810
35635	35454	1	0.023810
35635	35605	1	0.023810
35636	35970	5	0.135135
35636	35907	1	0.027027
35636	35716	1	0.027027
35636	35879	1	0.027027
35636	35388	2	0.054054
35636	36047	6	0.162162
35636	35408	73	1.972973
35636	36003	1	0.027027
35636	35477	3	0.081081
35636	35548	1	0.027027
35636	35608	1	0.027027
35636	35580	3	0.081081
35637	35897	3	1.000000
35638	35727	14722	20.002717
35639	35732	1	0.014925
35639	35878	1055	15.746269
35642	35496	1	0.100000
35643	36003	22	0.956522
35644	35681	1	0.000711
35644	36041	2	0.001422
35644	35565	1	0.000711
35644	35950	1	0.000711
35644	35922	1	0.000711
35644	35831	1	0.000711
35644	35514	17	0.012091
35644	35739	2254	1.603129
35644	35901	4	0.002845
35647	35569	1	0.012346
35647	35428	2	0.024691
35649	35398	1	0.111111
35649	35944	1	0.111111
35649	35850	1	0.111111
35649	35725	1	0.111111
35649	35569	1	0.111111
35649	35574	2	0.222222
35649	35581	1	0.111111
35651	35847	3	0.007042
35651	35900	488	1.145540
35651	35468	1	0.002347
35651	35950	5	0.011737
35651	36047	1	0.002347
35651	35772	1	0.002347
35651	35837	2	0.004695
35653	35408	2	0.004167
35653	36003	2	0.004167
35655	35593	7	1.166667
35655	35533	1	0.166667
35655	35897	6	1.000000
35658	35408	1	0.006494
35658	35837	1	0.006494
35660	35440	4	0.500000
35661	35569	3	0.750000
35662	35850	1	0.111111
35664	35897	10	0.909091
35664	35786	10	0.909091
35664	35601	10	0.909091
35669	35714	1	0.001949
35669	35849	1	0.001949
35669	35725	1	0.001949
35669	35727	1	0.001949
35669	35857	1	0.001949
35669	35476	1	0.001949
35669	35608	1	0.001949
35669	35867	1	0.001949
35669	35612	1	0.001949
35669	35743	1	0.001949
35669	35620	1	0.001949
35669	35750	1	0.001949
35669	35676	1	0.001949
35669	35881	1	0.001949
35669	36039	1	0.001949
35669	35996	1	0.001949
35669	35766	1	0.001949
35669	36041	1	0.001949
35669	35769	1	0.001949
35669	35900	1	0.001949
35669	35398	2	0.003899
35669	35527	1	0.001949
35669	35401	1	0.001949
35669	35767	1	0.001949
35669	35790	1	0.001949
35669	36047	27	0.052632
35669	35537	1	0.001949
35669	35795	1	0.001949
35669	35897	1	0.001949
35669	35417	1	0.001949
35669	35548	96	0.187135
35669	35806	1	0.001949
35669	35809	1	0.001949
35669	35939	1	0.001949
35669	35622	1	0.001949
35669	35558	1	0.001949
35669	35561	1	0.001949
35669	35947	1	0.001949
35669	35950	22	0.042885
35669	35698	1	0.001949
35669	35555	1	0.001949
35669	35575	1	0.001949
35669	35838	1	0.001949
35671	35608	1	0.018868
35671	35593	1	0.018868
35671	35765	1	0.018868
35672	35824	1	0.043478
35672	35725	1	0.043478
35672	35398	1	0.043478
35676	35828	1	0.041667
35677	35772	1	0.001477
35677	35725	1	0.001477
35680	36003	119	0.991667
35681	35714	1	0.047619
35681	35747	1	0.047619
35681	35978	1	0.047619
35681	35739	1	0.047619
35681	35565	1	0.047619
35681	35536	2	0.095238
35681	35922	1	0.047619
35681	35867	1	0.047619
35681	35669	9	0.428571
35681	35831	1	0.047619
35681	35608	1	0.047619
35681	35514	2	0.095238
35681	35771	2	0.095238
35681	35644	1	0.047619
35681	35901	1	0.047619
35683	35432	3	0.003261
35685	35944	2	0.125000
35685	35897	1	0.062500
35685	35390	1	0.062500
35685	36047	2	0.125000
35687	35842	4	0.017316
35687	35850	2	0.008658
35687	35872	4	0.017316
35687	35879	4	0.017316
35687	35378	1	0.004329
35687	35379	8	0.034632
35687	35897	26	0.112554
35687	35899	5	0.021645
35687	35900	31	0.134199
35687	35389	6	0.025974
35687	35902	10	0.043290
35687	35392	6	0.025974
35687	35907	4	0.017316
35687	35909	5	0.021645
35687	35398	2	0.008658
35687	35399	12	0.051948
35687	35402	4	0.017316
35687	35408	14	0.060606
35687	35925	4	0.017316
35687	35927	4	0.017316
35687	35933	18	0.077922
35687	35423	2	0.008658
35687	35424	4	0.017316
35687	35427	4	0.017316
35687	35940	13	0.056277
35687	35942	5	0.021645
35687	35944	2	0.008658
35687	35435	17	0.073593
35687	35437	4	0.017316
35687	35950	22	0.095238
35687	35440	8	0.034632
35687	35962	2	0.008658
35687	35451	14	0.060606
35687	35452	5	0.021645
35687	35455	4	0.017316
35687	35969	8	0.034632
35687	35970	4	0.017316
35687	35972	7	0.030303
35687	35974	5	0.021645
35687	35977	9	0.038961
35687	35468	8	0.034632
35687	35981	5	0.021645
35687	35471	21	0.090909
35687	35989	8	0.034632
35687	35991	4	0.017316
35687	35992	8	0.034632
35687	35486	9	0.038961
35687	36003	20	0.086580
35687	35501	8	0.034632
35687	35508	2097	9.077922
35687	35509	4	0.017316
35687	36034	9	0.038961
35687	35523	5	0.021645
35687	36038	5	0.021645
35687	35533	4	0.017316
35687	36047	74	0.320346
35687	35536	2	0.008658
35687	35539	4	0.017316
35687	35540	2	0.008658
35687	35545	14	0.060606
35687	35548	4	0.017316
35687	36061	12	0.051948
35687	35564	3	0.012987
35687	35569	2	0.008658
35687	35581	2	0.008658
35687	35589	6	0.025974
35687	35593	17	0.073593
35687	35595	2	0.008658
35687	35601	6	0.025974
35687	35608	20	0.086580
35687	35615	5	0.021645
35687	35618	4	0.017316
35687	35622	6	0.025974
35687	35626	13	0.056277
35687	35628	2	0.008658
35687	35632	42	0.181818
35687	35635	10	0.043290
35687	35637	5	0.021645
35687	35648	5	0.021645
35687	35651	18	0.077922
35687	35655	4	0.017316
35687	35980	96	0.415584
35687	35660	4	0.017316
35687	35669	2	0.008658
35687	35672	4	0.017316
35687	35695	4	0.017316
35687	35702	4	0.017316
35687	35477	11	0.047619
35687	35713	4	0.017316
35687	35716	5	0.021645
35687	35720	4	0.017316
35687	35722	13	0.056277
35687	35725	2	0.008658
35687	35758	4	0.017316
35687	35760	21	0.090909
35687	35765	4	0.017316
35687	35767	4	0.017316
35687	35770	4	0.017316
35687	35772	4	0.017316
35687	35773	3	0.012987
35687	35775	8	0.034632
35687	35777	5	0.021645
35687	35781	17	0.073593
35687	35802	8	0.034632
35687	35817	4	0.017316
35687	35822	6	0.025974
35687	35824	2	0.008658
35687	35826	4	0.017316
35687	35837	9	0.038961
35693	35401	3	0.750000
35693	35603	3	0.750000
35693	35548	3	0.750000
35693	36047	6	1.500000
35694	35716	1	0.027778
35694	35850	1	0.027778
35694	35408	72	2.000000
35694	35569	1	0.027778
35694	36018	1	0.027778
35694	35477	3	0.083333
35694	35615	1	0.027778
35695	35569	140	7.000000
35695	35900	5	0.250000
35695	35725	1	0.050000
35695	35767	2	0.100000
35696	35824	1	0.076923
35698	35536	10	0.012330
35698	35651	11	0.013564
35698	35398	1	0.001233
35698	35847	3	0.003699
35698	35850	2	0.002466
35698	35837	11	0.013564
35698	35725	1	0.001233
35698	35950	20	0.024661
35698	35709	23	0.028360
35698	35408	4	0.004932
35698	35569	1	0.001233
35698	35581	2	0.002466
35698	36003	1	0.001233
35698	35671	4	0.004932
35698	35900	1	0.001233
35698	35722	2	0.002466
35700	35618	1	0.005155
35700	36039	1	0.005155
35700	35628	1	0.005155
35700	35725	1	0.005155
35700	35669	1	0.005155
35700	35608	2	0.010309
35703	35648	2	0.010526
35703	35950	2	0.010526
35704	35398	2	0.016529
35704	35628	1	0.008264
35704	35725	1	0.008264
35704	35669	2	0.016529
35704	35962	1	0.008264
35704	35772	120	0.991736
35704	35581	2	0.016529
35705	36003	2	0.285714
35705	35783	2	0.285714
35706	35900	1	0.003559
35706	35476	1	0.003559
35706	35775	2	0.007117
35707	35559	70	2.000000
35708	36003	35	1.000000
35708	35850	7	0.200000
35708	35651	7	0.200000
35708	35669	7	0.200000
35709	35970	1	0.012658
35709	36047	2	0.025316
35710	35795	2	0.250000
35710	35469	1	0.125000
35710	35950	2	0.250000
35712	35772	2	0.040000
35713	36047	4	0.148148
35714	35552	170	1.382114
35714	35922	86	0.699187
35716	36047	12	0.196721
35718	35408	1	0.013514
35718	35569	1	0.013514
35718	35477	1	0.013514
35718	36047	4	0.054054
35720	35536	1	0.043478
35720	35564	1	0.043478
35722	36047	2	0.029412
35722	35781	1	0.014706
35722	35950	80	1.176471
35722	35399	1	0.014706
35724	36047	28	0.933333
35724	35508	56	1.866667
35724	35477	56	1.866667
35724	35399	56	1.866667
35725	35408	1	0.001072
35725	35651	47	0.050375
35725	35398	36	0.038585
35725	35687	1	0.001072
35725	35527	2	0.002144
35725	35399	1	0.001072
35725	35532	2	0.002144
35725	35501	13	0.013934
35725	35790	2	0.002144
35725	36047	2	0.002144
35725	35536	1	0.001072
35725	35569	31	0.033226
35725	35890	13	0.013934
35725	35732	7	0.007503
35725	35669	94	0.100750
35725	35767	1	0.001072
35725	35608	1	0.001072
35725	35962	3	0.003215
35725	35548	4595	4.924973
35725	35386	13	0.013934
35725	35981	1	0.001072
35726	35616	1	0.027027
35726	35907	1	0.027027
35726	35716	1	0.027027
35726	35687	1	0.027027
35726	35985	1	0.027027
35726	35882	2	0.054054
35726	35837	2	0.054054
35726	35950	1	0.027027
35726	36047	4	0.108108
35726	35408	75	2.027027
35726	35569	2	0.054054
35726	35634	1	0.027027
35726	35477	3	0.081081
35726	35735	2	0.054054
35726	35581	1	0.027027
35726	35669	1	0.027027
35727	35939	1	0.000282
35727	35850	2	0.000565
35727	35535	1	0.000282
35727	35536	3	0.000847
35727	35475	1	0.000282
35727	35638	2130	0.601695
35727	35651	1	0.000282
35727	35899	2	0.000565
35727	35900	2	0.000565
35727	35775	2	0.000565
35728	35512	1	0.030303
35728	35893	1	0.030303
35729	35840	1	0.011236
35729	35716	1	0.011236
35730	36003	61	1.000000
35731	35648	2	0.000654
35731	35408	1	0.000327
35731	36003	2	0.000654
35731	35398	2	0.000654
35731	35750	1	0.000327
35731	35847	2973	0.971569
35731	35806	2	0.000654
35731	35548	1	0.000327
35731	35725	1	0.000327
35731	35501	6	0.001961
35731	35950	1	0.000327
35731	36047	4	0.001307
35731	35536	1	0.000327
35731	35569	8	0.002614
35731	35589	2	0.000654
35731	35669	9	0.002941
35731	35767	9	0.002941
35731	35944	1	0.000327
35731	35772	5	0.001634
35731	35390	4	0.001307
35731	35893	17	0.005556
35732	35651	2	0.047619
35732	35940	1	0.023810
35732	35981	1	0.023810
35732	35942	1	0.023810
35734	35546	1	0.050000
35734	35651	2	0.100000
35735	35944	1	0.011765
35735	35962	1	0.011765
35735	35669	1	0.011765
35735	35581	1	0.011765
35736	35716	1	0.010417
35737	35850	1	0.000749
35737	35772	8	0.005993
35737	35767	1	0.000749
35738	35944	1	0.002564
35738	35731	1	0.002564
35738	35484	6	0.015385
35738	35847	4	0.010256
35739	35772	1	0.001984
35743	35536	1	0.018182
35743	35479	1	0.018182
35747	35897	3	0.002490
35747	35508	1	0.000830
35747	35484	2	0.001660
35747	35900	9	0.007469
35748	35762	238	6.800000
35749	35569	1	0.006135
35749	35962	1	0.006135
35749	35725	1	0.006135
35750	35461	18	0.028037
35750	35726	1	0.001558
35750	35709	2	0.003115
35750	35982	1	0.001558
35750	35474	1	0.001558
35750	35475	1	0.001558
35750	35732	5	0.007788
35750	35605	2	0.003115
35750	35864	1	0.001558
35750	35484	6	0.009346
35750	36003	3	0.004673
35750	36025	1	0.001558
35750	35772	1	0.001558
35750	35781	2	0.003115
35750	35785	1	0.001558
35750	36047	1	0.001558
35750	36053	1	0.001558
35750	35802	74	0.115265
35750	35803	1	0.001558
35750	35962	10	0.015576
35750	35941	2	0.003115
35750	36028	1	0.001558
35750	35900	6	0.009346
35750	35569	5	0.007788
35750	35574	1	0.001558
35750	35834	1	0.001558
35750	35835	1	0.001558
35750	35837	1	0.001558
35750	35669	2	0.003115
35756	35900	1	0.040000
35756	35423	1	0.040000
35758	35837	264	1.019305
35759	35569	6	0.014742
35759	35581	6	0.014742
35760	35536	1	0.000538
35760	35651	23	0.012366
35760	35716	9	0.004839
35760	35781	1	0.000538
35760	35750	1	0.000538
35760	35687	3	0.001613
35760	35772	1	0.000538
35760	35399	2	0.001075
35760	35847	2	0.001075
35760	35471	3	0.001613
35760	35950	558	0.300000
35760	36047	6	0.003226
35760	35632	1	0.000538
35760	35727	1	0.000538
35760	35508	4	0.002151
35760	35477	4	0.002151
35760	35703	1	0.000538
35760	35899	1	0.000538
35760	35900	6	0.003226
35760	36039	1	0.000538
35761	35777	3	0.011811
35761	36034	455	1.791339
35761	35850	5	0.019685
35761	35573	2	0.007874
35765	35608	2	0.015504
35765	35569	1	0.007752
35765	35772	32	0.248062
35765	35950	1	0.007752
35765	35974	1	0.007752
35767	35969	1	0.000247
35767	35847	2	0.000493
35767	35850	1	0.000247
35767	35725	9	0.002219
35767	35731	1	0.000247
35767	35608	11	0.002712
35767	35737	2	0.000493
35767	35738	1	0.000247
35767	35613	4	0.000986
35767	35998	3	0.000740
35767	36003	1	0.000247
35767	35628	2	0.000493
35767	36047	2	0.000493
35767	36016	1	0.000247
35767	35635	2	0.000493
35767	35897	11	0.002712
35767	35514	2	0.000493
35767	35772	55	0.013560
35767	35777	1	0.000247
35767	35651	2	0.000493
35767	35398	4	0.000986
35767	35399	2	0.000493
35767	35532	1	0.000247
35767	35469	2	0.000493
35767	35536	1	0.000247
35767	35669	8	0.001972
35767	35802	1	0.000247
35767	35407	1	0.000247
35767	35548	12	0.002959
35767	35408	1	0.000247
35767	35940	8	0.001972
35767	35942	1	0.000247
35767	35686	3	0.000740
35767	35944	1	0.000247
35767	35900	1	0.000247
35767	35435	4	0.000986
35767	35950	26	0.006410
35767	35837	1	0.000247
35767	35569	7	0.001726
35767	35475	1	0.000247
35767	35702	2	0.000493
35767	35962	1	0.000247
35767	35581	1	0.000247
35768	35904	1	0.012048
35769	35587	467	1.913934
35769	36009	2	0.008197
35769	35628	475	1.946721
35769	35408	3	0.012295
35769	35897	1	0.004098
35769	36026	1415	5.799180
35769	35837	1	0.004098
35771	35514	104	1.000000
35771	35900	4	0.038462
35772	35969	2	0.001455
35772	35589	1	0.000727
35772	35974	1215	0.883636
35772	35847	2	0.001455
35772	35721	1	0.000727
35772	35850	3	0.002182
35772	35725	12	0.008727
35772	35474	4	0.002909
35772	35441	1	0.000727
35772	35608	4	0.002909
35772	35997	1	0.000727
35772	35486	2420	1.760000
35772	35615	4	0.002909
35772	35488	1	0.000727
35772	35618	3	0.002182
35772	36003	5	0.003636
35772	36007	2	0.001455
35772	35628	4	0.002909
35772	35630	1	0.000727
35772	35632	2	0.001455
35772	35890	1	0.000727
35772	35508	10	0.007273
35772	35765	1	0.000727
35772	35767	4	0.002909
35772	35897	4	0.002909
35772	35807	1	0.000727
35772	35900	19	0.013818
35772	35651	5	0.003636
35772	35398	12	0.008727
35772	35527	1	0.000727
35772	36047	1212	0.881455
35772	35922	1	0.000727
35772	35981	1	0.000727
35772	35669	4	0.002909
35772	35799	1	0.000727
35772	35535	1	0.000727
35772	35550	1	0.000727
35772	35423	1	0.000727
35772	35469	1	0.000727
35772	35944	5	0.003636
35772	35817	1	0.000727
35772	35879	1	0.000727
35772	35950	1227	0.892364
35772	35823	1	0.000727
35772	35824	1	0.000727
35772	35569	1252	0.910545
35772	35700	1	0.000727
35772	35636	1	0.000727
35772	35960	1	0.000727
35772	35962	2	0.001455
35772	35452	1210	0.880000
35772	35581	4	0.002909
35773	35777	1	0.013158
35774	35536	10	0.015083
35774	35651	6	0.009050
35774	35398	1	0.001508
35774	35847	3	0.004525
35774	35850	2	0.003017
35774	35837	11	0.016591
35774	35725	1	0.001508
35774	35722	2	0.003017
35774	35581	2	0.003017
35774	35408	5	0.007541
35774	35569	1	0.001508
35774	35698	56	0.084465
35774	36003	1	0.001508
35774	35950	20	0.030166
35774	35671	5	0.007541
35774	35900	1	0.001508
35774	35709	22	0.033183
35775	35840	1	0.011765
35775	35461	1	0.011765
35775	35718	1	0.011765
35775	35847	2	0.023529
35775	35848	1	0.011765
35775	35863	1	0.011765
35775	35469	1	0.011765
35775	35982	1	0.011765
35775	35599	1	0.011765
35775	35605	1	0.011765
35775	35478	1	0.011765
35775	35479	1	0.011765
35775	35736	1	0.011765
35775	35867	1	0.011765
35775	35870	1	0.011765
35775	35999	1	0.011765
35775	36001	1	0.011765
35775	35874	1	0.011765
35775	35803	1	0.011765
35775	35621	1	0.011765
35775	35855	1	0.011765
35775	35725	1	0.011765
35775	36013	1	0.011765
35775	36016	1	0.011765
35775	35762	1	0.011765
35775	35380	1	0.011765
35775	35894	1	0.011765
35775	36023	1	0.011765
35775	35636	1	0.011765
35775	35514	1	0.011765
35775	35647	1	0.011765
35775	35396	1	0.011765
35775	35694	1	0.011765
35775	35398	1	0.011765
35775	36039	1	0.011765
35775	35785	1	0.011765
35775	35639	1	0.011765
35775	36044	1	0.011765
35775	36045	1	0.011765
35775	35791	1	0.011765
35775	35794	1	0.011765
35775	36053	1	0.011765
35775	35416	1	0.011765
35775	35417	1	0.011765
35775	36047	3	0.035294
35775	35806	1	0.011765
35775	35939	1	0.011765
35775	35816	1	0.011765
35775	35922	1	0.011765
35775	35950	3	0.035294
35775	35952	1	0.011765
35775	35570	1	0.011765
35775	35444	1	0.011765
35775	35966	1	0.011765
35775	35574	1	0.011765
35775	35706	1	0.011765
35775	35504	1	0.011765
35775	35454	1	0.011765
35777	35924	1	0.006803
35777	35469	1	0.006803
35777	36038	1	0.006803
35777	35847	1	0.006803
35777	36039	1	0.006803
35777	35564	1	0.006803
35777	35693	1	0.006803
35777	35727	1	0.006803
35777	35536	1	0.006803
35777	35922	2	0.013605
35777	35444	1	0.006803
35777	35416	1	0.006803
35777	35897	23	0.156463
35777	35514	1	0.006803
35778	36003	34	1.000000
35779	35581	1	0.014085
35781	35536	3	0.021898
35781	36038	2	0.014599
35781	35950	7	0.051095
35782	36024	6	0.014184
35782	35474	15	0.035461
35782	36003	429	1.014184
35783	35398	1	0.004425
35783	35944	1	0.004425
35783	35725	1	0.004425
35783	35569	1	0.004425
35783	35705	3	0.013274
35783	35900	1	0.004425
35783	35581	1	0.004425
35784	35408	84	2.000000
35784	35548	1	0.023810
35784	35716	2	0.047619
35784	35477	3	0.071429
35784	36047	2	0.047619
35785	35408	47	0.979167
35785	35569	1	0.020833
35785	35970	2	0.041667
35785	35772	1	0.020833
35785	36047	4	0.083333
35786	35664	9	0.900000
35786	35601	10	1.000000
35790	35833	7	0.098592
35791	35569	2	0.022989
35791	35907	1	0.011494
35791	35716	2	0.022989
35792	35618	1	0.028571
35793	35408	2	0.027778
35793	35407	42	0.583333
35794	35777	18	0.264706
35794	35716	2	0.029412
35794	35622	18	0.264706
35794	35628	1	0.014706
35794	36041	2	0.029412
35794	35564	18	0.264706
35794	35408	137	2.014706
35794	35441	18	0.264706
35794	35635	1	0.014706
35794	35477	3	0.044118
35794	35798	1	0.014706
35794	35536	18	0.264706
35796	35474	3	0.007212
35796	36003	415	0.997596
35798	36041	2	0.002304
35798	35669	2	0.002304
35799	35781	1	0.009804
35800	35423	14	1.000000
35800	36039	913	65.214286
35801	35772	1	0.001267
35802	35536	3	0.001792
35802	35651	3	0.001792
35802	36038	5	0.002987
35802	35847	40	0.023895
35802	35944	4	0.002389
35802	35850	2	0.001195
35802	35533	2	0.001195
35802	35950	1	0.000597
35802	35695	1	0.000597
35802	35408	1	0.000597
35802	35523	1	0.000597
35802	36024	1	0.000597
35802	35962	7	0.004182
35802	35727	1	0.000597
35802	35423	6	0.003584
35803	35760	2	0.022472
35803	35970	8	0.089888
35803	35593	1	0.011236
35803	36047	6	0.067416
35803	35408	3	0.033708
35803	35569	1	0.011236
35803	35572	1	0.011236
35806	35897	1	0.002632
35806	35697	1	0.002632
35806	35687	2	0.005263
35807	35536	4	0.078431
35809	35900	2	0.076923
35813	36003	102	1.000000
35816	35408	1	0.024390
35817	35824	5	0.200000
35817	35423	1	0.040000
35819	35581	1	0.111111
35822	35747	1	0.028571
35822	35878	1	0.028571
35822	35847	1	0.028571
35822	35944	1	0.028571
35822	36041	1	0.028571
35822	35725	1	0.028571
35822	35950	27	0.771429
35822	35601	1	0.028571
35822	35939	1	0.028571
35822	35897	1	0.028571
35822	35569	1	0.028571
35822	35775	1	0.028571
35824	35618	3	0.004208
35824	35651	4	0.005610
35824	35452	4	0.005610
35824	35398	2	0.002805
35824	36047	2	0.002805
35825	36003	346	0.306738
35828	36003	57	1.000000
35828	35676	2	0.035088
35831	35514	6	0.028986
35834	35408	32	0.969697
35834	35569	1	0.030303
35834	35772	1	0.030303
35834	35732	3	0.090909
35835	35408	60	1.935484
35835	35772	1	0.032258
35835	35950	1	0.032258
35835	36047	31	1.000000
35837	35777	1	0.007407
35837	35781	2	0.014815
35837	35398	2	0.014815
35837	35847	6	0.044444
35837	35402	1	0.007407
35837	35435	1	0.007407
35837	35564	1	0.007407
35837	35533	1	0.007407
35837	35950	5	0.037037
35837	35408	2	0.014815
35837	35767	6	0.044444
35837	35672	1	0.007407
35837	35900	1	0.007407
35838	35651	1	0.003953
35839	35569	2	0.222222
35839	35581	4	0.444444
35840	35408	60	1.935484
35840	35548	1	0.032258
35840	35477	3	0.096774
35841	35772	1	0.001653
35841	35572	135	0.223140
35841	35861	135	0.223140
35841	35628	1	0.001653
35841	35581	1	0.001653
35843	35632	58	1.318182
35843	35897	44	1.000000
35843	35626	44	1.000000
35843	35540	44	1.000000
35843	35589	44	1.000000
35844	35944	1	0.011494
35844	35962	1	0.011494
35844	35628	1	0.011494
35844	35581	1	0.011494
35844	35725	1	0.011494
35845	35772	13	0.006182
35845	35390	18	0.008559
35846	35589	15	1.000000
35846	35626	15	1.000000
35846	35389	4	0.266667
35846	35632	64	4.266667
35846	35540	11	0.733333
35846	35897	15	1.000000
35846	35451	4	0.266667
35846	35402	4	0.266667
35847	35893	33	2.200000
35848	35412	1	0.011628
35848	35569	1	0.011628
35848	35716	2	0.023256
35848	35907	1	0.011628
35848	35548	1	0.011628
35849	35982	1	0.200000
35850	35592	1	0.000773
35850	35727	2	0.001546
35850	35737	3	0.002318
35850	36000	2	0.001546
35850	35618	2	0.001546
35850	35493	3	0.002318
35850	35879	1	0.000773
35850	35496	2	0.001546
35850	35628	2	0.001546
35850	36018	2	0.001546
35850	35764	2	0.001546
35850	35391	3	0.002318
35850	35651	5	0.003864
35850	35398	15	0.011592
35850	35536	1	0.000773
35850	35669	1	0.000773
35850	35423	1	0.000773
35850	35939	1	0.000773
35850	35557	2	0.001546
35850	35944	1	0.000773
35850	35824	1	0.000773
35850	35698	2	0.001546
35850	35962	4	0.003091
35850	35581	2	0.001546
35851	35837	3	0.032258
35851	35950	2	0.021505
35851	35727	10	0.107527
35852	35904	32	0.172973
35853	35897	75	1.000000
35853	35626	75	1.000000
35853	35540	75	1.000000
35853	35589	75	1.000000
35853	35950	74	0.986667
35855	35809	2	0.040816
35855	35760	2	0.040816
35855	35716	2	0.040816
35855	35850	1	0.020408
35855	35564	1	0.020408
35855	35950	6	0.122449
35855	35408	100	2.040816
35855	35477	3	0.061224
35855	35802	1	0.020408
35855	35548	1	0.020408
35855	35722	1	0.020408
35857	36016	1	1.000000
35857	35824	1	1.000000
35857	35415	1	1.000000
35859	35569	1	0.142857
35859	35628	1	0.142857
35859	35398	1	0.142857
35861	36003	1	0.004219
35861	35399	2	0.008439
35861	35628	1	0.004219
35861	35725	1	0.004219
35861	35765	2	0.008439
35861	35772	18	0.075949
35861	35581	1	0.004219
35862	35907	1	0.017857
35862	35716	3	0.053571
35862	35593	1	0.017857
35862	35850	1	0.017857
35862	35819	2	0.035714
35862	35950	2	0.035714
35862	36047	1	0.017857
35862	35408	112	2.000000
35862	35477	4	0.071429
35862	35607	2	0.035714
35862	35535	2	0.035714
35862	35548	1	0.017857
35862	35837	1	0.017857
35862	35615	1	0.017857
35863	35745	1	0.022727
35863	35716	2	0.045455
35863	35777	1	0.022727
35863	36047	1	0.022727
35863	35408	88	2.000000
35863	35477	3	0.068182
35863	35547	1	0.022727
35863	35548	1	0.022727
35864	35569	720	5.255474
35864	35407	6	0.043796
35864	35548	137	1.000000
35864	36038	4	0.029197
35864	35767	3	0.021898
35865	35841	3	0.115385
35865	35429	2	0.076923
35865	35856	2	0.076923
35865	35667	2	0.076923
35865	35572	3	0.115385
35865	35798	2	0.076923
35865	35803	11	0.423077
35867	35408	3	0.016854
35867	35922	16	0.089888
35867	35747	1	0.005618
35867	35962	1	0.005618
35867	35714	1	0.005618
35868	35648	2	0.002235
35868	35681	1	0.001117
35868	36003	2	0.002235
35868	35399	1	0.001117
35868	35564	1	0.001117
35868	35885	34	0.037989
35868	35536	2	0.002235
35868	35922	22	0.024581
35868	35732	2	0.002235
35868	35867	1	0.001117
35869	35960	4	0.045455
35869	35861	2	0.022727
35870	35408	1	0.011905
35870	35569	1	0.011905
35870	35477	3	0.035714
35872	35950	2	0.666667
35872	36047	2	0.666667
35874	35760	2	0.044444
35874	35970	4	0.088889
35874	35716	2	0.044444
35874	35842	1	0.022222
35874	35408	88	1.955556
35874	35477	4	0.088889
35874	35548	1	0.022222
35875	36003	27	0.964286
35877	35849	237	0.991632
35877	36003	237	0.991632
35878	35944	1	0.000872
35878	35423	1	0.000872
35878	35732	2	0.001744
35878	35639	535	0.466434
35879	35618	10	0.013459
35879	35524	1	0.001346
35879	35398	8	0.010767
35879	35721	2	0.002692
35879	35772	6	0.008075
35879	35628	12	0.016151
35879	35725	6	0.008075
35879	35502	1	0.001346
35879	35442	1	0.001346
35879	35548	2	0.002692
35879	35581	10	0.013459
35880	35519	3	0.078947
35881	35651	1	0.003344
35881	35942	1	0.003344
35881	35944	1	0.003344
35881	35403	1	0.003344
35881	35628	1	0.003344
35881	35897	1	0.003344
35882	35616	1	0.050000
35885	35648	3	0.002396
35885	35681	1	0.000799
35885	36003	2	0.001597
35885	35399	1	0.000799
35885	35564	2	0.001597
35885	35536	3	0.002396
35885	35922	30	0.023962
35885	35732	3	0.002396
35885	35867	1	0.000799
35885	35868	516	0.412141
35886	35661	1	0.111111
35887	35584	2	0.012821
35887	35408	1	0.006410
35887	35474	2	0.012821
35888	35651	3	0.034483
35888	35879	2	0.022989
35888	35912	1	0.011494
35888	35580	2	0.022989
35888	35408	2	0.022989
35888	35900	8	0.091954
35889	35950	6	1.000000
35889	35767	6	1.000000
35892	35632	8	4.000000
35892	35402	4	2.000000
35892	35626	2	1.000000
35892	35389	2	1.000000
35893	35970	6	0.006257
35893	35716	131	0.136601
35893	35847	5365	5.594369
35893	35722	5	0.005214
35893	35467	3	0.003128
35893	35468	1	0.001043
35893	35471	1	0.001043
35893	35731	10	0.010428
35893	35477	3	0.003128
35893	35608	122	0.127216
35893	35760	1	0.001043
35893	35383	8	0.008342
35893	35897	156	0.162669
35893	35900	1	0.001043
35893	35651	4	0.004171
35893	35399	2	0.002086
35893	35660	1	0.001043
35893	36047	180	0.187696
35893	35408	1	0.001043
35893	35922	1	0.001043
35893	35983	1	0.001043
35893	35548	3	0.003128
35893	35944	3	0.003128
35893	35772	4	0.004171
35893	35950	129	0.134515
35893	35569	2	0.002086
35893	35962	1	0.001043
35893	35452	1	0.001043
35893	35837	2	0.002086
35895	36003	9	0.075000
35895	35563	119	0.991667
35895	35950	119	0.991667
35895	35477	9	0.075000
35895	35575	119	0.991667
35895	35897	119	0.991667
35897	35593	3	0.001048
35897	35468	1	0.000349
35897	35726	1	0.000349
35897	35727	1	0.000349
35897	35985	1	0.000349
35897	35779	1	0.000349
35897	35475	1	0.000349
35897	35867	1	0.000349
35897	35909	1	0.000349
35897	35760	1	0.000349
35897	35747	1	0.000349
35897	35621	1	0.000349
35897	35878	2	0.000699
35897	35626	2226	0.777778
35897	35755	1	0.000349
35897	35504	1	0.000349
35897	35637	1	0.000349
35897	35767	11	0.003843
35897	35408	1	0.000349
35897	35899	1	0.000349
35897	35900	15	0.005241
35897	35775	1	0.000349
35897	36034	3	0.001048
35897	35651	12	0.004193
35897	35525	1	0.000349
35897	36039	1	0.000349
35897	36041	1	0.000349
35897	35662	1	0.000349
35897	35535	1	0.000349
35897	35536	3	0.001048
35897	36050	2	0.000699
35897	35470	1	0.000349
35897	35802	5	0.001747
35897	35548	4	0.001398
35897	35809	1	0.000349
35897	35939	1	0.000349
35897	35431	2	0.000699
35897	35772	2	0.000699
35897	35947	1	0.000349
35897	35564	1	0.000349
35897	35950	4	0.001398
35897	35698	2	0.000699
35897	35603	1	0.000349
35897	35451	1	0.000349
35897	35837	2	0.000699
35897	35669	1	0.000349
35899	35593	1	0.014085
35899	35847	1	0.014085
35899	35703	1	0.014085
35900	35648	3	0.004249
35900	35847	1	0.001416
35900	35592	2	0.002833
35900	35850	1	0.001416
35900	35468	1	0.001416
35900	35725	2	0.002833
35900	35471	1	0.001416
35900	35651	9	0.012748
35900	35802	3	0.004249
35900	35743	2	0.002833
35900	35632	13	0.018414
35900	35618	1	0.001416
35900	35878	2	0.002833
35900	35879	1	0.001416
35900	35628	1	0.001416
35900	35888	2	0.002833
35900	35401	2	0.002833
35900	35897	3	0.004249
35900	35771	2	0.002833
35900	35389	3	0.004249
35900	35904	2	0.002833
35900	36035	2	0.002833
35900	35398	1	0.001416
35900	36039	2	0.002833
35900	36041	3	0.004249
35900	35767	1	0.001416
35900	36047	2	0.002833
35900	35536	1	0.001416
35900	35939	1	0.001416
35900	35669	1	0.001416
35900	35769	2	0.002833
35900	35417	2	0.002833
35900	35546	2	0.002833
35900	35407	1	0.001416
35900	35676	2	0.002833
35900	35933	1	0.001416
35900	35408	1	0.001416
35900	35555	2	0.002833
35900	35750	2	0.002833
35900	35944	1	0.001416
35900	35435	2	0.002833
35900	35950	26	0.036827
35900	35695	1	0.001416
35900	35569	1	0.001416
35900	35698	2	0.002833
35900	35962	1	0.001416
35900	35581	1	0.001416
35900	35838	2	0.002833
35901	35681	2	0.001190
35901	36041	2	0.001190
35901	35644	80	0.047591
35901	35950	2	0.001190
35901	36047	2	0.001190
35901	35408	4	0.002380
35901	35569	2	0.001190
35901	35922	2	0.001190
35901	35477	2	0.001190
35901	35689	4	0.002380
35901	35802	2	0.001190
35901	35867	7	0.004164
35901	35900	2	0.001190
35902	35950	2	0.018018
35902	36047	1	0.009009
35904	35618	2	0.009804
35904	35847	2	0.009804
35904	35852	75	0.367647
35904	35536	4	0.019608
35904	35768	2	0.009804
35904	35613	2	0.009804
35905	35772	1	0.027027
35905	35828	6	0.162162
35906	35581	1	0.058824
35909	35897	43	1.720000
35909	35626	25	1.000000
35909	35950	1	0.040000
35909	35777	1	0.040000
35910	35420	1	0.003322
35910	35581	2	0.006645
35912	35888	134	1.007519
35912	36003	134	1.007519
35914	36003	41	0.976190
35917	35747	37	1.000000
35918	36041	5	0.014124
35918	35514	4	0.011299
35918	35477	8	0.022599
35922	35714	11	0.022133
35922	35716	4	0.008048
35922	35847	1	0.002012
35922	35722	1	0.002012
35922	35970	7	0.014085
35922	35477	3	0.006036
35922	35608	4	0.008048
35922	35993	1	0.002012
35922	35867	13	0.026157
35922	35868	8	0.016097
35922	35747	12	0.024145
35922	35885	3	0.006036
35922	35635	1	0.002012
35922	35508	1	0.002012
35922	35893	1	0.002012
35922	35514	3	0.006036
35922	35901	1	0.002012
35922	35390	1	0.002012
35922	35775	2	0.004024
35922	35777	5	0.010060
35922	35651	2	0.004024
35922	35399	667	1.342052
35922	35532	3	0.006036
35922	35917	1	0.002012
35922	36047	40	0.080483
35922	35536	4	0.008048
35922	35925	2	0.004024
35922	35552	1	0.002012
35922	35681	419	0.843058
35922	35972	1	0.002012
35922	35689	1	0.002012
35922	35950	7	0.014085
35922	35962	1	0.002012
35922	35837	4	0.008048
35922	35605	2	0.004024
35923	35824	1	0.076923
35924	35408	83	1.976190
35924	35970	1	0.023810
35924	35548	1	0.023810
35924	35477	2	0.047619
35924	36047	41	0.976190
35925	35802	1	0.005525
35925	35626	1	0.005525
35925	35950	173	0.955801
35929	36003	49	1.000000
35931	35669	2	0.111111
35933	36047	5	0.147059
35934	35882	206	2.000000
35934	35669	1	0.009709
35935	35772	1	0.021739
35937	35772	529	0.038121
35937	35390	12706	0.915616
35939	36003	5	0.005531
35939	35781	8	0.008850
35939	35398	6	0.006637
35939	35900	1	0.001106
35939	35850	4	0.004425
35939	35950	3	0.003319
35939	35536	2	0.002212
35939	35608	1	0.001106
35939	35651	4	0.004425
35939	35416	12	0.013274
35939	35484	6	0.006637
35939	35722	1	0.001106
35940	35942	2	0.018349
35940	35398	1	0.009174
35940	35944	1	0.009174
35940	35850	1	0.009174
35940	35925	24	0.220183
35940	35767	1	0.009174
35940	35897	1	0.009174
35940	35962	3	0.027523
35940	35772	2	0.018349
35940	35581	1	0.009174
35940	35974	1	0.009174
35941	36064	5	0.017422
35941	35970	3	0.010453
35941	35803	1	0.003484
35941	35533	2	0.006969
35941	35950	3	0.010453
35941	35581	275	0.958188
35941	36053	1	0.003484
35941	35514	1	0.003484
35941	36047	27	0.094077
35941	36028	1	0.003484
35941	35837	3	0.010453
35941	35486	1	0.003484
35942	35452	1	0.006494
35942	35651	1	0.006494
35942	35940	2	0.012987
35942	35399	2	0.012987
35943	36064	65	0.112847
35943	35490	1	0.001736
35943	36003	2	0.003472
35943	35941	21	0.036458
35943	35399	2	0.003472
35943	36039	3	0.005208
35943	35950	5	0.008681
35943	36047	2	0.003472
35943	35435	1	0.001736
35943	35574	1	0.001736
35943	35581	574	0.996528
35944	35618	1	0.000209
35944	35398	1	0.000209
35944	35847	2	0.000418
35944	35628	1	0.000209
35944	35379	2	0.000418
35944	35732	1	0.000209
35944	35669	1	0.000209
35944	35767	1	0.000209
35944	35512	1	0.000209
35944	35772	5	0.001045
35944	35581	1	0.000209
35946	35399	3	0.046154
35946	35847	2	0.030769
35946	35950	1	0.015385
35946	36047	66	1.015385
35946	35408	64	0.984615
35946	35569	1	0.015385
35946	35508	4	0.061538
35946	35766	1	0.015385
35946	35476	2	0.030769
35946	35548	1	0.015385
35946	35837	1	0.015385
35947	35850	1	0.014925
35950	35767	38	0.000704
35951	35833	2	0.333333
35951	35772	2	0.333333
35951	35790	2	0.333333
35952	35970	1	0.029412
35952	35804	2	0.058824
35952	36047	3	0.088235
35954	35963	1	0.002353
35956	35651	5	1.000000
35956	35974	5	1.000000
35956	35772	40	8.000000
35956	35950	15	3.000000
35956	36047	5	1.000000
35956	35569	5	1.000000
35956	36003	5	1.000000
35956	35608	5	1.000000
35956	35897	5	1.000000
35956	35452	5	1.000000
35956	35486	10	2.000000
35957	35772	1	0.001233
35958	35939	1029	1.108836
35958	35781	14	0.015086
35958	35398	6	0.006466
35958	35900	1	0.001078
35958	35850	4	0.004310
35958	35950	3	0.003233
35958	35536	4	0.004310
35958	35608	1	0.001078
35958	36003	8	0.008621
35958	35416	16	0.017241
35958	35651	4	0.004310
35958	35484	6	0.006466
35958	35722	1	0.001078
35959	35772	98	0.624204
35960	35777	31	1.000000
35960	35527	4	0.129032
35960	36039	1	0.032258
35962	35461	3	0.002313
35962	35725	25	0.019275
35962	35608	1	0.000771
35962	35867	3	0.002313
35962	35618	18	0.013878
35962	35747	3	0.002313
35962	35750	3	0.002313
35962	35628	14	0.010794
35962	35885	7	0.005397
35962	35635	4	0.003084
35962	36024	3	0.002313
35962	35641	3	0.002313
35962	35772	4	0.003084
35962	35390	2	0.001542
35962	36034	1	0.000771
35962	35651	1	0.000771
35962	35398	12	0.009252
35962	36047	3	0.002313
35962	35922	3	0.002313
35962	36003	1	0.000771
35962	35669	22	0.016962
35962	35548	12	0.009252
35962	35569	6	0.004626
35962	35581	14	0.010794
35964	35589	25	0.892857
35964	35402	25	0.892857
35964	35837	89	3.178571
35964	35632	38	1.357143
35964	35540	11	0.392857
35964	35897	26	0.928571
35964	35626	25	0.892857
35966	35760	4	0.093023
35966	35970	3	0.069767
35966	35548	1	0.023256
35966	36047	2	0.046512
35969	35649	1	0.000423
35969	35430	1	0.000423
35969	35847	2	0.000847
35969	36017	1	0.000423
35969	35575	1	0.000423
35969	35661	6	0.002540
35969	35408	5	0.002117
35969	35569	7	0.002964
35969	36050	1	0.000423
35969	35862	1	0.000423
35969	35767	3	0.001270
35969	35417	1	0.000423
35969	35546	1	0.000423
35969	35837	1	0.000423
35970	35716	8	0.067227
35970	35900	1	0.008403
35970	35950	103	0.865546
35970	36047	1	0.008403
35970	35632	1	0.008403
35970	35772	1	0.008403
35971	35755	1	0.011765
35971	36044	1	0.011765
35973	35500	7	0.116667
35973	35423	1	0.016667
35974	35940	2	0.090909
35974	35398	1	0.045455
35974	35942	2	0.090909
35974	35847	1	0.045455
35974	35767	2	0.090909
35974	35608	3	0.136364
35974	35900	2	0.090909
35976	35969	2	0.004695
35976	36003	1	0.002347
35976	35398	1	0.002347
35976	35850	3	0.007042
35976	35950	5	0.011737
35976	35731	1	0.002347
35976	35651	1	0.002347
35976	35669	1	0.002347
35976	35767	2	0.004695
35976	35900	4	0.009390
35976	35966	2	0.004695
35977	35651	1	0.027027
35977	35781	1	0.027027
35977	35950	5	0.135135
35978	35772	3	0.021898
35979	36000	2	0.017241
35980	35802	2	0.037736
35980	35523	2	0.037736
35980	35781	2	0.037736
35980	35950	2	0.037736
35981	35424	3	0.300000
35981	35651	1	0.100000
35981	35942	2	0.200000
35981	35725	1	0.100000
35981	35900	1	0.100000
35981	35628	4	0.400000
35981	35501	1	0.100000
35981	35950	10	1.000000
35981	36047	23	2.300000
35981	35732	12	1.200000
35981	35477	1	0.100000
35981	35897	13	1.300000
35981	35772	1	0.100000
35981	35669	1	0.100000
35982	35408	88	2.000000
35982	35548	1	0.022727
35982	35716	2	0.045455
35982	35477	3	0.068182
35982	36047	3	0.068182
35983	35847	40	3.076923
35984	35545	117	6.157895
35984	35471	95	5.000000
35984	35767	19	1.000000
35985	35725	1	0.090909
35985	35581	1	0.090909
35989	35593	2	0.003584
35989	35533	16	0.028674
35990	35408	1	0.021739
35990	36047	2	0.043478
35990	35980	1	0.021739
35990	35813	1	0.021739
35990	35687	46	1.000000
35991	35648	3	0.004115
35991	35847	1	0.001372
35991	35592	3	0.004115
35991	35850	1	0.001372
35991	35468	1	0.001372
35991	35725	2	0.002743
35991	35471	1	0.001372
35991	35651	9	0.012346
35991	35802	3	0.004115
35991	35743	3	0.004115
35991	35632	16	0.021948
35991	35618	1	0.001372
35991	35878	3	0.004115
35991	35879	1	0.001372
35991	35628	1	0.001372
35991	35888	3	0.004115
35991	35401	3	0.004115
35991	35769	3	0.004115
35991	35771	3	0.004115
35991	35900	166	0.227709
35991	35389	3	0.004115
35991	35904	3	0.004115
35991	36035	3	0.004115
35991	35398	1	0.001372
35991	36039	3	0.004115
35991	36041	4	0.005487
35991	35767	1	0.001372
35991	35407	1	0.001372
35991	35536	1	0.001372
35991	35939	1	0.001372
35991	35669	1	0.001372
35991	35897	3	0.004115
35991	35417	3	0.004115
35991	35546	3	0.004115
35991	36047	2	0.002743
35991	35676	3	0.004115
35991	35933	1	0.001372
35991	35408	1	0.001372
35991	35555	3	0.004115
35991	35750	3	0.004115
35991	35944	1	0.001372
35991	35435	2	0.002743
35991	35950	43	0.058985
35991	35695	1	0.001372
35991	35569	1	0.001372
35991	35698	3	0.004115
35991	35962	1	0.001372
35991	35581	1	0.001372
35991	35838	3	0.004115
35995	35716	1	0.029412
35995	35947	1	0.029412
35995	35950	1	0.029412
35995	35408	33	0.970588
35995	35569	1	0.029412
35995	35477	1	0.029412
35995	35772	1	0.029412
35996	36039	2	0.005865
35996	35725	1	0.002933
35996	35408	3	0.008798
35996	35861	1	0.002933
35996	35900	1	0.002933
35996	35669	2	0.005865
35999	35970	2	0.062500
35999	35687	1	0.031250
35999	35660	1	0.031250
35999	35408	1	0.031250
35999	35569	1	0.031250
35999	35635	3	0.093750
35999	35477	2	0.062500
36000	35772	2	0.100000
36001	35772	1	0.020408
36001	35438	2	0.040816
36001	36047	1	0.020408
36001	35408	96	1.959184
36001	35477	2	0.040816
36001	35548	1	0.020408
36003	35847	1	0.000310
36003	35850	11	0.003415
36003	35852	6	0.001863
36003	35861	2	0.000621
36003	35868	6	0.001863
36003	35876	2	0.000621
36003	35877	2	0.000621
36003	35878	5	0.001552
36003	35879	5	0.001552
36003	35885	1	0.000310
36003	35887	5	0.001552
36003	35890	5	0.001552
36003	35379	1	0.000310
36003	35895	5	0.001552
36003	35897	5	0.001552
36003	35900	3	0.000931
36003	35390	1	0.000310
36003	35393	7	0.002173
36003	35907	1	0.000310
36003	35395	5	0.001552
36003	35398	4	0.001242
36003	35399	1	0.000310
36003	35914	7	0.002173
36003	35916	11	0.003415
36003	35917	2	0.000621
36003	35918	5	0.001552
36003	35920	5	0.001552
36003	35415	5	0.001552
36003	35929	7	0.002173
36003	35931	1	0.000310
36003	35420	5	0.001552
36003	35934	7	0.002173
36003	35423	8	0.002484
36003	35424	2	0.000621
36003	35939	2	0.000621
36003	35940	3	0.000931
36003	35942	3	0.000931
36003	35944	11	0.003415
36003	35435	1	0.000310
36003	35950	26	0.008072
36003	35432	7	0.002173
36003	35955	2	0.000621
36003	35962	12	0.003726
36003	35453	353	0.109593
36003	35459	7	0.002173
36003	35460	2	0.000621
36003	35974	2	0.000621
36003	35976	6	0.001863
36003	35468	2	0.000621
36003	35471	1	0.000310
36003	35474	701	0.217634
36003	35477	3	0.000931
36003	35991	2	0.000621
36003	35492	349	0.108351
36003	35498	1	0.000310
36003	35501	2	0.000621
36003	36019	3	0.000931
36003	36020	13	0.004036
36003	36022	9	0.002794
36003	35513	7	0.002173
36003	36026	6	0.001863
36003	35516	5	0.001552
36003	35518	2	0.000621
36003	36031	5	0.001552
36003	35522	5	0.001552
36003	35524	5	0.001552
36003	36039	7	0.002173
36003	35533	2	0.000621
36003	35534	5	0.001552
36003	36047	4	0.001242
36003	35536	1	0.000310
36003	36049	355	0.110214
36003	36056	5	0.001552
36003	35548	2	0.000621
36003	36061	1	0.000310
36003	35552	5	0.001552
36003	35556	10	0.003105
36003	35561	5	0.001552
36003	35562	8	0.002484
36003	35569	2	0.000621
36003	35572	5	0.001552
36003	35573	6	0.001863
36003	35576	353	0.109593
36003	35581	2	0.000621
36003	35582	1	0.000310
36003	35589	1	0.000310
36003	35596	3	0.000931
36003	35972	1	0.000310
36003	35612	5	0.001552
36003	35615	2	0.000621
36003	35617	5	0.001552
36003	35618	4	0.001242
36003	35626	1	0.000310
36003	35628	2	0.000621
36003	35633	6	0.001863
36003	35634	7	0.002173
36003	35637	1	0.000310
36003	35639	1	0.000310
36003	35643	7	0.002173
36003	35648	1	0.000310
36003	35651	5	0.001552
36003	35667	5	0.001552
36003	35669	7	0.002173
36003	35680	12	0.003726
36003	35695	1	0.000310
36003	35696	5	0.001552
36003	35697	5	0.001552
36003	35698	8	0.002484
36003	35699	2	0.000621
36003	35902	1	0.000310
36003	35710	5	0.001552
36003	35989	2	0.000621
36003	35716	2	0.000621
36003	35725	5	0.001552
36003	35731	18	0.005588
36003	35732	1	0.000310
36003	35734	1	0.000310
36003	35735	5	0.001552
36003	35740	5	0.001552
36003	35743	5	0.001552
36003	35750	5	0.001552
36003	35757	5	0.001552
36003	35767	1	0.000310
36003	35772	6	0.001863
36003	35778	4	0.001242
36003	35780	5	0.001552
36003	35781	2	0.000621
36003	35782	9	0.002794
36003	35787	4	0.001242
36003	35443	6	0.001863
36003	35798	5	0.001552
36003	35802	1	0.000310
36003	35824	1	0.000310
36003	35825	7	0.002173
36003	35826	1	0.000310
36003	35828	7	0.002173
36003	35833	5	0.001552
36007	35940	1	0.001718
36007	36009	2	0.003436
36007	35725	5	0.008591
36007	35569	4	0.006873
36007	35474	1	0.001718
36007	35767	11	0.018900
36007	35772	2	0.003436
36008	35424	1	0.001548
36008	36034	1	0.001548
36008	35651	4	0.006192
36008	35845	1	0.001548
36008	35900	4	0.006192
36008	35725	5	0.007740
36008	35569	1	0.001548
36008	35475	2	0.003096
36008	35669	1	0.001548
36008	35767	1	0.001548
36008	35928	1	0.001548
36008	35897	1	0.001548
36008	35962	2	0.003096
36008	35772	589	0.911765
36008	35390	3	0.004644
36008	35637	2	0.003096
36011	35618	1	0.013699
36011	35398	1	0.013699
36011	35628	1	0.013699
36011	35725	1	0.013699
36011	35569	1	0.013699
36011	35861	6	0.082192
36011	35581	1	0.013699
36016	35720	1	0.035714
36016	35857	1	0.035714
36016	35548	1	0.035714
36016	35950	1	0.035714
36016	36047	4	0.142857
36018	35492	4	0.010667
36019	35493	75	0.986842
36019	35767	1	0.013158
36020	36003	416	2.000000
36022	36003	80	0.963855
36023	35907	1	0.026316
36023	35716	1	0.026316
36023	35950	1	0.026316
36023	36047	3	0.078947
36023	35408	79	2.078947
36023	35477	4	0.105263
36023	35615	1	0.026316
36023	35548	1	0.026316
36023	35837	1	0.026316
36023	35423	1	0.026316
36024	35536	3	0.200000
36025	35760	1	0.027778
36025	35970	3	0.083333
36025	35779	1	0.027778
36025	35716	1	0.027778
36025	35525	1	0.027778
36025	35408	72	2.000000
36025	35569	1	0.027778
36025	35477	3	0.083333
36027	35772	8	0.258065
36028	35408	76	1.853659
36028	35409	1	0.024390
36028	35716	1	0.024390
36028	35477	1	0.024390
36028	35548	1	0.024390
36034	35651	12	0.480000
36035	35648	1	0.058824
36035	35398	1	0.058824
36035	35725	1	0.058824
36035	35695	1	0.058824
36035	35536	1	0.058824
36035	35569	1	0.058824
36035	35900	5	0.294118
36035	35581	2	0.117647
36036	35772	2	0.017391
36036	35486	2	0.017391
36038	35648	2	0.008889
36038	35777	3	0.013333
36038	35904	1	0.004444
36038	35593	2	0.008889
36038	35408	1	0.004444
36038	35569	464	2.062222
36038	35944	1	0.004444
36039	35900	1	0.009091
36039	35423	89	0.809091
36040	35618	1	0.008264
36040	36003	1	0.008264
36040	35398	1	0.008264
36040	35944	1	0.008264
36040	35817	2	0.016529
36040	35850	1	0.008264
36040	35628	1	0.008264
36040	35725	1	0.008264
36040	35407	1	0.008264
36040	35569	2	0.016529
36040	35669	1	0.008264
36040	35962	1	0.008264
36040	35581	1	0.008264
36040	35743	1	0.008264
36041	35648	5	0.025773
36041	35398	5	0.025773
36041	35628	2	0.010309
36041	35725	5	0.025773
36041	35695	5	0.025773
36041	35536	5	0.025773
36041	35794	7	0.036082
36041	35798	1	0.005155
36041	35900	20	0.103093
36042	36003	61	1.000000
36044	35569	1	0.013158
36045	35907	1	0.021277
36045	35716	2	0.042553
36045	35850	1	0.021277
36045	35564	1	0.021277
36045	35950	2	0.042553
36045	36047	1	0.021277
36045	35408	86	1.829787
36045	35569	1	0.021277
36045	35477	4	0.085106
36045	35611	3	0.063830
36045	35772	1	0.021277
36045	35615	1	0.021277
36047	35589	1	0.010870
36047	35398	2	0.021739
36047	35725	2	0.021739
36047	35950	44	0.478261
36047	35569	2	0.021739
36047	35669	5	0.054348
36047	35767	1	0.010870
36047	35900	1	0.010870
36049	36003	1	0.066667
36050	36034	1	0.001464
36050	35395	2	0.002928
36050	35398	2	0.002928
36050	35944	2	0.002928
36050	35850	3	0.004392
36050	35694	4	0.005857
36050	35569	2	0.002928
36051	35569	1	0.013158
36051	35970	1	0.013158
36052	35716	2	0.020202
36052	35720	1	0.010101
36052	35548	1	0.010101
36052	35569	1	0.010101
36052	35801	2	0.020202
36052	35780	1	0.010101
36053	35569	1	0.008696
36053	35970	1	0.008696
36053	35651	1	0.008696
36053	35950	1	0.008696
36053	36047	3	0.026087
36056	36003	61	1.000000
36060	35950	3	0.250000
36060	36047	11	0.916667
36064	35490	1	0.001681
36064	36003	2	0.003361
36064	35941	21	0.035294
36064	35399	2	0.003361
36064	36039	3	0.005042
36064	35950	9	0.015126
36064	36047	2	0.003361
36064	35435	1	0.001681
36064	35574	1	0.001681
36064	35581	593	0.996639
