Src	Trg	LinkCount	RelLinkCount
39426	39472	4741	42.711712
39426	39525	108	0.972973
39428	39747	16	0.888889
39428	39273	1	0.055556
39428	39562	16	0.888889
39428	39339	64	3.555556
39428	39570	10	0.555556
39428	39743	16	0.888889
39802	39529	3	0.093750
39433	39681	1	0.004184
39433	39558	1	0.004184
39433	39690	1	0.004184
39433	39563	1	0.004184
39433	39568	2	0.008368
39433	39570	3	0.012552
39433	39294	7	0.029289
39433	39450	3	0.012552
39433	39323	1	0.004184
39433	39453	1	0.004184
39433	39583	2	0.008368
39433	39600	1	0.004184
39433	39590	1	0.004184
39433	39720	1	0.004184
39433	39339	3	0.012552
39433	39342	1	0.004184
39433	39472	1	0.004184
39433	39735	1	0.004184
39433	39356	4	0.016736
39433	39742	1	0.004184
39433	39743	8	0.033473
39433	39435	5	0.020921
39433	39751	2	0.008368
39433	39371	2	0.008368
39433	39631	1	0.004184
39433	39768	2	0.008368
39433	39513	2	0.008368
39433	39778	4	0.016736
39433	39526	3	0.012552
39433	39528	4	0.016736
39433	39283	1	0.004184
39433	39540	2	0.008368
39433	39285	4	0.016736
39433	39414	1	0.004184
39433	39415	1	0.004184
39433	39545	1	0.004184
39433	39805	2	0.008368
39433	39678	6	0.025105
39433	39551	1	0.004184
39434	39314	13	1.000000
39434	39687	14	1.076923
39435	39451	2	0.007634
39435	39273	4	0.015267
39435	39563	8	0.030534
39435	39341	3	0.011450
39435	39758	4	0.015267
39435	39823	3	0.011450
39435	39504	3	0.011450
39435	39639	10	0.038168
39435	39801	3	0.011450
39435	39547	3	0.011450
39315	39768	2	0.009174
39315	39818	2	0.009174
39439	39273	1	0.004348
39439	39831	1	0.004348
39439	39708	1	0.004348
39439	39583	1	0.004348
39440	39553	3	0.009494
39440	39426	16	0.050633
39440	39525	310	0.981013
39440	39472	16337	51.699367
39440	39676	1	0.003165
39440	39728	2	0.006329
39441	39744	12	0.005709
39442	39818	1	0.002160
39442	39435	3	0.006479
39442	39564	2	0.004320
39442	39694	2	0.004320
39442	39697	1	0.002160
39442	39451	134	0.289417
39442	39453	1	0.002160
39442	39326	150	0.323974
39442	39592	463	1.000000
39442	39472	5	0.010799
39442	39742	1	0.002160
39442	39492	6	0.012959
39442	39631	4	0.008639
39442	39516	8	0.017279
39442	39786	14	0.030238
39442	39403	5	0.010799
39442	39278	118	0.254860
39442	39336	4	0.008639
39442	39668	1	0.002160
39442	39669	6	0.012959
39442	39545	3	0.006479
39442	39676	3	0.006479
39442	39294	2	0.004320
39443	39553	4	0.033613
39443	39818	1	0.008403
39443	39442	1	0.008403
39443	39450	3	0.025210
39443	39451	1	0.008403
39443	39710	6	0.050420
39443	39456	1	0.008403
39443	39472	16	0.134454
39443	39594	1	0.008403
39443	39600	2	0.016807
39443	39474	1	0.008403
39443	39668	1	0.008403
39443	39744	3	0.025210
39443	39745	1	0.008403
39443	39492	1	0.008403
39443	39504	3	0.025210
39443	39765	3	0.025210
39443	39766	1	0.008403
39443	39513	1	0.008403
39443	39516	1	0.008403
39443	39525	1	0.008403
39443	39540	1	0.008403
39443	39801	3	0.025210
39443	39547	2	0.016807
39445	39513	65	1.000000
39445	39570	1	0.015385
39445	39515	2	0.030769
39445	39332	1	0.015385
39445	39730	1	0.015385
39447	39751	2	0.057143
39447	39725	2	0.057143
39447	39504	2	0.057143
39447	39762	2	0.057143
39447	39513	2	0.057143
39447	39356	2	0.057143
39450	39299	1	0.010638
39450	39687	2	0.021277
39450	39562	1	0.010638
39450	39308	1	0.010638
39450	39567	1	0.010638
39450	39314	1	0.010638
39450	39831	2	0.021277
39450	39341	1	0.010638
39450	39451	1	0.010638
39450	39533	1	0.010638
39450	39335	1	0.010638
39450	39465	1	0.010638
39450	39339	148	1.574468
39450	39469	1	0.010638
39450	39344	1	0.010638
39450	39473	1	0.010638
39450	39730	5	0.053191
39450	39477	1	0.010638
39450	39355	1	0.010638
39450	39359	1	0.010638
39450	39377	1	0.010638
39450	39510	1	0.010638
39450	39513	1	0.010638
39450	39517	1	0.010638
39450	39273	374	3.978723
39450	39570	191	2.031915
39450	39442	1	0.010638
39450	39284	1	0.010638
39450	39415	1	0.010638
39450	39743	4	0.042553
39451	39681	2	0.004843
39451	39299	1	0.002421
39451	39687	2	0.004843
39451	39304	3	0.007264
39451	39562	3	0.007264
39451	39341	5	0.012107
39451	39313	1	0.002421
39451	39570	383	0.927361
39451	39831	2	0.004843
39451	39450	2	0.004843
39451	39323	1	0.002421
39451	39586	1	0.002421
39451	39715	2	0.004843
39451	39335	1	0.002421
39451	39337	2	0.004843
39451	39339	1	0.002421
39451	39469	7	0.016949
39451	39343	1	0.002421
39451	39472	6	0.014528
39451	39474	1	0.002421
39451	39741	1	0.002421
39451	39488	2	0.004843
39451	39748	4	0.009685
39451	39751	206	0.498789
39451	39768	2	0.004843
39451	39513	3	0.007264
39451	39517	1	0.002421
39451	39402	1	0.002421
39451	39442	1	0.002421
39451	39540	1	0.002421
39451	39415	9	0.021792
39451	39676	21	0.050847
39451	39293	2	0.004843
39453	39472	1	0.003333
39453	39592	2	0.006667
39453	39676	3	0.010000
39459	39553	3	0.036585
39459	39747	2	0.024390
39459	39415	6	0.073171
39459	39465	1	0.012195
39459	39339	2	0.024390
39459	39308	6	0.073171
39459	39472	9	0.109756
39459	39831	2	0.024390
39459	39547	8	0.097561
39459	39355	6	0.073171
39459	39743	3	0.036585
39460	39303	7	0.004575
39460	39336	1	0.000654
39460	39789	17	0.011111
39460	39831	5	0.003268
39460	39450	2786	1.820915
39460	39583	1	0.000654
39463	39304	1	0.035714
39463	39765	1	0.035714
39465	39488	1	0.004808
39465	39586	5	0.024038
39465	39300	1	0.004808
39465	39751	23	0.110577
39465	39273	2	0.009615
39465	39434	1	0.004808
39465	39687	2	0.009615
39465	39277	1	0.004808
39465	39341	4	0.019231
39465	39504	1	0.004808
39465	39377	2	0.009615
39465	39570	1	0.004808
39465	39510	2	0.009615
39465	39831	1	0.004808
39465	39450	1	0.004808
39465	39803	2	0.009615
39465	39805	1	0.004808
39465	39518	16	0.076923
39465	39359	4	0.019231
39466	39402	2	0.029851
39466	39339	2	0.029851
39466	39372	2	0.029851
39466	39408	2	0.029851
39466	39734	2	0.029851
39466	39450	1	0.014925
39469	39687	4	0.005369
39469	39304	4	0.005369
39469	39562	1	0.001342
39469	39570	2	0.002685
39469	39450	2	0.002685
39469	39451	2	0.002685
39469	39466	2	0.002685
39469	39339	122	0.163758
39469	39341	4	0.005369
39469	39472	2	0.002685
39469	39474	2	0.002685
39469	39733	1	0.001342
39469	39743	7	0.009396
39469	39748	2	0.002685
39469	39751	9	0.012081
39469	39515	2	0.002685
39469	39273	4	0.005369
39469	39805	2	0.002685
39469	39795	180	0.241611
39469	39415	4	0.005369
39469	39547	2	0.002685
39469	39676	1	0.001342
39469	39293	2	0.002685
39471	39562	2	1.000000
39471	39747	2	1.000000
39471	39339	8	4.000000
39471	39743	2	1.000000
39472	39553	31	0.007243
39472	39426	119	0.027804
39472	39299	4	0.000935
39472	39297	2	0.000467
39472	39818	6	0.001402
39472	39563	6	0.001402
39472	39554	1	0.000234
39472	39443	4	0.000935
39472	39318	5	0.001168
39472	39831	4	0.000935
39472	39322	3	0.000701
39472	39451	5	0.001168
39472	39710	16	0.003738
39472	39456	6	0.001402
39472	39586	3	0.000701
39472	39337	5	0.001168
39472	39594	3	0.000701
39472	39728	1	0.000234
39472	39730	2	0.000467
39472	39349	36	0.008411
39472	39612	2	0.000467
39472	39690	1	0.000234
39472	39743	8	0.001869
39472	39744	1	0.000234
39472	39547	9	0.002103
39472	39751	33	0.007710
39472	39504	10	0.002336
39472	39505	13	0.003037
39472	39765	2	0.000467
39472	39768	1	0.000234
39472	39513	1	0.000234
39472	39521	4	0.000935
39472	39778	3	0.000701
39472	39395	1	0.000234
39472	39525	4072	0.951402
39472	39278	4	0.000935
39472	39668	4	0.000935
39472	39415	2	0.000467
39472	39801	5	0.001168
39472	39359	1	0.000234
39472	39676	4	0.000935
39473	39669	1	0.047619
39473	39564	1	0.047619
39473	39725	1	0.047619
39473	39326	1	0.047619
39473	39477	1	0.047619
39474	39744	1	0.000307
39474	39442	1	0.000307
39474	39515	1	0.000307
39474	39562	1	0.000307
39474	39687	1	0.000307
39474	39304	73	0.022413
39474	39402	3	0.000921
39474	39341	1	0.000307
39474	39758	1	0.000307
39474	39535	1	0.000307
39474	39570	1	0.000307
39474	39508	1	0.000307
39474	39381	1	0.000307
39474	39513	3	0.000921
39474	39450	1	0.000307
39474	39547	4	0.001228
39474	39762	3	0.000921
39474	39466	4	0.001228
39474	39710	2	0.000614
39477	39433	1	0.003623
39477	39753	1	0.003623
39477	39751	4	0.014493
39515	39687	1	0.024390
39515	39332	2	0.048780
39515	39743	3	0.073171
39479	39555	1	0.007576
39479	39684	129	0.977273
39479	39303	2	0.015152
39479	39447	1	0.007576
39479	39308	2	0.015152
39479	39725	1	0.007576
39479	39442	1	0.007576
39479	39317	1	0.007576
39479	39831	2	0.015152
39479	39576	129	0.977273
39479	39586	1	0.007576
39479	39339	129	0.977273
39479	39341	3	0.022727
39479	39474	130	0.984848
39479	39732	1	0.007576
39479	39610	2	0.015152
39479	39356	134	1.015152
39479	39741	129	0.977273
39479	39745	1	0.007576
39479	39377	1	0.007576
39479	39762	129	0.977273
39479	39640	1	0.007576
39479	39515	2	0.015152
39479	39273	2	0.015152
39479	39797	1	0.007576
39479	39415	6	0.045455
39481	39563	1	0.004831
39481	39684	207	1.000000
39481	39447	2	0.009662
39481	39762	1	0.004831
39481	39472	1	0.004831
39481	39474	209	1.009662
39481	39479	2	0.009662
39481	39356	10891	52.613527
39482	39751	8	0.084211
39482	39273	1	0.010526
39482	39339	58	0.610526
39482	39341	1	0.010526
39482	39687	1	0.010526
39482	39510	9	0.094737
39482	39450	1	0.010526
39482	39805	1	0.010526
39482	39743	3	0.031579
39485	39743	1	0.009524
39488	39450	2	1.000000
39488	39687	4	2.000000
39490	39640	2	0.083333
39490	39451	1	0.041667
39492	39472	6	0.009288
39492	39456	2	0.003096
39492	39442	2	0.003096
39492	39375	4	0.006192
39497	39747	1	0.001656
39497	39402	1	0.001656
39497	39570	1	0.001656
39497	39535	1	0.001656
39497	39442	24	0.039735
39497	39626	33136	54.860927
39499	39586	1	0.021277
39499	39302	12	0.255319
39499	39339	1	0.021277
39499	39570	1	0.021277
39499	39547	45	0.957447
39499	39359	56	1.191489
39500	39751	2	0.013158
39500	39307	1	0.006579
39500	39758	3	0.019737
39500	39535	5	0.032895
39500	39474	3	0.019737
39500	39508	5	0.032895
39500	39547	1	0.006579
39500	39710	1	0.006579
39501	39553	1	0.008065
39501	39562	2	0.016129
39501	39308	1	0.008065
39501	39570	2	0.016129
39501	39317	4	0.032258
39501	39831	1	0.008065
39501	39450	3	0.024194
39501	39459	2	0.016129
39501	39596	1	0.008065
39501	39472	3	0.024194
39501	39358	1	0.008065
39501	39359	1	0.008065
39501	39743	4	0.032258
39501	39493	12	0.096774
39501	39751	5	0.040323
39501	39632	3267	26.346774
39501	39377	3	0.024194
39501	39765	1	0.008065
39501	39768	1	0.008065
39501	39395	1	0.008065
39501	39657	1	0.008065
39501	39540	1	0.008065
39501	39291	1	0.008065
39502	39450	4	4.000000
39502	39339	1	1.000000
39502	39570	2	2.000000
39324	39360	2	0.003106
39324	39726	2	0.003106
39324	39273	3	0.004658
39324	39562	1	0.001553
39324	39563	3	0.004658
39324	39278	1	0.001553
39324	39535	5	0.007764
39324	39504	1	0.001553
39324	39442	2	0.003106
39324	39831	2	0.003106
39324	39477	1	0.001553
39324	39286	3	0.004658
39324	39513	5	0.007764
39324	39801	3	0.004658
39324	39451	3	0.004658
39324	39307	1	0.001553
39324	39743	1	0.001553
39504	39553	2	0.000829
39504	39299	1	0.000415
39504	39300	2	0.000829
39504	39681	2	0.000829
39504	39562	2	0.000829
39504	39307	1	0.000415
39504	39460	1	0.000415
39504	39570	2	0.000829
39504	39831	35	0.014511
39504	39833	1	0.000415
39504	39450	2343	0.971393
39504	39710	7	0.002902
39504	39472	7	0.002902
39504	39716	2	0.000829
39504	39465	4	0.001658
39504	39725	1	0.000415
39504	39600	1	0.000415
39504	39769	1	0.000415
39504	39349	1	0.000415
39504	39734	2	0.000829
39504	39355	1	0.000415
39504	39356	1	0.000415
39504	39434	1	0.000415
39504	39743	3	0.001244
39504	39751	10	0.004146
39504	39626	2	0.000829
39504	39372	2	0.000829
39504	39629	1	0.000415
39504	39758	6	0.002488
39504	39508	1	0.000415
39504	39545	1	0.000415
39504	39768	5	0.002073
39504	39513	3	0.001244
39504	39546	2	0.000829
39504	39291	1	0.000415
39504	39273	3	0.001244
39504	39402	5	0.002073
39504	39278	1	0.000415
39504	39408	1	0.000415
39504	39798	2	0.000829
39504	39415	4	0.001658
39504	39801	4	0.001658
39504	39674	2	0.000829
39504	39547	1	0.000415
39504	39805	1	0.000415
39504	39597	1	0.000415
39507	39472	2	0.014493
39507	39553	3	0.021739
39507	39632	1	0.007246
39507	39341	1	0.007246
39508	39586	1	0.000839
39508	39684	4	0.003356
39508	39718	2	0.001678
39508	39273	5	0.004195
39508	39402	4	0.003356
39508	39599	4	0.003356
39508	39604	2	0.001678
39508	39576	4	0.003356
39508	39801	349	0.292785
39508	39482	14	0.011745
39508	39547	1	0.000839
39508	39706	4	0.003356
39508	39743	6	0.005034
39510	39751	8	0.083333
39510	39273	1	0.010417
39510	39339	59	0.614583
39510	39341	1	0.010417
39510	39805	1	0.010417
39510	39687	1	0.010417
39510	39450	1	0.010417
39510	39482	1	0.010417
39510	39743	3	0.031250
39512	39562	2	1.000000
39512	39747	2	1.000000
39512	39339	8	4.000000
39512	39743	2	1.000000
39513	39355	1	0.004149
39513	39751	8	0.033195
39513	39273	2	0.008299
39513	39339	1	0.004149
39513	39597	1	0.004149
39513	39293	1	0.004149
39513	39504	1	0.004149
39513	39570	4	0.016598
39513	39583	1	0.004149
39513	39415	1	0.004149
39513	39801	1	0.004149
39513	39451	3	0.012448
39513	39580	1	0.004149
39513	39805	3	0.012448
39513	39710	1	0.004149
39513	39743	3	0.012448
39514	39505	3	0.600000
39514	39339	6	1.200000
39514	39725	3	0.600000
39514	39751	3	0.600000
39795	39687	2	0.005714
39795	39304	2	0.005714
39795	39341	2	0.005714
39795	39570	1	0.002857
39795	39450	1	0.002857
39795	39451	2	0.005714
39795	39466	1	0.002857
39795	39339	62	0.177143
39795	39469	3035	8.671429
39795	39472	2	0.005714
39795	39474	1	0.002857
39795	39733	1	0.002857
39795	39743	3	0.008571
39795	39748	1	0.002857
39795	39751	9	0.025714
39795	39515	1	0.002857
39795	39273	2	0.005714
39795	39293	1	0.002857
39795	39415	4	0.011429
39795	39547	1	0.002857
39795	39676	1	0.002857
39795	39805	2	0.005714
39516	39472	3	0.008065
39517	39553	1	0.001379
39517	39298	5	0.006897
39517	39299	3	0.004138
39517	39562	1	0.001379
39517	39307	1	0.001379
39517	39823	3	0.004138
39517	39313	1	0.001379
39517	39442	7	0.009655
39517	39555	2	0.002759
39517	39319	1	0.001379
39517	39321	1	0.001379
39517	39451	2	0.002759
39517	39710	1	0.001379
39517	39456	1	0.001379
39517	39586	3	0.004138
39517	39579	2	0.002759
39517	39716	1	0.001379
39517	39336	1	0.001379
39517	39602	1	0.001379
39517	39342	2	0.002759
39517	39472	6	0.008276
39517	39346	2	0.002759
39517	39603	1	0.001379
39517	39690	1	0.001379
39517	39742	1	0.001379
39517	39617	2	0.002759
39517	39758	2	0.002759
39517	39375	1	0.001379
39517	39715	1	0.001379
39517	39768	2	0.002759
39517	39513	2	0.002759
39517	39418	1	0.001379
39517	39778	1	0.001379
39517	39547	1	0.001379
39517	39662	1	0.001379
39517	39535	1	0.001379
39517	39540	3	0.004138
39517	39286	2	0.002759
39517	39416	2	0.002759
39517	39545	1	0.001379
39517	39674	1	0.001379
39517	39291	2	0.002759
39518	39465	214	1.182320
39518	39339	1	0.005525
39518	39308	3	0.016575
39518	39533	1	0.005525
39518	39726	1	0.005525
39518	39504	1	0.005525
39518	39377	8	0.044199
39518	39450	2	0.011050
39518	39805	8	0.044199
39518	39359	3	0.016575
39521	39553	2	0.032787
39521	39745	1	0.016393
39521	39273	1	0.016393
39521	39415	1	0.016393
39521	39504	2	0.032787
39521	39570	1	0.016393
39521	39540	1	0.016393
39521	39472	3	0.049180
39521	39513	1	0.016393
39521	39291	1	0.016393
39522	39442	1	0.014085
39522	39668	1	0.014085
39522	39533	1	0.014085
39523	39747	1	0.019231
39523	39451	1	0.019231
39526	39465	1	0.008264
39526	39371	1	0.008264
39526	39570	2	0.016529
39526	39377	1	0.008264
39526	39442	4	0.033058
39526	39415	1	0.008264
39526	39384	5	0.041322
39526	39451	3	0.024793
39528	39553	1	0.005181
39528	39563	6	0.031088
39528	39749	1	0.005181
39528	39745	1	0.005181
39528	39273	3	0.015544
39528	39370	4	0.020725
39528	39339	3	0.015544
39528	39469	1	0.005181
39528	39472	1	0.005181
39528	39442	2	0.010363
39528	39433	1	0.005181
39528	39640	1	0.005181
39528	39450	1	0.005181
39528	39743	1	0.005181
39530	39681	2	0.006061
39530	39302	2	0.006061
39530	39687	2	0.006061
39530	39433	2	0.006061
39530	39563	2	0.006061
39530	39725	2	0.006061
39530	39570	2	0.006061
39530	39831	2	0.006061
39530	39833	2	0.006061
39530	39450	6	0.018182
39530	39583	433	1.312121
39530	39339	8	0.024242
39530	39341	4	0.012121
39530	39726	2	0.006061
39530	39477	2	0.006061
39530	39743	2	0.006061
39530	39488	4	0.012121
39530	39747	4	0.012121
39530	39751	8	0.024242
39530	39371	6	0.018182
39530	39504	4	0.012121
39530	39510	2	0.006061
39530	39768	3	0.009091
39530	39513	10	0.030303
39530	39273	2	0.006061
39530	39402	2	0.006061
39530	39415	6	0.018182
39530	39547	2	0.006061
39531	39528	1	0.020833
39531	39370	1	0.020833
39531	39725	1	0.020833
39531	39472	1	0.020833
39531	39442	1	0.020833
39531	39603	3	0.062500
39531	39319	1	0.020833
39531	39768	1	0.020833
39531	39391	1	0.020833
39533	39586	3	0.065217
39533	39687	1	0.021739
39533	39592	4	0.086957
39533	39818	5	0.108696
39533	39339	75	1.630435
39533	39442	48	1.043478
39533	39349	1	0.021739
39534	39760	118	0.710843
39534	39737	118	0.710843
39535	39798	3	0.008403
39535	39402	2	0.005602
39535	39286	2	0.005602
39535	39451	2	0.005602
39535	39324	4	0.011204
39535	39743	1	0.002801
39537	39273	2	0.019802
39537	39626	101	1.000000
39537	39451	1	0.009901
39537	39805	110	1.089109
39538	39725	18	0.039735
39538	39375	8	0.017660
39538	39504	6	0.013245
39538	39570	11	0.024283
39538	39540	2159	4.766004
39538	39291	5	0.011038
39538	39710	6	0.013245
39539	39362	772	0.858732
39539	39688	772	0.858732
39539	39273	7	0.007786
39539	39372	772	0.858732
39539	39725	1544	1.717464
39539	39533	772	0.858732
39539	39807	20	0.022247
39540	39553	3	0.003425
39540	39562	1	0.001142
39540	39313	3	0.003425
39540	39442	1	0.001142
39540	39831	8	0.009132
39540	39450	3	0.003425
39540	39710	7	0.007991
39540	39594	3	0.003425
39540	39339	8	0.009132
39540	39472	10	0.011416
39540	39355	2	0.002283
39540	39743	2	0.002283
39540	39758	3	0.003425
39540	39375	833	0.950913
39540	39504	2	0.002283
39540	39513	7	0.007991
39540	39517	3	0.003425
39540	39778	3	0.003425
39540	39395	1	0.001142
39540	39273	6	0.006849
39540	39570	832	0.949772
39540	39538	1869	2.133562
39540	39415	3	0.003425
39540	39291	836	0.954338
39542	39472	17857	54.276596
39542	39676	13	0.039514
39542	39525	320	0.972644
39543	39273	1	0.333333
39543	39442	1	0.333333
39543	39725	5	1.666667
39543	39570	1	0.333333
39310	39323	3	0.010526
39545	39291	1	0.002193
39545	39592	7	0.015351
39545	39442	33	0.072368
39545	39353	5	0.010965
39545	39451	9	0.019737
39545	39326	1	0.002193
39547	39553	1	0.000977
39547	39822	9	0.008789
39547	39405	3	0.002930
39547	39442	2	0.001953
39547	39446	2	0.001953
39547	39447	1	0.000977
39547	39450	1	0.000977
39547	39583	17	0.016602
39547	39600	1	0.000977
39547	39459	2	0.001953
39547	39716	6	0.005859
39547	39339	37	0.036133
39547	39469	1	0.000977
39547	39472	8	0.007812
39547	39731	9	0.008789
39547	39477	1	0.000977
39547	39612	1	0.000977
39547	39743	1	0.000977
39547	39745	1	0.000977
39547	39362	18	0.017578
39547	39751	1	0.000977
39547	39504	5	0.004883
39547	39377	2	0.001953
39547	39640	1	0.000977
39547	39513	1	0.000977
39547	39674	7	0.006836
39547	39653	1	0.000977
39547	39273	1	0.000977
39547	39402	18	0.017578
39547	39276	3	0.002930
39547	39570	20	0.019531
39547	39314	1	0.000977
39547	39293	3	0.002930
39547	39546	39	0.038086
39547	39805	1	0.000977
39547	39294	2	0.001953
39548	39570	1	0.250000
39548	39743	1	0.250000
39548	39596	1	0.250000
39548	39583	4	1.000000
39549	39442	3	0.428571
39551	39801	1	0.029412
39551	39818	2	0.058824
39552	39402	1	0.000799
39552	39715	1	0.000799
39552	39622	2	0.001599
39552	39751	1	0.000799
39552	39500	1	0.000799
39552	39626	1	0.000799
39552	39307	1	0.000799
39552	39372	1	0.000799
39552	39758	1	0.000799
39552	39535	1	0.000799
39552	39474	1	0.000799
39552	39508	1	0.000799
39552	39734	1	0.000799
39552	39547	1	0.000799
39552	39466	1	0.000799
39552	39710	1	0.000799
39553	39299	4	0.002183
39553	39579	2	0.001092
39553	39818	1	0.000546
39553	39563	1	0.000546
39553	39341	2	0.001092
39553	39384	2	0.001092
39553	39570	2	0.001092
39553	39443	6	0.003275
39553	39450	2	0.001092
39553	39451	19	0.010371
39553	39710	6	0.003275
39553	39583	1	0.000546
39553	39472	75	0.040939
39553	39586	3	0.001638
39553	39459	1	0.000546
39553	39332	1	0.000546
39553	39466	1	0.000546
39553	39339	2	0.001092
39553	39469	5	0.002729
39553	39728	8	0.004367
39553	39474	1	0.000546
39553	39603	2	0.001092
39553	39349	3	0.001638
39553	39284	1	0.000546
39553	39730	1	0.000546
39553	39612	2	0.001092
39553	39741	2	0.001092
39553	39743	1	0.000546
39553	39744	7	0.003821
39553	39745	2	0.001092
39553	39751	1	0.000546
39553	39626	2	0.001092
39553	39415	2	0.001092
39553	39758	1	0.000546
39553	39504	2	0.001092
39553	39505	1	0.000546
39553	39508	1	0.000546
39553	39765	1	0.000546
39553	39768	2	0.001092
39553	39513	13	0.007096
39553	39778	3	0.001638
39553	39653	1	0.000546
39553	39420	19	0.010371
39553	39660	2	0.001092
39553	39278	2	0.001092
39553	39535	1	0.000546
39553	39540	3	0.001638
39553	39668	12	0.006550
39553	39273	44	0.024017
39553	39416	2	0.001092
39553	39801	3	0.001638
39553	39547	9	0.004913
39553	39676	2	0.001092
39554	39553	1343	0.784463
39554	39299	3	0.001752
39554	39687	5	0.002921
39554	39823	3	0.001752
39554	39570	9	0.005257
39554	39444	1	0.000584
39554	39319	1	0.000584
39554	39836	3	0.001752
39554	39710	11	0.006425
39554	39456	6	0.003505
39554	39716	18	0.010514
39554	39466	6	0.003505
39554	39725	22	0.012850
39554	39472	305	0.178154
39554	39474	12	0.007009
39554	39349	6	0.003505
39554	39744	44	0.025701
39554	39745	5	0.002921
39554	39362	3	0.001752
39554	39753	18	0.010514
39554	39758	6	0.003505
39554	39504	9	0.005257
39554	39505	5	0.002921
39554	39508	6	0.003505
39554	39513	12	0.007009
39554	39291	5	0.002921
39554	39273	54	0.031542
39554	39402	6	0.003505
39554	39403	1	0.000584
39554	39535	6	0.003505
39554	39540	6	0.003505
39554	39801	3	0.001752
39554	39547	12	0.007009
39554	39420	27	0.015771
39554	39805	5	0.002921
39555	39273	5	0.098039
39555	39563	2	0.039216
39555	39341	1	0.019608
39555	39343	1	0.019608
39555	39570	1	0.019608
39555	39604	1	0.019608
39555	39415	1	0.019608
39555	39674	2	0.039216
39555	39515	5	0.098039
39319	39753	2	0.076923
39319	39314	1	0.038462
39319	39725	4	0.153846
39319	39751	1	0.038462
39558	39683	1	0.021277
39558	39660	2	0.042553
39558	39597	1	0.021277
39558	39629	1	0.021277
39558	39442	1	0.021277
39558	39831	1	0.021277
39558	39513	1	0.021277
39561	39300	1	0.004115
39561	39751	8	0.032922
39561	39465	3	0.012346
39561	39831	5	0.020576
39561	39415	2	0.008230
39561	39355	1	0.004115
39562	39488	1	0.012500
39562	39298	1	0.012500
39562	39339	1	0.012500
39562	39579	1	0.012500
39562	39751	1	0.012500
39562	39273	2	0.025000
39562	39687	1	0.012500
39562	39660	1	0.012500
39562	39795	1	0.012500
39562	39293	1	0.012500
39562	39472	2	0.025000
39562	39729	2	0.025000
39562	39555	1	0.012500
39562	39540	2	0.025000
39562	39415	2	0.025000
39562	39450	9	0.112500
39562	39451	1	0.012500
39562	39610	1	0.012500
39562	39742	1	0.012500
39562	39743	1	0.012500
39563	39553	1	0.009615
39563	39555	1	0.009615
39563	39439	1	0.009615
39563	39442	1	0.009615
39563	39831	1	0.009615
39563	39450	1	0.009615
39563	39451	2	0.019231
39563	39710	3	0.028846
39563	39725	2	0.019231
39563	39592	1	0.009615
39563	39466	2	0.019231
39563	39339	1	0.009615
39563	39341	2	0.019231
39563	39472	2	0.019231
39563	39473	1	0.009615
39563	39474	2	0.019231
39563	39355	1	0.009615
39563	39358	3	0.028846
39563	39285	1	0.009615
39563	39743	2	0.019231
39563	39370	1	0.009615
39563	39758	1	0.009615
39563	39631	2	0.019231
39563	39504	3	0.028846
39563	39765	5	0.048077
39563	39510	1	0.009615
39563	39768	1	0.009615
39563	39513	10	0.096154
39563	39547	2	0.019231
39563	39526	1	0.009615
39563	39273	2	0.019231
39563	39403	1	0.009615
39563	39278	6	0.057692
39563	39535	1	0.009615
39563	39284	1	0.009615
39563	39797	1	0.009615
39563	39798	5	0.048077
39563	39415	1	0.009615
39563	39801	22	0.211538
39563	39291	1	0.009615
39564	39768	6	0.043165
39564	39315	3	0.021583
39564	39621	1	0.007194
39564	39326	3	0.021583
39564	39687	1	0.007194
39565	39570	1	0.001764
39565	39277	2	0.003527
39565	39831	2	0.003527
39789	39336	34	0.809524
39789	39442	1	0.023810
39789	39303	1	0.023810
39568	39433	2	0.002601
39568	39415	2	0.002601
39568	39278	2	0.002601
39568	39741	2	0.002601
39568	39442	2	0.002601
39568	39831	4	0.005202
39568	39451	6	0.007802
39568	39676	2	0.002601
39568	39453	2	0.002601
39569	39747	6	0.008392
39569	39716	1	0.001399
39569	39273	5	0.006993
39569	39402	1	0.001399
39569	39831	1	0.001399
39569	39801	3	0.004196
39569	39547	1	0.001399
39570	39747	88	0.967033
39570	39492	2	0.021978
39570	39273	1	0.010989
39570	39562	88	0.967033
39570	39563	2	0.021978
39570	39725	2	0.021978
39570	39442	11	0.120879
39570	39510	1	0.010989
39570	39450	2	0.021978
39570	39339	352	3.868132
39570	39743	88	0.967033
39577	39628	291	1.572973
39579	39747	1	0.000508
39579	39492	1	0.000508
39579	39741	91	0.046263
39579	39562	5	0.002542
39579	39563	1	0.000508
39579	39570	20	0.010168
39579	39725	1	0.000508
39579	39442	3	0.001525
39579	39317	8	0.004067
39579	39831	2	0.001017
39579	39513	12	0.006101
39579	39450	1	0.000508
39579	39515	4	0.002034
39579	39339	4	0.002034
39579	39332	2	0.001017
39579	39743	1	0.000508
39580	39513	3	0.176471
39580	39451	4	0.235294
39580	39748	2	0.117647
39583	39681	1	0.004630
39583	39302	1	0.004630
39583	39687	3	0.013889
39583	39433	1	0.004630
39583	39563	1	0.004630
39583	39725	1	0.004630
39583	39570	1	0.004630
39583	39831	1	0.004630
39583	39833	1	0.004630
39583	39450	6	0.027778
39583	39339	7	0.032407
39583	39341	2	0.009259
39583	39726	1	0.004630
39583	39477	1	0.004630
39583	39743	1	0.004630
39583	39488	2	0.009259
39583	39747	5	0.023148
39583	39751	4	0.018519
39583	39371	5	0.023148
39583	39504	2	0.009259
39583	39510	1	0.004630
39583	39768	2	0.009259
39583	39513	5	0.023148
39583	39273	1	0.004630
39583	39402	1	0.004630
39583	39415	5	0.023148
39583	39547	1	0.004630
39585	39355	1	0.004132
39585	39751	8	0.033058
39585	39273	2	0.008264
39585	39415	1	0.004132
39585	39597	1	0.004132
39585	39293	1	0.004132
39585	39504	1	0.004132
39585	39570	4	0.016529
39585	39583	1	0.004132
39585	39801	1	0.004132
39585	39339	1	0.004132
39585	39513	2747	11.351240
39585	39451	3	0.012397
39585	39580	1	0.004132
39585	39805	3	0.012397
39585	39710	1	0.004132
39585	39743	3	0.012397
39586	39553	1	0.001572
39586	39300	1	0.001572
39586	39687	9	0.014151
39586	39562	2	0.003145
39586	39563	1	0.001572
39586	39725	9	0.014151
39586	39314	2	0.003145
39586	39316	1	0.001572
39586	39831	12	0.018868
39586	39450	10	0.015723
39586	39371	2	0.003145
39586	39583	2	0.003145
39586	39465	14	0.022013
39586	39339	12	0.018868
39586	39341	13	0.020440
39586	39343	1	0.001572
39586	39472	44	0.069182
39586	39355	24	0.037736
39586	39359	61	0.095912
39586	39743	1	0.001572
39586	39747	1	0.001572
39586	39492	1	0.001572
39586	39370	32	0.050314
39586	39499	3	0.004717
39586	39319	8	0.012579
39586	39632	29	0.045597
39586	39377	1	0.001572
39586	39768	209	0.328616
39586	39518	1	0.001572
39586	39653	1	0.001572
39586	39651	1	0.001572
39586	39525	1	0.001572
39586	39533	3	0.004717
39586	39442	5	0.007862
39586	39570	31	0.048742
39586	39415	7	0.011006
39586	39547	12	0.018868
39586	39681	4	0.006289
39588	39472	1	0.017857
39588	39586	2	0.035714
39588	39751	1	0.017857
39588	39300	1	0.017857
39588	39831	8	0.142857
39589	39504	1	0.014493
39592	39472	1	0.007194
39592	39442	555	3.992806
39592	39451	20	0.143885
39594	39442	1	0.015152
39594	39624	66	1.000000
39594	39337	62	0.939394
39594	39499	1	0.015152
39594	39725	2	0.030303
39594	39472	1	0.015152
39594	39570	1	0.015152
39594	39801	66	1.000000
39594	39291	107	1.621212
39595	39466	1	0.014493
39595	39805	1	0.014493
39596	39395	1	0.166667
39596	39308	1	0.166667
39596	39653	1	0.166667
39597	39339	1	0.030303
39597	39466	1	0.030303
39597	39547	1	0.030303
39597	39474	1	0.030303
39600	39472	1	0.020833
39600	39337	3	0.062500
39600	39570	3	0.062500
39600	39276	1	0.020833
39600	39294	1	0.020833
39601	39339	3	0.005405
39601	39402	14	0.025225
39601	39307	2	0.003604
39601	39308	4	0.007207
39601	39725	13	0.023423
39601	39341	1	0.001802
39601	39504	141	0.254054
39601	39570	1	0.001802
39601	39450	1	0.001802
39602	39586	5	0.001915
39603	39433	1	0.001020
39603	39563	1	0.001020
39603	39469	3	0.003061
39603	39570	1	0.001020
39603	39831	4	0.004082
39603	39319	1	0.001020
39603	39451	3	0.003061
39603	39583	1	0.001020
39603	39339	7	0.007143
39603	39341	1	0.001020
39603	39741	1	0.001020
39603	39751	2	0.002041
39603	39370	22830	23.295918
39603	39371	2	0.002041
39603	39377	4	0.004082
39603	39768	8	0.008163
39603	39513	2	0.002041
39603	39515	1	0.001020
39603	39655	1	0.001020
39603	39273	9	0.009184
39603	39442	1	0.001020
39603	39278	2	0.002041
39603	39676	1	0.001020
39604	39675	3	0.023622
39798	39466	4	0.003378
39798	39402	17	0.014358
39798	39595	2	0.001689
39798	39535	20	0.016892
39798	39709	2	0.001689
39798	39474	4	0.003378
39798	39508	4	0.003378
39798	39758	4	0.003378
39798	39547	2	0.001689
39798	39831	4	0.003378
39798	39801	4	0.003378
39798	39451	2	0.001689
39798	39626	4	0.003378
39798	39486	2	0.001689
39607	39494	1	0.000640
39607	39466	1	0.000640
39607	39372	1	0.000640
39607	39758	1	0.000640
39607	39535	3	0.001919
39607	39474	1	0.000640
39607	39508	1	0.000640
39607	39674	1	0.000640
39607	39547	1	0.000640
39612	39553	4	0.042553
39612	39778	1	0.010638
39612	39451	3	0.031915
39612	39745	1	0.010638
39612	39469	1	0.010638
39612	39341	1	0.010638
39612	39472	13	0.138298
39612	39291	2	0.021277
39613	39371	84	1.909091
39613	39308	14	0.318182
39613	39341	455	10.340909
39613	39343	42	0.954545
39613	39316	44	1.000000
39613	39510	2	0.045455
39613	39583	2	0.045455
39614	39472	1177	45.269231
39614	39553	1	0.038462
39614	39525	26	1.000000
39797	39299	1	0.010417
39797	39335	1	0.010417
39797	39592	1	0.010417
39797	39753	1	0.010417
39797	39442	11	0.114583
39797	39794	1	0.010417
39797	39831	2	0.020833
39797	39513	2	0.020833
39797	39706	4	0.041667
39797	39741	1	0.010417
39797	39583	1	0.010417
39321	39592	1	0.025641
39321	39751	1	0.025641
39617	39273	6	0.038217
39617	39741	1	0.006369
39617	39831	1	0.006369
39617	39513	1	0.006369
39617	39804	1	0.006369
39617	39805	1	0.006369
39620	39562	2	1.000000
39620	39747	2	1.000000
39620	39339	8	4.000000
39620	39743	2	1.000000
39621	39564	2	0.028986
39621	39466	1	0.014493
39621	39339	2	0.028986
39621	39684	1	0.014493
39621	39694	69	1.000000
39622	39552	3	0.096774
39622	39360	3	0.096774
39622	39684	3	0.096774
39622	39429	3	0.096774
39622	39687	3	0.096774
39622	39737	3	0.096774
39622	39691	3	0.096774
39622	39309	3	0.096774
39622	39310	2	0.064516
39622	39695	3	0.096774
39622	39312	3	0.096774
39622	39700	3	0.096774
39622	39576	3	0.096774
39622	39577	2	0.064516
39622	39706	3	0.096774
39622	39450	24	0.774194
39622	39583	1	0.032258
39622	39643	3	0.096774
39622	39341	1	0.032258
39622	39589	2	0.064516
39622	39718	3	0.096774
39622	39593	3	0.096774
39622	39595	3	0.096774
39622	39468	3	0.096774
39622	39602	3	0.096774
39622	39599	3	0.096774
39622	39751	3	0.096774
39622	39604	3	0.096774
39622	39353	3	0.096774
39622	39354	3	0.096774
39622	39391	3	0.096774
39622	39485	3	0.096774
39622	39696	3	0.096774
39622	39744	1	0.032258
39622	39746	2	0.064516
39622	39494	3	0.096774
39622	39367	3	0.096774
39622	39628	1	0.032258
39622	39500	28	0.903226
39622	39375	3	0.096774
39622	39381	3	0.096774
39622	39766	2	0.064516
39622	39639	3	0.096774
39622	39387	3	0.096774
39622	39772	2	0.064516
39622	39647	5	0.161290
39622	39777	3	0.096774
39622	39334	3	0.096774
39622	39782	2	0.064516
39622	39400	3	0.096774
39622	39529	3	0.096774
39622	39402	3	0.096774
39622	39534	3	0.096774
39622	39476	2	0.064516
39622	39794	3	0.096774
39622	39411	2	0.064516
39622	39327	2	0.064516
39622	39673	3	0.096774
39622	39805	1	0.032258
39624	39442	2	0.250000
39624	39337	4	0.500000
39624	39594	228	28.500000
39624	39725	4	0.500000
39624	39570	2	0.250000
39624	39801	8	1.000000
39624	39291	13	1.625000
39626	39402	1	0.001656
39626	39442	24	0.039735
39626	39747	1	0.001656
39626	39570	1	0.001656
39626	39535	1	0.001656
39628	39577	186	1.033333
39631	39563	110	0.445344
39631	39474	2	0.008097
39631	39504	2	0.008097
39631	39442	1	0.004049
39631	39513	10	0.040486
39631	39451	4	0.016194
39631	39708	133	0.538462
39631	39358	2	0.008097
39632	39553	1	0.008065
39632	39562	2	0.016129
39632	39308	1	0.008065
39632	39570	2	0.016129
39632	39317	4	0.032258
39632	39831	1	0.008065
39632	39450	3	0.024194
39632	39459	2	0.016129
39632	39596	1	0.008065
39632	39472	3	0.024194
39632	39358	1	0.008065
39632	39359	1	0.008065
39632	39743	4	0.032258
39632	39493	12	0.096774
39632	39751	5	0.040323
39632	39377	3	0.024194
39632	39765	1	0.008065
39632	39768	1	0.008065
39632	39395	1	0.008065
39632	39657	1	0.008065
39632	39540	1	0.008065
39632	39291	1	0.008065
39633	39299	1	0.005076
39633	39687	2	0.010152
39633	39751	189	0.959391
39633	39570	184	0.934010
39633	39469	2	0.010152
39633	39472	2	0.010152
39633	39442	2	0.010152
39633	39415	1	0.005076
39633	39341	4	0.020305
39633	39451	20	0.101523
39633	39676	20	0.101523
39635	39562	2	1.000000
39635	39747	2	1.000000
39635	39339	8	4.000000
39635	39743	2	1.000000
39636	39303	2	2.000000
39801	39299	1	0.010753
39801	39335	1	0.010753
39801	39273	1	0.010753
39801	39307	1	0.010753
39801	39372	1	0.010753
39801	39725	1	0.010753
39801	39822	2	0.021505
39801	39408	5	0.053763
39801	39668	1	0.010753
39801	39734	1	0.010753
39801	39415	1	0.010753
39801	39418	2	0.021505
39801	39547	1	0.010753
39801	39546	1	0.010753
39801	39710	5	0.053763
39640	39490	1	0.011905
39640	39299	1	0.011905
39640	39415	2	0.023810
39640	39469	1	0.011905
39640	39831	5	0.059524
39640	39513	4	0.047619
39642	39681	2	0.010582
39642	39451	1	0.005291
39644	39465	9	9.000000
39645	39715	2	0.080000
39646	39620	2	0.025316
39646	39273	1	0.012658
39646	39563	1	0.012658
39646	39631	80	1.012658
39646	39442	82	1.037975
39646	39513	6	0.075949
39646	39708	620	7.848101
39316	39371	42	2.000000
39316	39341	84	4.000000
39316	39343	21	1.000000
39651	39553	4	0.121212
39651	39570	4	0.121212
39651	39567	4	0.121212
39652	39744	1	0.090909
39652	39778	1	0.090909
39652	39365	1	0.090909
39652	39375	1	0.090909
39652	39472	3	0.272727
39652	39540	1	0.090909
39652	39319	1	0.090909
39652	39294	1	0.090909
39653	39547	15	5.000000
39657	39488	1	0.002053
39657	39751	5	0.010267
39657	39273	4	0.008214
39657	39472	3	0.006160
39657	39570	1	0.002053
39657	39768	1	0.002053
39657	39513	2420	4.969199
39657	39450	483	0.991786
39657	39743	4	0.008214
39660	39558	3	0.016043
39660	39465	2	0.010695
39660	39415	2	0.010695
39660	39273	2	0.010695
39660	39513	2	0.010695
39660	39834	3	0.016043
39661	39562	2	1.000000
39661	39747	2	1.000000
39661	39339	8	4.000000
39661	39743	2	1.000000
39662	39451	1	0.003690
39662	39586	6	0.022140
39662	39807	14	0.051661
39662	39465	1	0.003690
39662	39499	3	0.011070
39662	39504	1	0.003690
39662	39377	3	0.011070
39662	39570	1	0.003690
39662	39299	1	0.003690
39662	39359	5	0.018450
39662	39385	1	0.003690
39662	39579	3	0.011070
39662	39517	1	0.003690
39662	39743	1	0.003690
39668	39472	9	0.103448
39668	39801	2	0.022989
39668	39818	1	0.011494
39669	39687	1	0.011905
39673	39466	3	0.014634
39673	39758	3	0.014634
39673	39535	3	0.014634
39673	39474	3	0.014634
39673	39547	3	0.014634
39673	39710	3	0.014634
39674	39593	1	0.003571
39678	39273	3	0.006522
39678	39655	3	0.006522
39678	39433	6	0.013043
39678	39690	1	0.002174
39678	39339	6	0.013043
39678	39341	4	0.008696
39678	39831	6	0.013043
39678	39317	3	0.006522
39678	39415	8	0.017391
39678	39384	25	0.054348
39678	39770	3	0.006522
39678	39743	3	0.006522
39681	39299	3	0.002353
39681	39303	1	0.000784
39681	39563	3	0.002353
39681	39831	4	0.003137
39681	39450	1	0.000784
39681	39836	5	0.003922
39681	39465	5	0.003922
39681	39468	1	0.000784
39681	39469	21	0.016471
39681	39472	1	0.000784
39681	39729	29	0.022745
39681	39477	2	0.001569
39681	39743	2	0.001569
39681	39751	12	0.009412
39681	39753	1	0.000784
39681	39504	2	0.001569
39681	39377	2	0.001569
39681	39381	1255	0.984314
39681	39768	2	0.001569
39681	39513	4	0.003137
39681	39774	5	0.003922
39681	39408	1	0.000784
39681	39669	1	0.000784
39681	39415	5	0.003922
39681	39801	2	0.001569
39681	39676	1	0.000784
39683	39558	2	0.166667
39685	39299	2	0.000920
39685	39687	2	0.000920
39685	39562	5	0.002301
39685	39563	2	0.000920
39685	39570	4	0.001841
39685	39319	2778	1.278417
39685	39833	1	0.000460
39685	39834	2	0.000920
39685	39451	5	0.002301
39685	39586	1	0.000460
39685	39465	2	0.000920
39685	39472	4	0.001841
39685	39603	1	0.000460
39685	39747	2	0.000920
39685	39364	2	0.000920
39685	39751	16	0.007363
39685	39370	30	0.013806
39685	39504	7	0.003221
39685	39377	4	0.001841
39685	39768	181414	83.485504
39685	39513	4	0.001841
39685	39391	9	0.004142
39685	39655	3	0.001381
39685	39314	2	0.000920
39685	39801	4	0.001841
39685	39676	3	0.001381
39685	39293	4	0.001841
39686	39553	1	0.016667
39686	39627	1	0.016667
39686	39749	1	0.016667
39686	39339	1	0.016667
39686	39318	1	0.016667
39686	39351	1	0.016667
39686	39770	2	0.033333
39686	39774	1	0.016667
39687	39299	1	0.012658
39687	39332	1	0.012658
39687	39758	1	0.012658
39687	39343	2	0.025316
39687	39504	2	0.025316
39687	39570	1	0.012658
39687	39710	1	0.012658
39687	39515	1	0.012658
39687	39518	1	0.012658
39687	39583	2	0.025316
39689	39562	2	1.000000
39689	39747	2	1.000000
39689	39339	8	4.000000
39689	39743	2	1.000000
39690	39371	2	0.038462
39690	39469	2	0.038462
39690	39346	3	0.057692
39690	39831	1	0.019231
39690	39415	1	0.019231
39690	39736	39	0.750000
39694	39472	102	1.030303
39694	39386	102	1.030303
39697	39477	1	0.003861
39698	39728	2	0.007874
39698	39451	1	0.003937
39698	39681	1	0.003937
39698	39402	1	0.003937
39698	39339	1	0.003937
39698	39372	1	0.003937
39698	39725	3	0.011811
39698	39801	9	0.035433
39698	39504	2	0.007874
39698	39443	1	0.003937
39698	39472	7	0.027559
39698	39513	3	0.011811
39698	39547	56	0.220472
39698	39293	2	0.007874
39698	39710	1	0.003937
39700	39442	4	0.043956
39700	39747	2	0.021978
39700	39412	1	0.010989
39704	39604	5	0.096154
39556	39562	2	1.000000
39556	39747	2	1.000000
39556	39339	8	4.000000
39556	39743	2	1.000000
39706	39687	1	0.015873
39706	39442	2	0.031746
39706	39748	1	0.015873
39706	39450	3	0.047619
39706	39583	1	0.015873
39706	39339	2	0.031746
39706	39341	1	0.015873
39706	39472	1	0.015873
39706	39473	1	0.015873
39706	39730	1	0.015873
39706	39477	1	0.015873
39706	39492	1	0.015873
39706	39751	1	0.015873
39706	39753	1	0.015873
39706	39500	1	0.015873
39706	39502	2	0.031746
39706	39504	132	2.095238
39706	39510	1	0.015873
39706	39273	1	0.015873
39706	39402	11	0.174603
39706	39570	2	0.031746
39706	39797	10	0.158730
39708	39620	2	0.025641
39708	39273	1	0.012821
39708	39563	1	0.012821
39708	39631	80	1.025641
39708	39442	81	1.038462
39708	39513	6	0.076923
39709	39537	1	0.012048
39709	39626	1	0.012048
39709	39725	5	0.060241
39709	39798	1	0.012048
39709	39513	1	0.012048
39710	39553	22	0.010674
39710	39490	3	0.001456
39710	39597	2	0.000970
39710	39313	1	0.000485
39710	39600	3	0.001456
39710	39586	7	0.003396
39710	39332	9	0.004367
39710	39465	48	0.023290
39710	39466	11	0.005337
39710	39339	7	0.003396
39710	39341	3	0.001456
39710	39472	85	0.041242
39710	39349	8	0.003882
39710	39540	6	0.002911
39710	39359	5	0.002426
39710	39744	13	0.006308
39710	39362	2	0.000970
39710	39751	7	0.003396
39710	39499	7	0.003396
39710	39758	2	0.000970
39710	39504	12	0.005822
39710	39377	18	0.008734
39710	39513	9	0.004367
39710	39518	3	0.001456
39710	39653	3	0.001456
39710	39525	1	0.000485
39710	39402	22	0.010674
39710	39535	8	0.003882
39710	39408	3	0.001456
39710	39668	1	0.000485
39710	39801	2	0.000970
39710	39547	25	0.012130
39301	39681	1	0.083333
39301	39504	2	0.166667
39301	39570	1	0.083333
39301	39508	4	0.333333
39301	39472	1	0.083333
39301	39451	6	0.500000
39301	39676	3	0.250000
39715	39801	1	0.002463
39715	39402	1	0.002463
39716	39547	4	0.500000
39719	39547	352	0.994350
39721	39355	1	0.004132
39721	39751	8	0.033058
39721	39273	2	0.008264
39721	39415	1	0.004132
39721	39597	1	0.004132
39721	39293	1	0.004132
39721	39504	1	0.004132
39721	39570	4	0.016529
39721	39583	1	0.004132
39721	39801	1	0.004132
39721	39339	1	0.004132
39721	39513	2747	11.351240
39721	39451	3	0.012397
39721	39580	1	0.004132
39721	39805	3	0.012397
39721	39710	1	0.004132
39721	39743	3	0.012397
39723	39504	1	0.013333
39723	39586	1	0.013333
39723	39492	1	0.013333
39723	39687	1	0.013333
39723	39730	1	0.013333
39723	39273	1	0.013333
39723	39466	2	0.026667
39723	39339	2	0.026667
39723	39570	2	0.026667
39723	39502	2	0.026667
39723	39341	1	0.013333
39723	39472	1	0.013333
39723	39473	1	0.013333
39723	39442	4	0.053333
39723	39758	1	0.013333
39723	39510	1	0.013333
39723	39748	1	0.013333
39723	39450	1	0.013333
39723	39451	1	0.013333
39723	39583	1	0.013333
39725	39439	2	0.001259
39725	39442	9	0.005668
39725	39447	2	0.001259
39725	39450	33	0.020781
39725	39451	110	0.069270
39725	39459	4	0.002519
39725	39465	125	0.078715
39725	39469	18	0.011335
39725	39472	21	0.013224
39725	39473	4	0.002519
39725	39474	4	0.002519
39725	39488	10	0.006297
39725	39493	2	0.001259
39725	39499	7	0.004408
39725	39500	2	0.001259
39725	39504	58	0.036524
39725	39508	1	0.000630
39725	39510	2	0.001259
39725	39513	22	0.013854
39725	39514	4	0.002519
39725	39518	4	0.002519
39725	39526	2	0.001259
39725	39533	8	0.005038
39725	39535	20	0.012594
39725	39537	2	0.001259
39725	39538	1	0.000630
39725	39540	2	0.001259
39725	39547	23	0.014484
39725	39553	6	0.003778
39725	39555	2	0.001259
39725	39558	2	0.001259
39725	39562	2	0.001259
39725	39563	10	0.006297
39725	39567	2	0.001259
39725	39570	12	0.007557
39725	39583	6	0.003778
39725	39586	44	0.027708
39725	39592	2	0.001259
39725	39600	1	0.000630
39725	39603	2	0.001259
39725	39610	2	0.001259
39725	39632	2	0.001259
39725	39636	2	0.001259
39725	39640	2	0.001259
39725	39645	2	0.001259
39725	39291	2	0.001259
39725	39655	4	0.002519
39725	39660	2	0.001259
39725	39293	9	0.005668
39725	39669	14	0.008816
39725	39674	2	0.001259
39725	39676	30	0.018892
39725	39678	2	0.001259
39725	39681	6	0.003778
39725	39683	1	0.000630
39725	39687	14	0.008816
39725	39690	16	0.010076
39725	39708	2	0.001259
39725	39709	2	0.001259
39725	39710	3	0.001889
39725	39726	2	0.001259
39725	39729	25	0.015743
39725	39732	2	0.001259
39725	39734	2	0.001259
39725	39743	20	0.012594
39725	39744	1	0.000630
39725	39745	2	0.001259
39725	39307	6	0.003778
39725	39748	4	0.002519
39725	39751	100	0.062972
39725	39753	4	0.002519
39725	39758	14	0.008816
39725	39765	2	0.001259
39725	39768	2	0.001259
39725	39769	2	0.001259
39725	39770	2	0.001259
39725	39774	2	0.001259
39725	39273	44	0.027708
39725	39789	2	0.001259
39725	39278	6	0.003778
39725	39795	2	0.001259
39725	39284	4	0.002519
39725	39286	2	0.001259
39725	39801	5	0.003149
39725	39803	2	0.001259
39725	39292	2	0.001259
39725	39805	2	0.001259
39725	39294	2	0.001259
39725	39807	29	0.018262
39725	39298	2	0.001259
39725	39299	4	0.002519
39725	39300	4	0.002519
39725	39303	4	0.002519
39725	39304	4	0.002519
39725	39818	2	0.001259
39725	39319	3	0.001889
39725	39308	14	0.008816
39725	39823	4	0.002519
39725	39313	8	0.005038
39725	39831	86	0.054156
39725	39833	4	0.002519
39725	39834	2	0.001259
39725	39336	2	0.001259
39725	39337	12	0.007557
39725	39339	11	0.006927
39725	39341	1295	0.815491
39725	39343	4	0.002519
39725	39346	4	0.002519
39725	39351	2	0.001259
39725	39352	2	0.001259
39725	39355	4	0.002519
39725	39359	12	0.007557
39725	39364	2	0.001259
39725	39372	2	0.001259
39725	39377	22	0.013854
39725	39384	6	0.003778
39725	39395	4	0.002519
39725	39402	5	0.003149
39725	39405	1	0.000630
39725	39410	2	0.001259
39725	39415	70	0.044081
39725	39416	2	0.001259
39728	39472	4	0.666667
39728	39553	2	0.333333
39729	39681	3	0.001076
39729	39299	2	0.000717
39729	39465	4	0.001435
39729	39553	14	0.005022
39729	39273	10	0.003587
39729	39562	8	0.002869
39729	39339	4	0.001435
39729	39308	7	0.002511
39729	39285	7	0.002511
39729	39415	2	0.000717
39729	39515	1	0.000359
39729	39708	7	0.002511
39729	39359	4	0.001435
39730	39681	2	0.027397
39730	39563	1	0.013699
39730	39748	1	0.013699
39730	39622	1	0.013699
39730	39339	2	0.027397
39730	39758	2	0.027397
39730	39535	2	0.027397
39730	39570	1	0.013699
39730	39278	1	0.013699
39730	39450	11	0.150685
39730	39359	2	0.027397
39731	39547	26	5.200000
39732	39586	3	0.027523
39732	39515	3	0.027523
39732	39273	4	0.036697
39732	39596	3	0.027523
39732	39513	5	0.045872
39732	39451	2	0.018349
39732	39741	2	0.018349
39732	39359	3	0.027523
39733	39339	2	0.133333
39733	39562	1	0.066667
39733	39551	1	0.066667
39733	39469	26	1.733333
39733	39583	1	0.066667
39734	39552	1	0.003690
39734	39681	1	0.003690
39734	39434	1	0.003690
39734	39687	2	0.007380
39734	39465	1	0.003690
39734	39466	47	0.173432
39734	39834	1	0.003690
39734	39504	2	0.007380
39734	39570	2	0.007380
39734	39801	2	0.007380
39734	39322	1	0.003690
39734	39547	1	0.003690
39734	39402	1	0.003690
39734	39359	1	0.003690
39735	39693	1	0.111111
39741	39743	2	0.007463
39741	39513	2	0.007463
39741	39273	1	0.003731
39741	39562	2	0.007463
39741	39339	2	0.007463
39741	39359	1	0.003731
39741	39415	1	0.003731
39741	39833	2	0.007463
39741	39322	1	0.003731
39741	39451	4	0.014925
39741	39804	3	0.011194
39741	39466	1	0.003731
39741	39518	1	0.003731
39741	39583	2	0.007463
39742	39617	147	0.781915
39742	39367	141	0.750000
39742	39465	1	0.005319
39742	39562	4	0.021277
39742	39307	141	0.750000
39742	39341	2	0.010638
39742	39377	1	0.005319
39742	39410	142	0.755319
39742	39801	282	1.500000
39743	39472	1	0.004292
39743	39687	3	0.012876
39743	39465	1	0.004292
39743	39726	2	0.008584
39743	39343	1	0.004292
39743	39504	2	0.008584
39743	39377	3	0.012876
39743	39415	1	0.004292
39743	39553	1	0.004292
39743	39322	2	0.008584
39743	39583	1	0.004292
39743	39804	2	0.008584
39743	39359	1	0.004292
39744	39553	17	0.002886
39744	39563	1	0.000170
39744	39825	15	0.002546
39744	39513	1	0.000170
39744	39450	2	0.000340
39744	39710	20	0.003395
39744	39456	2	0.000340
39744	39586	1	0.000170
39744	39588	8	0.001358
39744	39336	2	0.000340
39744	39465	4	0.000679
39744	39466	1	0.000170
39744	39339	14	0.002377
39744	39725	1	0.000170
39744	39472	28	0.004753
39744	39474	2	0.000340
39744	39349	2	0.000340
39744	39359	3	0.000509
39744	39743	7	0.001188
39744	39622	1	0.000170
39744	39751	33	0.005602
39744	39499	2	0.000340
39744	39500	9	0.001528
39744	39758	2	0.000340
39744	39375	2	0.000340
39744	39508	1	0.000170
39744	39765	1	0.000170
39744	39332	3	0.000509
39744	39521	4	0.000679
39744	39441	17	0.002886
39744	39535	1	0.000170
39744	39415	1	0.000170
39744	39547	8	0.001358
39744	39676	3	0.000509
39744	39805	2	0.000340
39745	39600	12	3.000000
39745	39553	9	2.250000
39745	39273	5	1.250000
39745	39472	4	1.000000
39745	39540	4	1.000000
39745	39294	8	2.000000
39745	39546	4	1.000000
39745	39547	1	0.250000
39745	39612	2	0.500000
39745	39710	4	1.000000
39747	39562	2	0.025316
39747	39687	2	0.025316
39747	39402	4	0.050633
39747	39339	4	0.050633
39747	39341	6	0.075949
39747	39277	2	0.025316
39747	39504	6	0.075949
39747	39284	2	0.025316
39747	39415	4	0.050633
39747	39412	24	0.303797
39747	39450	4	0.050633
39747	39583	2	0.025316
39747	39466	2	0.025316
39747	39743	10	0.126582
39748	39553	2	0.007722
39748	39687	2	0.007722
39748	39580	252	0.972973
39748	39751	302	1.166023
39748	39308	2	0.007722
39748	39469	2	0.007722
39748	39293	2	0.007722
39748	39433	2	0.007722
39748	39341	2	0.007722
39748	39451	6	0.023166
39748	39676	8	0.030888
39748	39741	2	0.007722
39749	39686	3	0.032609
39749	39465	6	0.065217
39749	39768	6	0.065217
39749	39514	1	0.010870
39749	39355	1	0.010870
39749	39359	1	0.010870
39803	39465	15	0.517241
39803	39450	3	0.103448
39758	39442	1	0.001783
39758	39751	1	0.001783
39758	39402	1	0.001783
39758	39339	1	0.001783
39758	39725	1	0.001783
39758	39469	1	0.001783
39758	39313	1	0.001783
39758	39570	2	0.003565
39758	39341	2	0.003565
39758	39547	1	0.001783
39758	39710	2	0.003565
39758	39743	6	0.010695
39762	39684	1	0.010870
39762	39304	2	0.021739
39762	39479	48	0.521739
39762	39474	7	0.076087
39762	39447	4	0.043478
39762	39576	1	0.010870
39762	39801	1	0.010870
39762	39356	10	0.108696
39765	39553	2	0.001912
39765	39451	2	0.001912
39765	39492	2	0.001912
39765	39600	2	0.001912
39765	39472	5	0.004780
39765	39442	4	0.003824
39765	39540	2	0.001912
39765	39547	2	0.001912
39765	39291	2	0.001912
39766	39600	630	0.841121
39766	39622	630	0.841121
39768	39299	2	0.000882
39768	39687	2	0.000882
39768	39562	5	0.002205
39768	39563	2	0.000882
39768	39570	4	0.001764
39768	39319	2848	1.255732
39768	39833	1	0.000441
39768	39834	2	0.000882
39768	39451	5	0.002205
39768	39586	1	0.000441
39768	39465	2	0.000882
39768	39472	4	0.001764
39768	39603	1	0.000441
39768	39747	2	0.000882
39768	39364	2	0.000882
39768	39751	16	0.007055
39768	39370	29	0.012787
39768	39504	7	0.003086
39768	39377	4	0.001764
39768	39513	4	0.001764
39768	39391	9	0.003968
39768	39655	3	0.001323
39768	39314	2	0.000882
39768	39801	4	0.001764
39768	39676	3	0.001323
39768	39293	4	0.001764
39769	39450	2	0.666667
39769	39341	4	1.333333
39770	39339	21	0.362069
39567	39339	3	0.055556
39774	39681	121	0.876812
39774	39655	1	0.007246
39774	39465	1	0.007246
39774	39469	121	0.876812
39774	39729	17	0.123188
39774	39570	138	1.000000
39774	39359	1	0.007246
39777	39622	4	0.032000
39778	39553	1	0.031250
39778	39298	1	0.031250
39778	39352	1	0.031250
39778	39579	1	0.031250
39778	39416	1	0.031250
39778	39745	1	0.031250
39778	39273	1	0.031250
39778	39660	1	0.031250
39778	39341	1	0.031250
39778	39439	1	0.031250
39778	39472	19	0.593750
39778	39384	1	0.031250
39778	39570	1	0.031250
39778	39603	1	0.031250
39778	39547	1	0.031250
39778	39768	1	0.031250
39778	39545	1	0.031250
39778	39450	1	0.031250
39778	39291	20	0.625000
39778	39346	1	0.031250
39778	39747	1	0.031250
39273	39450	33	0.942857
39273	39339	34	0.971429
39788	39451	1	0.029412
39277	39803	6	0.666667
39277	39339	1	0.111111
39277	39751	3	0.333333
39278	39299	1	0.005952
39278	39307	3	0.017857
39278	39694	1	0.005952
39278	39442	2	0.011905
39278	39710	3	0.017857
39278	39716	2	0.011905
39278	39674	3	0.017857
39278	39466	1	0.005952
39278	39472	2	0.011905
39278	39734	2	0.011905
39278	39622	1	0.005952
39278	39751	3	0.017857
39278	39372	3	0.017857
39278	39758	3	0.017857
39278	39504	3	0.017857
39278	39508	3	0.017857
39278	39513	10	0.059524
39278	39418	1	0.005952
39278	39402	1	0.005952
39278	39798	3	0.017857
39278	39546	1	0.005952
39278	39547	1	0.005952
39279	39552	3	0.096774
39279	39360	3	0.096774
39279	39684	3	0.096774
39279	39429	3	0.096774
39279	39687	3	0.096774
39279	39737	3	0.096774
39279	39691	3	0.096774
39279	39309	3	0.096774
39279	39310	2	0.064516
39279	39695	3	0.096774
39279	39312	3	0.096774
39279	39700	3	0.096774
39279	39576	3	0.096774
39279	39577	2	0.064516
39279	39706	3	0.096774
39279	39450	24	0.774194
39279	39583	1	0.032258
39279	39643	3	0.096774
39279	39341	1	0.032258
39279	39589	2	0.064516
39279	39718	3	0.096774
39279	39593	3	0.096774
39279	39595	3	0.096774
39279	39468	3	0.096774
39279	39602	3	0.096774
39279	39599	3	0.096774
39279	39751	3	0.096774
39279	39604	3	0.096774
39279	39353	3	0.096774
39279	39354	3	0.096774
39279	39391	3	0.096774
39279	39485	3	0.096774
39279	39696	3	0.096774
39279	39744	1	0.032258
39279	39746	2	0.064516
39279	39494	3	0.096774
39279	39367	3	0.096774
39279	39628	1	0.032258
39279	39500	28	0.903226
39279	39375	3	0.096774
39279	39381	3	0.096774
39279	39766	2	0.064516
39279	39639	3	0.096774
39279	39387	3	0.096774
39279	39772	2	0.064516
39279	39647	5	0.161290
39279	39777	3	0.096774
39279	39334	3	0.096774
39279	39782	2	0.064516
39279	39400	3	0.096774
39279	39529	3	0.096774
39279	39402	3	0.096774
39279	39534	3	0.096774
39279	39476	2	0.064516
39279	39794	3	0.096774
39279	39411	2	0.064516
39279	39327	2	0.064516
39279	39673	3	0.096774
39279	39805	1	0.032258
39280	39547	26	0.433333
39283	39273	6	0.005888
39283	39690	12	0.011776
39283	39831	6	0.005888
39284	39336	1	0.040000
39284	39415	1	0.040000
39284	39303	11	0.440000
39285	39408	2	0.057143
39285	39729	2	0.057143
39285	39354	2	0.057143
39286	39488	1	0.007143
39286	39324	1	0.007143
39289	39472	6008	48.064000
39289	39525	125	1.000000
39290	39442	2	0.285714
39291	39553	4	0.005044
39291	39299	6	0.007566
39291	39686	2	0.002522
39291	39563	2	0.002522
39291	39700	2	0.002522
39291	39336	2	0.002522
39291	39465	6	0.007566
39291	39594	10	0.012610
39291	39469	2	0.002522
39291	39472	6	0.007566
39291	39353	2	0.002522
39291	39359	2	0.002522
39291	39415	4	0.005044
39291	39375	3	0.003783
39291	39377	2	0.002522
39291	39513	10	0.012610
39291	39778	8	0.010088
39291	39273	6	0.007566
39291	39538	1	0.001261
39291	39540	12	0.015132
39291	39337	5	0.006305
39291	39545	2	0.002522
39291	39293	2	0.002522
39804	39322	10	2.000000
39804	39547	15	3.000000
39294	39745	3	0.005329
39294	39474	2	0.003552
39294	39442	1	0.001776
39294	39337	5	0.008881
39294	39725	1	0.001776
39294	39469	1	0.001776
39294	39472	3	0.005329
39294	39570	2	0.003552
39294	39443	1	0.001776
39294	39433	1	0.001776
39294	39547	2	0.003552
39294	39710	2	0.003552
39294	39359	4	0.007105
39807	39586	1	0.003546
39807	39387	1	0.003546
39807	39302	1	0.003546
39807	39753	1	0.003546
39807	39627	2	0.007092
39807	39725	6	0.021277
39807	39406	1	0.003546
39807	39533	1	0.003546
39807	39602	1	0.003546
39807	39547	1	0.003546
39807	39817	1	0.003546
39807	39513	1	0.003546
39807	39450	4	0.014184
39807	39579	1	0.003546
39297	39751	20	1.666667
39297	39583	12	1.000000
39297	39831	86	7.166667
39298	39586	40	1.000000
39298	39399	40	1.000000
39299	39402	1	0.006849
39299	39339	1	0.006849
39299	39278	1	0.006849
39299	39570	22	0.150685
39299	39669	1	0.006849
39299	39801	1	0.006849
39299	39451	1	0.006849
39299	39676	4	0.027397
39300	39442	1	0.034483
39300	39653	1	0.034483
39300	39805	2	0.068966
39300	39831	11	0.379310
39813	39745	7	0.012590
39813	39474	2	0.003597
39813	39442	1	0.001799
39813	39433	3	0.005396
39813	39725	3	0.005396
39813	39469	1	0.001799
39813	39472	7	0.012590
39813	39570	6	0.010791
39813	39443	3	0.005396
39813	39710	2	0.003597
39813	39337	7	0.012590
39813	39547	2	0.003597
39813	39294	827	1.487410
39813	39359	4	0.007194
39302	39570	2	0.666667
39302	39751	4	1.333333
39303	39284	1	0.011111
39303	39805	1	0.011111
39303	39302	1	0.011111
39303	39751	22	0.244444
39304	39547	5	0.003709
39304	39748	1	0.000742
39304	39535	2	0.001484
39304	39466	2	0.001484
39304	39469	9	0.006677
39304	39758	1	0.000742
39304	39725	1	0.000742
39304	39472	1	0.000742
39304	39474	12	0.008902
39304	39795	1	0.000742
39304	39570	5	0.003709
39304	39415	5	0.003709
39304	39715	3	0.002226
39304	39451	16	0.011869
39304	39676	1	0.000742
39817	39406	2	0.666667
39818	39547	2	0.020000
39307	39617	1	0.001961
39307	39362	1	0.001961
39307	39402	4	0.007843
39307	39725	1	0.001961
39307	39535	2	0.003922
39307	39410	1	0.001961
39307	39570	1	0.001961
39307	39801	87	0.170588
39307	39742	1	0.001961
39308	39450	1	0.020833
39308	39322	3	0.062500
39308	39395	1	0.020833
39308	39570	3	0.062500
39308	39687	1	0.020833
39822	39547	32	3.200000
39823	39339	1	0.032258
39823	39696	1	0.032258
39823	39313	1	0.032258
39823	39346	1	0.032258
39823	39317	1	0.032258
39823	39639	1	0.032258
39823	39513	1	0.032258
39823	39451	3	0.096774
39823	39676	1	0.032258
39312	39758	1	0.030303
39313	39299	2	0.006006
39313	39335	1	0.003003
39313	39753	1	0.003003
39313	39339	1	0.003003
39313	39741	1	0.003003
39313	39570	2	0.006006
39313	39765	1	0.003003
39313	39433	1	0.003003
39313	39450	1	0.003003
39313	39517	1	0.003003
39826	39273	3	0.031915
39306	39547	5	0.555556
39306	39716	30	3.333333
39828	39801	12	0.050209
39828	39466	239	1.000000
39828	39339	1	0.004184
39828	39372	10	0.041841
39829	39604	3	0.130435
39831	39513	2	0.002789
39831	39751	213	0.297071
39831	39314	1	0.001395
39831	39415	2	0.002789
39831	39769	1	0.001395
39831	39450	1	0.001395
39831	39743	2	0.002789
39831	39805	15	0.020921
39831	39583	712	0.993026
39833	39273	4	1.333333
39833	39277	2	0.666667
39833	39751	6	2.000000
39834	39472	1	0.016949
39834	39341	2	0.033898
39834	39725	1	0.016949
39323	39433	2	0.005305
39323	39494	1	0.002653
39323	39751	2	0.005305
39323	39273	2	0.005305
39323	39310	1	0.002653
39323	39439	3	0.007958
39323	39570	2	0.005305
39323	39508	2	0.005305
39323	39831	4	0.010610
39323	39412	1	0.002653
39323	39805	5	0.013263
39323	39743	8	0.021220
39836	39681	7042	43.202454
39836	39299	1	0.006135
39836	39465	2	0.012270
39836	39377	1	0.006135
39836	39381	158	0.969325
39836	39753	2	0.012270
39322	39433	1	1.000000
39322	39596	1	1.000000
39322	39804	1	1.000000
39328	39465	9	9.000000
39329	39562	2	1.000000
39329	39747	2	1.000000
39329	39339	8	4.000000
39329	39743	2	1.000000
39330	39552	1	0.003690
39330	39681	1	0.003690
39330	39434	1	0.003690
39330	39687	2	0.007380
39330	39465	1	0.003690
39330	39466	47	0.173432
39330	39834	1	0.003690
39330	39504	2	0.007380
39330	39570	2	0.007380
39330	39734	23220	85.682657
39330	39801	2	0.007380
39330	39322	1	0.003690
39330	39547	1	0.003690
39330	39402	1	0.003690
39330	39359	1	0.003690
39332	39465	12	1.333333
39332	39515	2	0.222222
39806	39450	1	0.033333
39335	39553	2	0.003854
39335	39352	2	0.003854
39335	39745	2	0.003854
39335	39660	2	0.003854
39335	39565	1	0.001927
39335	39439	3	0.005780
39335	39537	2	0.003854
39335	39762	2	0.003854
39335	39555	2	0.003854
39335	39797	2	0.003854
39335	39384	2	0.003854
39335	39513	2	0.003854
39335	39610	2	0.003854
39335	39708	2	0.003854
39336	39744	1	0.005556
39336	39337	1	0.005556
39336	39710	1	0.005556
39337	39744	2	0.001711
39337	39553	7	0.005988
39337	39818	8	0.006843
39337	39442	30	0.025663
39337	39321	2	0.001711
39337	39710	4	0.003422
39337	39472	76	0.065013
39337	39336	2	0.001711
39337	39465	6	0.005133
39337	39594	12	0.010265
39337	39600	7	0.005988
39337	39474	2	0.001711
39337	39603	8	0.006843
39337	39540	2	0.001711
39337	39356	10	0.008554
39337	39488	8	0.006843
39337	39492	18	0.015398
39337	39765	6	0.005133
39337	39768	138	0.118050
39337	39547	6	0.005133
39337	39405	2	0.001711
39337	39668	2	0.001711
39337	39545	2	0.001711
39337	39546	2	0.001711
39337	39291	6	0.005133
39337	39294	6	0.005133
39339	39681	1	0.001267
39339	39298	1	0.001267
39339	39558	1	0.001267
39339	39553	1	0.001267
39339	39439	1	0.001267
39339	39570	738	0.935361
39339	39579	1	0.001267
39339	39453	1	0.001267
39339	39725	1	0.001267
39339	39346	1	0.001267
39339	39732	1	0.001267
39339	39352	1	0.001267
39339	39356	1	0.001267
39339	39751	1	0.001267
39339	39371	1	0.001267
39339	39631	1	0.001267
39339	39384	1	0.001267
39339	39769	2	0.002535
39339	39778	1	0.001267
39339	39526	1	0.001267
39339	39528	1	0.001267
39339	39273	1	0.001267
39339	39285	1	0.001267
39339	39416	1	0.001267
39341	39299	2	0.009615
39341	39687	6	0.028846
39341	39308	14	0.067308
39341	39725	2	0.009615
39341	39442	4	0.019231
39341	39316	206	0.990385
39341	39450	4	0.019231
39341	39451	2	0.009615
39341	39583	9	0.043269
39341	39332	1	0.004808
39341	39339	1	0.004808
39341	39469	6	0.028846
39341	39343	207	0.995192
39341	39355	2	0.009615
39341	39359	2	0.009615
39341	39533	2	0.009615
39341	39751	6	0.028846
39341	39371	409	1.966346
39341	39504	2	0.009615
39341	39377	2	0.009615
39341	39510	5	0.024038
39341	39513	2	0.009615
39341	39515	1	0.004808
39341	39632	2	0.009615
39341	39273	1	0.004808
39341	39570	1	0.004808
39341	39415	2	0.009615
39341	39743	2	0.009615
39341	39805	2	0.009615
39343	39751	4	0.076923
39343	39273	1	0.019231
39343	39371	104	2.000000
39343	39341	210	4.038462
39343	39504	2	0.038462
39343	39316	52	1.000000
39343	39355	2	0.038462
39343	39805	2	0.038462
39343	39583	2	0.038462
39344	39570	1	0.058824
39344	39355	4	0.235294
39344	39805	2	0.117647
39345	39472	12	0.011194
39345	39525	1	0.000933
39345	39751	7	0.006530
39345	39466	3	0.002799
39345	39341	3	0.002799
39345	39504	5	0.004664
39345	39540	2	0.001866
39345	39668	1	0.000933
39345	39349	2	0.001866
39345	39801	15	0.013993
39345	39553	2	0.001866
39345	39513	9	0.008396
39345	39547	9	0.008396
39345	39402	17	0.015858
39345	39710	56627	52.823694
39345	39743	1	0.000933
39346	39371	1	0.000778
39346	39469	2	0.001556
39346	39736	1	0.000778
39346	39513	19	0.014786
39346	39451	2	0.001556
39346	39453	5	0.003891
39349	39472	1	0.008000
39349	39402	2	0.016000
39349	39466	1	0.008000
39350	39472	8	4.000000
39351	39395	1	0.032258
39351	39465	1	0.032258
39351	39596	1	0.032258
39351	39344	1	0.032258
39351	39352	1	0.032258
39351	39743	1	0.032258
39351	39359	1	0.032258
39352	39553	1	0.019231
39352	39513	2	0.038462
39352	39377	1	0.019231
39352	39273	2	0.038462
39353	39744	6	0.018987
39353	39751	5	0.015823
39354	39381	2	0.025000
39355	39570	1	0.013699
39356	39684	204	1.000000
39356	39447	2	0.009804
39356	39563	1	0.004902
39356	39762	1	0.004902
39356	39472	1	0.004902
39356	39474	206	1.009804
39356	39479	2	0.009804
39358	39488	1	0.012987
39358	39620	2	0.025974
39358	39273	1	0.012987
39358	39729	1	0.012987
39358	39442	2	0.025974
39358	39450	81	1.051948
39358	39451	3	0.038961
39358	39743	3	0.038961
39359	39617	2	0.006116
39359	39586	6	0.018349
39359	39395	2	0.006116
39359	39687	6	0.018349
39359	39751	4	0.012232
39359	39596	2	0.006116
39359	39341	2	0.006116
39359	39343	6	0.018349
39359	39499	23	0.070336
39359	39570	324	0.990826
39359	39804	2	0.006116
39359	39743	3	0.009174
39362	39674	2	1.000000
39362	39547	18	9.000000
39362	39716	2	1.000000
39362	39446	2	1.000000
39364	39553	2	0.007692
39364	39748	382	1.469231
39364	39676	8	0.030769
39364	39687	2	0.007692
39364	39433	2	0.007692
39364	39751	303	1.165385
39364	39308	2	0.007692
39364	39469	2	0.007692
39364	39293	2	0.007692
39364	39341	2	0.007692
39364	39451	6	0.023077
39364	39580	253	0.973077
39364	39741	2	0.007692
39365	39472	1	0.041667
39365	39291	1	0.041667
39369	39604	5	0.063291
39369	39381	3	0.037975
39370	39319	1	0.000998
39370	39433	1	0.000998
39370	39563	1	0.000998
39370	39469	3	0.002994
39370	39570	1	0.000998
39370	39831	4	0.003992
39370	39451	3	0.002994
39370	39583	1	0.000998
39370	39339	7	0.006986
39370	39341	1	0.000998
39370	39741	1	0.000998
39370	39751	2	0.001996
39370	39371	2	0.001996
39370	39377	4	0.003992
39370	39768	8	0.007984
39370	39513	2	0.001996
39370	39515	1	0.000998
39370	39655	1	0.000998
39370	39273	9	0.008982
39370	39442	1	0.000998
39370	39278	2	0.001996
39370	39676	1	0.000998
39371	39450	1	1.000000
39371	39339	2	2.000000
39371	39570	1	1.000000
39372	39472	1	0.001517
39372	39466	9	0.013657
39372	39499	3	0.004552
39372	39500	1	0.001517
39372	39402	3	0.004552
39314	39687	1	0.015625
39314	39465	1	0.015625
39314	39562	1	0.015625
39314	39341	1	0.015625
39314	39831	6	0.093750
39314	39450	1	0.015625
39314	39547	1	0.015625
39314	39434	1	0.015625
39375	39463	1	0.000694
39375	39402	1	0.000694
39375	39339	3	0.002082
39375	39570	1	0.000694
39375	39758	1	0.000694
39375	39538	20	0.013879
39375	39547	2	0.001388
39375	39710	2	0.001388
39377	39831	1	0.017544
39377	39299	1	0.017544
39377	39743	1	0.017544
39381	39392	5	0.000900
39381	39681	54	0.009719
39381	39586	3	0.000540
39381	39622	1	0.000180
39381	39729	2	0.000360
39381	39592	1	0.000180
39381	39466	2	0.000360
39381	39500	1	0.000180
39381	39725	1	0.000180
39381	39408	1	0.000180
39381	39313	1	0.000180
39381	39442	1	0.000180
39381	39642	1	0.000180
39381	39547	2	0.000360
39381	39836	2	0.000360
39381	39418	1	0.000180
39381	39710	1	0.000180
39382	39747	87	0.988636
39382	39492	1	0.011364
39382	39273	1	0.011364
39382	39562	87	0.988636
39382	39339	348	3.954545
39382	39442	10	0.113636
39382	39725	1	0.011364
39382	39570	80	0.909091
39382	39510	1	0.011364
39382	39450	1	0.011364
39382	39563	1	0.011364
39382	39743	87	0.988636
39384	39746	1	0.011765
39384	39515	1	0.011765
39384	39526	1	0.011765
39384	39304	2	0.023529
39384	39273	2	0.023529
39384	39691	1	0.011765
39384	39308	1	0.011765
39384	39565	4	0.047059
39384	39725	1	0.011765
39384	39504	1	0.011765
39384	39570	2	0.023529
39384	39415	3	0.035294
39384	39770	4	0.047059
39384	39343	1	0.011765
39384	39678	1	0.011765
39385	39402	1	0.010870
39385	39662	28	0.304348
39385	39807	4	0.043478
39391	39747	3	0.004231
39391	39622	5	0.007052
39391	39753	1	0.001410
39391	39402	3	0.004231
39391	39533	2	0.002821
39391	39504	1	0.001410
39391	39510	6	0.008463
39391	39319	3	0.004231
39391	39768	1	0.001410
39391	39743	2	0.002821
39392	39381	123	2.196429
39395	39322	55	1.037736
39395	39596	1	0.018868
39399	39552	1	0.010526
39399	39684	1	0.010526
39399	39429	1	0.010526
39399	39691	1	0.010526
39399	39309	1	0.010526
39399	39695	1	0.010526
39399	39312	1	0.010526
39399	39700	1	0.010526
39399	39576	1	0.010526
39399	39706	1	0.010526
39399	39327	1	0.010526
39399	39387	1	0.010526
39399	39622	95	1.000000
39399	39718	1	0.010526
39399	39593	1	0.010526
39399	39595	1	0.010526
39399	39468	1	0.010526
39399	39599	1	0.010526
39399	39602	1	0.010526
39399	39604	1	0.010526
39399	39353	1	0.010526
39399	39354	1	0.010526
39399	39391	1	0.010526
39399	39485	1	0.010526
39399	39696	1	0.010526
39399	39360	1	0.010526
39399	39746	1	0.010526
39399	39494	1	0.010526
39399	39375	1	0.010526
39399	39381	1	0.010526
39399	39766	1	0.010526
39399	39737	1	0.010526
39399	39643	1	0.010526
39399	39647	1	0.010526
39399	39777	1	0.010526
39399	39334	1	0.010526
39399	39400	1	0.010526
39399	39534	1	0.010526
39399	39794	1	0.010526
39399	39673	1	0.010526
39400	39622	2	0.011236
39402	39429	5	0.014620
39402	39688	8	0.023392
39402	39307	6	0.017544
39402	39312	5	0.014620
39402	39570	4	0.011696
39402	39828	6	0.017544
39402	39446	6	0.017544
39402	39450	8	0.023392
39402	39710	6	0.017544
39402	39584	1	0.002924
39402	39715	6	0.017544
39402	39716	6	0.017544
39402	39546	8	0.023392
39402	39466	6	0.017544
39402	39339	2	0.005848
39402	39601	2	0.005848
39402	39474	8	0.023392
39402	39349	4	0.011696
39402	39734	6	0.017544
39402	39622	2	0.005848
39402	39751	28	0.081871
39402	39626	6	0.017544
39402	39372	6	0.017544
39402	39758	20	0.058480
39402	39504	14	0.040936
39402	39508	12	0.035088
39402	39674	6	0.017544
39402	39391	10	0.029240
39402	39785	1	0.002924
39402	39535	6	0.017544
39402	39408	8	0.023392
39402	39798	8	0.023392
39402	39418	6	0.017544
39402	39547	6	0.017544
39403	39451	3	0.166667
39403	39676	1	0.055556
39404	39562	2	1.000000
39404	39747	2	1.000000
39404	39339	8	4.000000
39404	39743	2	1.000000
39405	39600	30	0.625000
39405	39337	2	0.041667
39405	39276	2	0.041667
39405	39472	2	0.041667
39405	39570	2	0.041667
39405	39294	2	0.041667
39406	39579	1	0.166667
39406	39817	6	1.000000
39406	39371	2	0.333333
39406	39725	1	0.166667
39406	39662	1	0.166667
39406	39504	1	0.166667
39406	39570	1	0.166667
39406	39602	1	0.166667
39406	39513	1	0.166667
39406	39418	2	0.333333
39406	39387	3	0.500000
39406	39807	1	0.166667
39407	39402	2	0.013423
39408	39434	1	0.001466
39408	39468	5	0.007331
39408	39466	104	0.152493
39408	39499	7	0.010264
39408	39372	1	0.001466
39408	39834	1	0.001466
39408	39758	1	0.001466
39408	39535	1	0.001466
39408	39504	2	0.002933
39408	39729	1	0.001466
39408	39474	1	0.001466
39408	39508	1	0.001466
39408	39734	2	0.002933
39408	39415	1	0.001466
39408	39801	11	0.016129
39408	39828	1	0.001466
39408	39402	6	0.008798
39408	39354	5	0.007331
39410	39535	1	0.019608
39410	39617	2	0.039216
39410	39307	1	0.019608
39410	39742	2	0.039216
39410	39367	1	0.019608
39412	39747	739	8.397727
39412	39562	3	0.034091
39412	39687	3	0.034091
39412	39402	4	0.045455
39412	39339	4	0.045455
39412	39341	7	0.079545
39412	39277	3	0.034091
39412	39504	9	0.102273
39412	39284	2	0.022727
39412	39415	5	0.056818
39412	39450	6	0.068182
39412	39583	2	0.022727
39412	39466	2	0.022727
39412	39743	14	0.159091
39413	39565	1	0.071429
39414	39433	1	0.001198
39414	39313	1	0.001198
39414	39831	6	0.007186
39414	39450	1	0.001198
39414	39451	8	0.009581
39414	39583	2	0.002395
39414	39586	1	0.001198
39414	39466	1	0.001198
39414	39339	3	0.003593
39414	39596	1	0.001198
39414	39725	1	0.001198
39414	39726	2	0.002395
39414	39477	1	0.001198
39414	39743	1	0.001198
39414	39751	4	0.004790
39414	39513	3	0.003593
39414	39517	1	0.001198
39414	39518	1	0.001198
39414	39398	14	0.016766
39414	39273	2	0.002395
39414	39415	6	0.007186
39414	39676	1	0.001198
39415	39553	2	0.009091
39415	39355	1	0.004545
39415	39748	1	0.004545
39415	39751	185	0.840909
39415	39339	1	0.004545
39415	39469	36	0.163636
39415	39293	1	0.004545
39415	39472	7	0.031818
39415	39570	32	0.145455
39415	39632	8	0.036364
39415	39450	110	0.500000
39415	39451	2	0.009091
39415	39676	1	0.004545
39415	39805	26	0.118182
39415	39743	1	0.004545
39416	39562	1	0.004902
39416	39442	1	0.004902
39416	39445	1	0.004902
39416	39833	1	0.004902
39416	39450	2	0.009804
39416	39451	3	0.014706
39416	39834	1	0.004902
39416	39586	1	0.004902
39416	39459	1	0.004902
39416	39332	1	0.004902
39416	39719	1	0.004902
39416	39341	5	0.024510
39416	39343	1	0.004902
39416	39747	1	0.004902
39416	39749	3	0.014706
39416	39751	1	0.004902
39416	39753	6	0.029412
39416	39513	2	0.009804
39416	39515	1	0.004902
39416	39273	4	0.019608
39416	39570	2	0.009804
39416	39551	134	0.656863
39418	39387	1	0.001083
39418	39579	1	0.001083
39418	39513	1	0.001083
39418	39335	1	0.001083
39418	39817	4	0.004334
39418	39402	9	0.009751
39418	39339	8	0.008667
39418	39474	1	0.001083
39418	39662	3	0.003250
39418	39341	1	0.001083
39418	39313	1	0.001083
39418	39602	1	0.001083
39418	39415	1	0.001083
39418	39758	4	0.004334
39418	39547	1	0.001083
39418	39801	4	0.004334
39418	39385	1	0.001083
39418	39451	1	0.001083
39418	39517	1	0.001083
39418	39710	1	0.001083
39418	39807	2	0.002167
39420	39553	2	0.133333
39420	39335	1	0.066667
39420	39273	3	0.200000
39420	39339	1	0.066667
39420	39728	1	0.066667
39420	39313	1	0.066667
39420	39570	1	0.066667
39420	39472	2	0.133333
39420	39450	1	0.066667
39420	39517	1	0.066667
