Src	Trg	LinkCount	RelLinkCount
58248	58274	20	0.007654
58248	58565	4	0.001531
58248	58460	7	0.002679
58248	58446	1	0.000383
58248	58389	3	0.001148
58248	58328	1	0.000383
58248	58394	135	0.051665
58248	58715	15	0.005741
58248	59068	2	0.000765
58250	59062	1	0.052632
58250	58639	1	0.052632
58251	58528	1	0.003663
58251	58883	1	0.003663
58251	58502	2	0.007326
58251	58507	1	0.003663
58251	59118	1	0.003663
58251	58484	34	0.124542
58251	59062	247	0.904762
58251	58906	1	0.003663
58252	59062	1	0.333333
58252	58903	1	0.333333
58253	59073	3	0.034483
58253	58851	2	0.022989
58253	58502	1	0.011494
58253	58314	2	0.022989
58253	58507	2	0.022989
58253	58576	2	0.022989
58253	58515	2	0.022989
58253	59062	1	0.011494
58253	58649	1	0.011494
58253	58399	1	0.011494
58253	58378	2	0.022989
58253	58686	2	0.022989
58253	58847	1	0.011494
58255	58730	1	0.014706
58255	58877	1	0.014706
58257	59013	28	2.000000
58257	59062	1	0.071429
58260	59073	2	0.008264
58260	58338	12	0.049587
58260	58503	11	0.045455
58260	58444	13	0.053719
58260	58274	15	0.061983
58260	58359	14	0.057851
58260	58715	1	0.004132
58260	58460	1	0.004132
58261	59062	1	0.090909
58261	58639	1	0.090909
58262	58442	1	0.011905
58262	58628	1	0.011905
58262	59062	3	0.035714
58263	58792	1	0.045455
58263	58801	1	0.045455
58263	59062	1	0.045455
58263	58903	1	0.045455
58264	58628	1	0.019231
58264	58274	2	0.038462
58264	58811	1	0.019231
58264	58884	1	0.019231
58264	58558	1	0.019231
58265	58730	6	0.375000
58265	59062	1	0.062500
58266	58274	6	0.020408
58266	58409	1	0.003401
58266	58666	1	0.003401
58266	58571	2	0.006803
58266	58893	7	0.023810
58266	58834	1	0.003401
58266	58292	1	0.003401
58266	58442	1	0.003401
58266	58745	1	0.003401
58266	58460	18	0.061224
58266	58973	9	0.030612
58266	58622	1	0.003401
58266	58975	1	0.003401
58268	59062	1	0.052632
58268	58639	1	0.052632
58270	58274	26	0.010172
58270	58565	4	0.001565
58270	58460	7	0.002739
58270	58446	1	0.000391
58270	58389	3	0.001174
58270	58328	1	0.000391
58270	58394	135	0.052817
58270	58715	15	0.005869
58270	59068	2	0.000782
58273	59013	1	0.012048
58273	58883	1	0.012048
58273	58277	1	0.012048
58273	59062	3	0.036145
58273	58903	1	0.012048
58274	58881	3	0.003405
58274	58883	1	0.001135
58274	59013	23	0.026107
58274	58502	3	0.003405
58274	58753	1	0.001135
58274	58632	1	0.001135
58274	58890	83	0.094211
58274	58507	3	0.003405
58274	58508	1	0.001135
58274	58381	1	0.001135
58274	59024	1	0.001135
58274	58643	24	0.027242
58274	58263	1	0.001135
58274	58265	4	0.004540
58274	58522	1	0.001135
58274	58629	1	0.001135
58274	58374	1	0.001135
58274	58792	41	0.046538
58274	58666	1	0.001135
58274	59057	1	0.001135
58274	58548	20	0.022701
58274	58590	1	0.001135
58274	59062	42	0.047673
58274	58298	6	0.006810
58274	58783	1	0.001135
58274	58378	2	0.002270
58274	59073	92	0.104427
58274	58563	3	0.003405
58274	58825	1	0.001135
58274	59021	1	0.001135
58274	59090	2	0.002270
58274	58842	1	0.001135
58274	58715	2	0.002270
58274	58460	9	0.010216
58274	58973	2	0.002270
58274	58762	2	0.002270
58274	59106	1	0.001135
58274	58341	1	0.001135
58274	58598	1	0.001135
58274	58730	2	0.002270
58274	58859	1	0.001135
58274	59116	1	0.001135
58274	58387	1	0.001135
58274	58484	1	0.001135
58274	58747	3	0.003405
58274	58877	1	0.001135
58277	59072	1	0.045455
58277	58408	1	0.045455
58277	58903	1	0.045455
58278	59072	2	0.010582
58278	58883	1	0.005291
58278	58598	4	0.021164
58278	58502	2	0.010582
58278	59062	31	0.164021
58278	58903	1	0.005291
58279	58337	1	0.016393
58279	58827	2	0.032787
58279	58639	1	0.016393
58279	58484	1	0.016393
58279	59062	1	0.016393
58279	58904	3	0.049180
58279	58649	1	0.016393
58279	58607	1	0.016393
58279	58655	2	0.032787
58284	58274	4	0.007968
58284	58565	2	0.003984
58284	59068	1	0.001992
58284	58394	28	0.055777
58284	58715	2	0.003984
58284	58460	3	0.005976
58285	59062	1	0.055556
58285	58639	1	0.055556
58286	58274	6	0.857143
58288	58274	2	0.006993
58288	58470	1	0.003497
58288	58502	1	0.003497
58288	58251	1	0.003497
58288	58548	1	0.003497
58288	59062	1	0.003497
58288	58460	2	0.006993
58288	58973	261	0.912587
58290	58274	8	0.888889
58291	58274	3	0.111111
58292	58884	8	0.006820
58292	58887	8	0.006820
58292	58378	2	0.001705
58292	58893	4	0.003410
58292	59025	2	0.001705
58292	59028	2	0.001705
58292	58628	2	0.001705
58292	58783	6	0.005115
58292	58274	2	0.001705
58292	58663	4	0.003410
58292	59062	6	0.005115
58292	59064	8	0.006820
58292	58298	8	0.006820
58292	58811	2	0.001705
58292	58558	6	0.005115
58292	59092	2	0.001705
58292	58460	1934	1.648764
58292	58973	10	0.008525
58292	58975	2	0.001705
58292	58720	8	0.006820
58292	58341	10	0.008525
58292	59116	4	0.003410
58292	58366	2	0.001705
58294	59072	5	0.086207
58294	58263	1	0.017241
58295	59062	1	0.052632
58295	58639	1	0.052632
58296	58459	2857	204.071429
58298	58881	2	0.000746
58298	58274	11	0.004104
58298	58628	1	0.000373
58298	59013	9	0.003358
58298	58887	2	0.000746
58298	59080	132	0.049254
58298	59111	2	0.000746
58298	58638	64	0.023881
58298	58877	1	0.000373
58298	59090	2	0.000746
58298	58643	5	0.001866
58298	58548	1	0.000373
58298	59062	1	0.000373
58298	58808	1	0.000373
58298	58468	1	0.000373
58298	58426	2	0.000746
58298	58460	4	0.001493
58298	59005	11	0.004104
58299	58507	1	0.111111
58300	58448	2	0.052632
58300	58638	1	0.026316
58300	58502	300	7.894737
58300	58767	1	0.026316
58304	58274	1	0.125000
58305	58643	1	0.009709
58305	59062	36	0.349515
58312	59062	2	0.083333
58312	58639	1	0.041667
58313	59035	5	1.250000
58314	58801	1	0.002577
58314	59073	4	0.010309
58314	58499	1	0.002577
58314	59119	1	0.002577
58318	59048	1	0.011905
58318	58274	1	0.011905
58318	58628	1	0.011905
58318	59013	1	0.011905
58322	58331	1	0.030303
58324	59062	18	1.058824
58328	58274	25	0.008945
58328	58628	1	0.000358
58328	58565	4	0.001431
58328	58460	8	0.002862
58328	58446	2	0.000716
58328	58389	1	0.000358
58328	58394	135	0.048301
58328	58715	16	0.005725
58328	59068	2	0.000716
58328	58783	1	0.000358
58329	59013	1	0.100000
58329	58758	1	0.100000
58329	58252	1	0.100000
58329	58900	1	0.100000
58329	58647	1	0.100000
58329	58525	1	0.100000
58329	59043	1	0.100000
58329	58423	1	0.100000
58329	58808	1	0.100000
58329	58554	1	0.100000
58329	58692	1	0.100000
58329	58950	1	0.100000
58329	59080	1	0.100000
58329	58698	1	0.100000
58329	59090	1	0.100000
58329	58835	1	0.100000
58329	58840	1	0.100000
58329	58716	1	0.100000
58329	58850	1	0.100000
58329	59109	1	0.100000
58329	58854	1	0.100000
58329	58729	1	0.100000
58329	58475	1	0.100000
58329	58992	1	0.100000
58329	58618	1	0.100000
58330	58530	4	0.210526
58330	58827	5	0.263158
58330	58255	5	0.263158
58330	58685	1	0.052632
58330	58518	6	0.315789
58330	58999	8	0.421053
58330	59005	6	0.315789
58331	59013	3	0.008646
58331	58502	1	0.002882
58331	59111	1	0.002882
58331	58792	384	1.106628
58331	58322	2	0.005764
58331	59062	3	0.008646
58331	58906	384	1.106628
58332	58720	1	0.015152
58332	59072	1	0.015152
58332	58507	1	0.015152
58332	59013	2	0.030303
58332	58502	4	0.060606
58332	58881	1	0.015152
58332	58792	3	0.045455
58332	58730	6	0.090909
58332	58263	2	0.030303
58332	58671	1	0.015152
58332	58408	1	0.015152
58332	59090	1	0.015152
58332	59062	1	0.015152
58332	58999	2	0.030303
58332	58904	1	0.015152
58332	58607	1	0.015152
58332	58762	1	0.015152
58334	58274	4	0.044444
58337	59062	1	0.010526
58338	58274	3	0.058824
58338	58503	1	0.019608
58338	58444	1	0.019608
58338	58359	1	0.019608
58341	59073	3	0.000744
58341	58274	9	0.002231
58341	58884	5	0.001239
58341	59013	6	0.001487
58341	58502	7	0.001735
58341	58442	1	0.000248
58341	59116	3	0.000744
58341	58801	3	0.000744
58341	58292	3	0.000744
58341	59062	6	0.001487
58341	58904	3	0.000744
58341	58975	4	0.000992
58342	59062	1	0.052632
58342	58639	1	0.052632
58344	58253	1	0.023810
58350	58442	8	0.117647
58350	58274	2	0.029412
58350	59014	2	0.029412
58350	58719	1	0.014706
58352	58341	1	0.090909
58353	59035	4	1.000000
58353	59061	1	0.250000
58353	58733	1	0.250000
58354	58657	1	0.083333
58354	59082	1	0.083333
58354	58459	2	0.166667
58354	58274	7	0.583333
58354	58753	1	0.083333
58355	59062	1	0.052632
58355	58639	1	0.052632
58356	59062	1	0.011111
58356	58887	1	0.011111
58364	58264	1	0.166667
58364	58350	1	0.166667
58365	59062	10	0.909091
58367	58600	59	0.936508
58367	58761	2	0.031746
58367	58378	62	0.984127
58367	58770	59	0.936508
58367	58298	59	0.936508
58367	58555	59	0.936508
58368	58552	2	0.083333
58368	59049	2	0.083333
58368	58995	2	0.083333
58368	58983	3	0.125000
58369	59073	3	0.600000
58369	58773	1	0.200000
58374	58632	4	0.037383
58374	59118	1	0.009346
58374	59062	1	0.009346
58374	58502	1083	10.121495
58377	59035	4	1.000000
58378	58607	19	0.950000
58379	58274	39	2.294118
58380	59093	2	0.142857
58381	58881	2	0.060606
58381	58537	1	0.030303
58382	59025	2	0.117647
58382	58643	1	0.058824
58382	58629	1	0.058824
58382	59062	1	0.058824
58383	58378	9	0.065693
58383	59062	1	0.007299
58383	58518	1	0.007299
58383	58999	1	0.007299
58384	59009	1	0.012987
58384	58279	1	0.012987
58384	58408	1	0.012987
58384	59095	1	0.012987
58384	58712	1	0.012987
58384	58909	1	0.012987
58386	58881	1	0.041667
58386	59073	4	0.166667
58387	58274	6	0.019048
58387	59106	1	0.003175
58387	59062	1	0.003175
58389	58394	1	0.100000
58389	58581	1	0.100000
58389	58502	1	0.100000
58389	58470	2	0.200000
58389	58783	1	0.100000
58390	58274	1	0.030303
58390	58761	1	0.030303
58390	58507	1	0.030303
58390	58680	1	0.030303
58390	59062	3	0.090909
58390	58904	1	0.030303
58390	58460	1	0.030303
58393	58274	1	0.166667
58394	58528	2	0.003140
58394	59073	2	0.003140
58394	58883	2	0.003140
58394	58628	2	0.003140
58394	58565	10	0.015699
58394	58662	4	0.006279
58394	59105	2	0.003140
58394	58632	2	0.003140
58394	58251	7	0.010989
58394	58787	2	0.003140
58394	58484	2	0.003140
58394	59062	11	0.017268
58394	58999	6	0.009419
58394	58649	8	0.012559
58394	58906	4	0.006279
58394	59068	4	0.006279
58394	58814	2	0.003140
58394	58783	12	0.018838
58396	59073	57	0.532710
58396	58563	1	0.009346
58396	58881	1	0.009346
58396	58890	3	0.028037
58396	58507	1	0.009346
58396	59092	2	0.018692
58396	59062	1	0.009346
58399	58632	8	0.025641
58399	59073	15	0.048077
58399	58274	5	0.016026
58399	58664	127	0.407051
58399	58263	3	0.009615
58408	58904	2	0.008299
58408	58792	3	0.012448
58409	59057	1	0.028571
58409	58666	1	0.028571
58409	58484	3	0.085714
58409	58893	1	0.028571
58409	58628	2	0.057143
58410	58658	1	0.142857
58410	58308	1	0.142857
58410	58566	1	0.142857
58410	58790	1	0.142857
58410	58730	49	7.000000
58410	58903	1	0.142857
58410	58999	1	0.142857
58410	58330	1	0.142857
58412	58859	3	0.035294
58412	58749	2	0.023529
58412	58643	2	0.023529
58412	59062	2	0.023529
58412	59035	2	0.023529
58412	58877	4	0.047059
58420	59080	1	0.005051
58420	59116	1	0.005051
58420	59090	1	0.005051
58420	58548	1	0.005051
58420	59062	1	0.005051
58420	58292	3	0.015152
58420	58459	1	0.005051
58420	58460	1	0.005051
58420	58877	1	0.005051
58420	58782	1102	5.565657
58421	58649	3	0.500000
58423	59062	15	0.394737
58424	58274	20	0.007806
58424	58565	4	0.001561
58424	58460	7	0.002732
58424	58446	1	0.000390
58424	58389	3	0.001171
58424	58328	1	0.000390
58424	58394	135	0.052693
58424	58715	15	0.005855
58424	59068	2	0.000781
58425	58658	14	2.000000
58425	58308	2	0.285714
58425	58790	15	2.142857
58425	58410	14	2.000000
58425	58903	4	0.571429
58425	58380	14	2.000000
58425	58574	19	2.714286
58425	58704	1	0.142857
58425	59033	14	2.000000
58425	58265	19	2.714286
58425	58618	2	0.285714
58425	58556	14	2.000000
58425	58399	26	3.714286
58426	59073	1	0.016667
58433	58274	1	0.076923
58438	58715	2	0.117647
58440	58628	3	1.000000
58442	58628	2445	0.945841
58442	59013	18	0.006963
58442	58502	6	0.002321
58442	58762	3	0.001161
58442	58638	14	0.005416
58442	58767	9	0.003482
58442	58386	6	0.002321
58442	58643	2	0.000774
58442	58262	5	0.001934
58442	58782	2	0.000774
58442	58274	2	0.000774
58442	58288	4	0.001547
58442	58292	107	0.041393
58442	59062	45	0.017408
58442	58426	5	0.001934
58442	58847	3	0.001161
58442	59073	6	0.002321
58442	59092	6	0.002321
58442	58460	25	0.009671
58442	58973	26	0.010058
58442	58975	9	0.003482
58442	58853	5	0.001934
58442	58859	5	0.001934
58442	58480	10	0.003868
58443	59035	3	1.000000
58444	58274	3	0.050847
58444	58503	1	0.016949
58444	58338	1	0.016949
58444	58359	1	0.016949
58446	58274	21	0.007709
58446	58565	4	0.001468
58446	58460	7	0.002570
58446	58389	3	0.001101
58446	58328	1	0.000367
58446	58394	129	0.047357
58446	58715	15	0.005507
58446	59068	2	0.000734
58447	58274	1	0.083333
58447	58460	1	0.083333
58448	59072	1	0.009804
58448	59073	1	0.009804
58448	58274	2	0.019608
58448	58704	1	0.009804
58448	58502	3	0.029412
58448	59111	1	0.009804
58448	58537	1	0.009804
58448	58730	1	0.009804
58448	58253	1	0.009804
58448	58396	1	0.009804
58448	58384	1	0.009804
58448	59092	1	0.009804
58448	59062	3	0.029412
58448	58649	1	0.009804
58448	58292	1	0.009804
58448	58332	2	0.019608
58456	58484	2	0.014388
58456	59062	9	0.064748
58456	58607	2	0.014388
58457	58859	3	0.035294
58457	58749	2	0.023529
58457	58643	2	0.023529
58457	59062	2	0.023529
58457	59035	2	0.023529
58457	58877	4	0.047059
58459	58784	1	0.000974
58459	58913	1	0.000974
58459	58502	2	0.001947
58459	58631	1	0.000974
58459	58632	2	0.001947
58459	59057	1	0.000974
58459	59092	1	0.000974
58459	59062	1	0.000974
58459	58777	1	0.000974
58459	58970	2	0.001947
58459	59035	1	0.000974
58459	58332	1	0.000974
58460	58720	1	0.002865
58460	58480	1	0.002865
58460	58274	357	1.022923
58460	58884	1	0.002865
58460	58341	1	0.002865
58460	58442	2	0.005731
58460	58893	1	0.002865
58460	58638	1	0.002865
58460	58767	1	0.002865
58460	58288	1	0.002865
58460	59064	1	0.002865
58460	58298	1	0.002865
58460	58847	1	0.002865
58460	58975	1	0.002865
58460	58973	349	1.000000
58460	58558	1	0.002865
58460	58783	2	0.005731
58464	59072	1	0.035714
58464	58883	1	0.035714
58464	58277	1	0.035714
58464	59091	1	0.035714
58464	58649	3	0.107143
58464	58879	1	0.035714
58466	59062	18	1.500000
58467	59073	3	0.004724
58467	58274	2	0.003150
58467	58502	2	0.003150
58467	58378	2	0.003150
58467	58507	1	0.001575
58467	58638	1	0.001575
58467	58836	3	0.004724
58467	59062	3	0.004724
58468	58904	1	0.062500
58468	58643	1	0.062500
58468	59013	2	0.125000
58468	59062	2	0.125000
58470	58528	4	0.045455
58470	58502	3	0.034091
58470	58378	10	0.113636
58470	58251	3	0.034091
58470	58801	1	0.011364
58470	58834	1	0.011364
58470	59062	3	0.034091
58470	58904	1	0.011364
58470	58622	2	0.022727
58470	58783	1	0.011364
58472	59062	1	0.052632
58472	58639	1	0.052632
58473	58657	2	0.011364
58473	58274	1	0.005682
58473	58459	1	0.005682
58474	58976	1	0.041667
58474	58273	2	0.083333
58474	58946	2	0.083333
58474	58502	2	0.083333
58474	58598	2	0.083333
58474	58412	1	0.041667
58474	59030	2	0.083333
58474	58801	1	0.041667
58474	59022	1	0.041667
58474	59062	1	0.041667
58474	58967	2	0.083333
58474	58904	1	0.041667
58474	59034	1	0.041667
58474	58942	1	0.041667
58474	59013	1	0.041667
58475	59062	2	0.015625
58476	58263	3	0.041096
58476	59062	2	0.027397
58476	58607	54	0.739726
58478	58502	1	0.047619
58478	58471	2	0.095238
58478	59057	1	0.047619
58478	58484	1	0.047619
58478	58879	3	0.142857
58478	58975	1	0.047619
58480	59073	10	0.001702
58480	58502	78	0.013272
58480	59116	2	0.000340
58480	58959	36	0.006126
58480	58322	36	0.006126
58480	58292	2	0.000340
58480	59062	5	0.000851
58480	58460	47	0.007997
58480	58973	1	0.000170
58480	58366	10	0.001702
58484	59073	1	0.000900
58484	58915	3	0.002700
58484	58628	3	0.002700
58484	58277	3	0.002700
58484	58632	3	0.002700
58484	58859	1	0.000900
58484	59057	13	0.011701
58484	58643	2	0.001800
58484	58906	3	0.002700
58484	58877	1	0.000900
58487	58657	5	0.102041
58487	58274	14	0.285714
58490	58274	1	0.035714
58490	58775	1	0.035714
58498	59062	1	0.052632
58498	58639	1	0.052632
58499	59073	1	0.055556
58500	58496	1	0.142857
58500	59073	3	0.428571
58500	58274	14	2.000000
58500	58426	3	0.428571
58500	58253	3	0.428571
58502	58976	94	0.222749
58502	58720	1	0.002370
58502	58915	4	0.009479
58502	58884	1	0.002370
58502	58374	11	0.026066
58502	58759	1	0.002370
58502	58632	5	0.011848
58502	58442	1	0.002370
58502	58811	1	0.002370
58502	58893	2	0.004739
58502	58448	2	0.004739
58502	58484	1	0.002370
58502	59062	1	0.002370
58502	58628	3	0.007109
58502	58906	3	0.007109
58502	58555	4	0.009479
58502	58298	1	0.002370
58503	58274	3	0.056604
58503	58444	1	0.018868
58503	58338	1	0.018868
58503	58359	1	0.018868
58507	58368	2	0.003670
58507	58369	1	0.001835
58507	58411	1	0.001835
58507	58902	1	0.001835
58507	58689	1	0.001835
58507	58378	2	0.003670
58507	59020	1	0.001835
58507	58253	1	0.001835
58507	58640	1	0.001835
58507	59011	1	0.001835
58507	58389	1	0.001835
58507	58390	1	0.001835
58507	58393	1	0.001835
58507	58906	1	0.001835
58507	59035	1	0.001835
58507	58396	1	0.001835
58507	58783	15	0.027523
58507	58912	1	0.001835
58507	58274	1	0.001835
58507	58971	1	0.001835
58507	59048	1	0.001835
58507	59049	1	0.001835
58507	58923	1	0.001835
58507	59062	4	0.007339
58507	58552	1	0.001835
58507	58484	1	0.001835
58507	58426	6	0.011009
58507	58683	1	0.001835
58507	58430	1	0.001835
58507	58304	1	0.001835
58507	59073	7	0.012844
58507	58614	1	0.001835
58507	58566	1	0.001835
58507	58569	4	0.007339
58507	59013	1	0.001835
58507	58572	4	0.007339
58507	58702	1	0.001835
58507	58959	3	0.005505
58507	58576	3	0.005505
58507	58322	1	0.001835
58507	58851	1	0.001835
58507	58817	1	0.001835
58507	58709	1	0.001835
58507	58454	1	0.001835
58507	58586	5	0.009174
58507	58459	1	0.001835
58507	58298	3	0.005505
58507	58976	1	0.001835
58507	58467	2	0.003670
58507	58598	1	0.001835
58507	58470	4	0.007339
58507	58983	1	0.001835
58507	58344	2	0.003670
58507	58601	1	0.001835
58507	58834	1	0.001835
58507	58350	2	0.003670
58507	58352	4	0.007339
58507	58995	1	0.001835
58507	58868	1	0.001835
58507	58686	6	0.011009
58507	58870	1	0.001835
58507	59000	1	0.001835
58507	58745	1	0.001835
58507	58299	1	0.001835
58507	58621	1	0.001835
58507	58622	1	0.001835
58507	58623	1	0.001835
58508	58600	2	0.080000
58508	58274	21	0.840000
58512	58274	11	0.215686
58512	58503	11	0.215686
58512	58444	13	0.254902
58512	58338	12	0.235294
58512	58359	14	0.274510
58513	58274	2	0.181818
58515	58628	1	0.076923
58515	59062	2	0.153846
58517	59073	35	0.243056
58517	58274	3	0.020833
58517	58881	1	0.006944
58517	58507	2	0.013889
58517	58643	1	0.006944
58517	58996	1	0.006944
58517	58426	1	0.006944
58517	58783	1	0.006944
58518	58649	1	0.005952
58518	58762	5	0.029762
58518	58827	2	0.011905
58518	59062	14	0.083333
58520	59057	1	0.052632
58520	59062	1	0.052632
58520	58639	1	0.052632
58521	58294	1	0.006579
58521	58263	1	0.006579
58522	58274	72	0.047777
58522	58478	1	0.000664
58527	58274	120	1.600000
58530	58827	1	0.029412
58530	59062	1	0.029412
58531	58566	2	0.100000
58531	58906	10	0.500000
58531	58628	4	0.200000
58531	59062	2	0.100000
58531	58662	5	0.250000
58533	58502	84	42.000000
58534	58378	1	0.111111
58534	59062	37	4.111111
58535	58378	1	0.020000
58535	58502	1	0.020000
58537	59035	1	0.055556
58538	58368	4	0.333333
58538	58801	2	0.166667
58543	58274	3	1.000000
58544	58562	1	0.002786
58544	58883	3	0.008357
58544	58730	1	0.002786
58544	59106	3	0.008357
58544	58638	2	0.005571
58544	58467	2	0.005571
58544	59092	3	0.008357
58544	58574	1	0.002786
58544	58518	1	0.002786
58544	58298	4	0.011142
58545	58274	1	0.250000
58546	58906	12	0.571429
58546	58628	4	0.190476
58546	58566	4	0.190476
58546	58662	6	0.285714
58546	59062	2	0.095238
58548	58730	1	0.004762
58552	58368	2	0.333333
58552	59049	2	0.333333
58552	58983	3	0.500000
58553	58274	1	0.043478
58553	58628	1	0.043478
58553	58983	1	0.043478
58553	58984	9	0.391304
58553	58712	1	0.043478
58553	58308	1	0.043478
58555	58502	32	8.000000
58556	58308	2	0.181818
58557	58566	2	0.100000
58557	58906	10	0.500000
58557	58628	4	0.200000
58557	59062	2	0.100000
58557	58662	5	0.250000
58558	58408	1	0.001984
58558	59116	1	0.001984
58558	58292	2	0.003968
58558	59062	1	0.001984
58558	58548	1	0.001984
58558	58426	1	0.001984
58558	58460	1	0.001984
58562	58946	4	0.043011
58562	59035	1	0.010753
58562	59062	1	0.010753
58563	59062	1	0.005618
58565	58394	2	0.009804
58565	58502	4	0.019608
58566	58720	1	0.025000
58566	58274	1	0.025000
58566	58628	1	0.025000
58566	58662	11	0.275000
58566	59062	2	0.050000
58566	58884	1	0.025000
58566	58906	21	0.525000
58570	59062	1	0.052632
58570	58639	1	0.052632
58572	59073	6	0.009885
58572	58426	27	0.044481
58572	58909	1	0.001647
58574	58265	2	0.027397
58574	58263	5	0.068493
58575	58720	1	0.028571
58575	58274	113	3.228571
58575	58628	1	0.028571
58575	58480	28	0.800000
58575	58775	1	0.028571
58575	59064	1	0.028571
58575	58298	1	0.028571
58575	58715	1	0.028571
58575	58460	1	0.028571
58575	58490	3	0.085714
58575	58558	1	0.028571
58575	58783	1	0.028571
58576	58274	2	0.111111
58576	58499	1	0.055556
58576	58686	1	0.055556
58577	58274	2	0.086957
58577	58460	2	0.086957
58578	59009	1	0.020000
58578	58959	1	0.020000
58580	58274	2	0.020408
58580	58442	1	0.010204
58581	58528	4	0.045455
58581	58470	56	0.636364
58581	58502	3	0.034091
58581	58378	10	0.113636
58581	58251	3	0.034091
58581	58801	1	0.011364
58581	58834	1	0.011364
58581	59062	3	0.034091
58581	58904	1	0.011364
58581	58622	2	0.022727
58581	58783	1	0.011364
58582	58274	20	0.007837
58582	58565	4	0.001567
58582	58460	7	0.002743
58582	58446	1	0.000392
58582	58389	3	0.001176
58582	58328	1	0.000392
58582	58394	135	0.052900
58582	58715	15	0.005878
58582	59068	2	0.000784
58584	59073	62	1.409091
58584	58399	1	0.022727
58586	58507	1	0.066667
58586	59095	1	0.066667
58587	58274	2	0.040000
58588	58389	1	0.012821
58588	58783	9	0.115385
58589	59073	2	0.044444
58589	58274	8	0.177778
58590	58884	1	0.001290
58590	58502	2	0.002581
58590	58887	1	0.001290
58590	58632	1	0.001290
58590	58893	1	0.001290
58590	58638	1	0.001290
58590	58767	1	0.001290
58590	58263	1	0.001290
58590	58649	1	0.001290
58590	58274	196	0.252903
58590	58288	1	0.001290
58590	58548	8	0.010323
58590	59062	3	0.003871
58590	59064	1	0.001290
58590	58298	1	0.001290
58590	58975	1	0.001290
58590	58558	1	0.001290
58590	59073	6	0.007742
58590	58442	3	0.003871
58590	58834	1	0.001290
58590	58715	17	0.021935
58590	58460	1	0.001290
58590	58847	1	0.001290
58590	58720	1	0.001290
58590	58341	1	0.001290
58590	58598	1	0.001290
58590	58730	3	0.003871
58590	58480	1	0.001290
58590	58484	2	0.002581
58590	58877	12	0.015484
58591	58274	1	0.025000
58591	58298	1	0.025000
58592	58274	3	0.012295
58592	58877	8	0.032787
58597	59062	25	1.388889
58598	58976	1	0.002387
58598	58305	4	0.009547
58598	58274	9	0.021480
58598	59035	1	0.002387
58598	58468	2	0.004773
58598	59013	5	0.011933
58598	58502	1	0.002387
58598	59073	1	0.002387
58598	58408	1	0.002387
58598	58629	8	0.019093
58598	58753	1	0.002387
58598	58643	7	0.016706
58598	58548	15	0.035800
58598	58549	1	0.002387
58598	59062	6	0.014320
58598	58649	2	0.004773
58598	58655	1	0.002387
58598	58460	3	0.007160
58598	58877	1	0.002387
58598	58399	1	0.002387
58600	58508	95	0.913462
58600	59062	2	0.019231
58601	58621	1	0.333333
58606	58507	1	0.125000
58607	58378	115	0.314208
58607	58274	2	0.005464
58608	58827	1	0.012987
58608	59062	107	1.389610
58608	58607	1	0.012987
58610	59062	1	0.066667
58613	59073	267	0.853035
58613	58274	1058	3.380192
58613	58890	267	0.853035
58614	58621	1	0.125000
58618	59062	10	0.312500
58619	58274	28	0.800000
58619	58715	1	0.028571
58619	59062	1	0.028571
58620	58274	417	0.319051
58620	58715	1	0.000765
58620	58460	3	0.002295
58621	58304	1	0.142857
58621	58976	1	0.142857
58621	58274	1	0.142857
58621	58884	1	0.142857
58621	58502	1	0.142857
58621	58601	1	0.142857
58621	58507	1	0.142857
58621	58606	1	0.142857
58621	58768	1	0.142857
58621	58614	1	0.142857
58621	58745	1	0.142857
58621	58456	1	0.142857
58621	58393	1	0.142857
58621	58715	1	0.142857
58621	58649	1	0.142857
58621	58623	1	0.142857
58622	58470	2	0.666667
58623	59073	2	0.400000
58623	59062	2	0.400000
58626	58274	3	0.333333
58628	58468	1	0.008621
58628	58662	2	0.017241
58628	58566	2	0.017241
58628	58893	4	0.034483
58628	59118	1	0.008621
58628	58292	1	0.008621
58628	58811	2	0.017241
58629	58643	55	5.000000
58629	58502	1	0.090909
58630	58274	25	0.009724
58630	58565	4	0.001556
58630	58460	7	0.002723
58630	58446	1	0.000389
58630	58389	3	0.001167
58630	58328	1	0.000389
58630	58394	141	0.054842
58630	58715	15	0.005834
58630	59068	2	0.000778
58631	58598	3	0.200000
58632	59105	13	0.034301
58632	58915	6	0.015831
58632	58628	2	0.005277
58632	58502	14	0.036939
58632	58903	3	0.007916
58632	58484	1	0.002639
58632	58999	2	0.005277
58632	58904	3	0.007916
58632	58650	1	0.002639
58632	58558	2	0.005277
58633	58274	1	0.038462
58633	59013	2	0.076923
58638	58274	6	0.004202
58638	58468	1	0.000700
58638	59013	20	0.014006
58638	58790	1	0.000700
58638	58698	1	0.000700
58638	59116	1	0.000700
58638	59005	1	0.000700
58638	58643	7	0.004902
58638	58548	2	0.001401
58638	59062	3	0.002101
58638	58628	2	0.001401
58638	58329	1	0.000700
58638	58298	314	0.219888
58638	58460	1	0.000700
58638	58973	8	0.005602
58638	58366	1	0.000700
58639	58643	9	0.030303
58639	59118	1	0.003367
58639	59062	7	0.023569
58640	59073	6	0.122449
58640	58502	1	0.020408
58640	58983	1	0.020408
58640	58632	1	0.020408
58640	58761	1	0.020408
58640	58507	2	0.040816
58640	59116	1	0.020408
58640	58253	1	0.020408
58640	58959	1	0.020408
58640	58600	1	0.020408
58640	58386	1	0.020408
58640	58586	1	0.020408
58641	58274	24	0.009146
58641	58565	4	0.001524
58641	58460	7	0.002668
58641	58446	1	0.000381
58641	58389	3	0.001143
58641	58328	1	0.000381
58641	58394	135	0.051448
58641	58715	15	0.005716
58641	59068	2	0.000762
58643	58598	1	0.003846
58643	58468	1	0.003846
58643	58629	30	0.115385
58643	58502	3	0.011538
58643	58859	44	0.169231
58643	58801	1	0.003846
58643	59062	7	0.026923
58643	59013	1	0.003846
58647	58329	1	0.052632
58649	58883	238	0.223055
58649	58628	1	0.000937
58649	58629	2	0.001874
58649	58502	2	0.001874
58649	58384	7	0.006560
58649	58643	3	0.002812
58649	58518	1	0.000937
58649	58907	2	0.001874
58649	58399	8	0.007498
58649	58662	1	0.000937
58649	58279	2	0.001874
58649	58537	6	0.005623
58649	58801	1	0.000937
58649	58421	2	0.001874
58649	59062	19	0.017807
58649	58655	6	0.005623
58649	59073	1	0.000937
58649	59074	4	0.003749
58649	58315	1	0.000937
58649	58443	1	0.000937
58649	58703	2	0.001874
58649	59013	1	0.000937
58649	58707	6	0.005623
58649	58970	2	0.001874
58649	58975	1	0.000937
58649	58464	3	0.002812
58649	58337	1	0.000937
58649	58790	2	0.001874
58649	58598	1	0.000937
58649	58471	3	0.002812
58649	59116	1	0.000937
58649	59005	1	0.000937
58649	58484	1	0.000937
58649	58871	1	0.000937
58649	58877	1	0.000937
58650	59073	1	0.014085
58650	58628	1	0.014085
58650	58632	1	0.014085
58650	58484	1	0.014085
58650	58999	1	0.014085
58650	58649	1	0.014085
58651	58903	1	0.066667
58652	58274	3	0.230769
58653	58274	2	0.666667
58653	58715	1	0.333333
58655	58649	24	2.400000
58655	59062	1	0.100000
58659	59073	1	0.000385
58659	58274	20	0.007704
58659	58565	5	0.001926
58659	58460	7	0.002696
58659	58446	1	0.000385
58659	58448	1	0.000385
58659	58389	3	0.001156
58659	58328	1	0.000385
58659	58394	136	0.052388
58659	58715	15	0.005778
58659	59068	2	0.000770
58660	58502	1	0.040000
58662	58883	1	0.003636
58662	58628	36	0.130909
58662	58566	36	0.130909
58662	58408	1	0.003636
58662	58484	8	0.029091
58662	58999	1	0.003636
58662	58906	42	0.152727
58663	58274	1	0.015625
58663	58973	1	0.015625
58663	59062	8	0.125000
58664	59073	5	0.263158
58664	58658	2	0.105263
58664	58790	2	0.105263
58664	58632	2	0.105263
58664	58410	2	0.105263
58664	58263	1	0.052632
58664	58380	2	0.105263
58664	58274	2	0.105263
58664	58574	2	0.105263
58664	59033	2	0.105263
58664	58265	2	0.105263
58664	58556	2	0.105263
58664	58399	321	16.894737
58665	58274	45	0.803571
58666	58881	1	0.005291
58666	58274	4	0.021164
58666	58628	4	0.021164
58666	58893	4	0.021164
58670	58808	1	0.012987
58670	59013	1	0.012987
58670	59062	1	0.012987
58671	58881	1	0.015873
58671	58274	4	0.063492
58671	58598	1	0.015873
58671	58790	1	0.015873
58671	58484	2	0.031746
58671	58485	1	0.015873
58671	58265	2	0.031746
58671	58810	2	0.031746
58671	58332	3	0.047619
58672	59062	1	0.050000
58672	58639	1	0.050000
58677	58801	6	0.193548
58677	59062	3	0.096774
58677	58649	1	0.032258
58680	59062	1	0.052632
58680	58639	1	0.052632
58681	59062	1	0.090909
58681	58639	1	0.090909
58685	59009	1	0.007092
58685	58394	2	0.014184
58685	58502	1	0.007092
58685	58999	141	1.000000
58686	58720	1	0.058824
58686	59091	2	0.117647
58686	58628	1	0.058824
58686	58973	1	0.058824
58686	58847	1	0.058824
58688	58274	42	2.333333
58690	58274	6	0.146341
58692	58329	1	0.015152
58692	59062	1	0.015152
58693	59062	2	0.008065
58694	58587	1	0.052632
58694	59062	1	0.052632
58694	58639	1	0.052632
58696	58881	4	0.000972
58696	58883	33	0.008021
58696	58374	6	0.001458
58696	58887	2	0.000486
58696	58890	26	0.006320
58696	58891	4	0.000972
58696	58900	61	0.014827
58696	58903	269	0.065386
58696	58904	2	0.000486
58696	58906	242	0.058824
58696	58396	4	0.000972
58696	58909	2	0.000486
58696	58399	4136	1.005348
58696	58915	212	0.051531
58696	58916	5	0.001215
58696	58408	4164	1.012154
58696	58922	4	0.000972
58696	58394	4	0.000972
58696	58423	9	0.002188
58696	58426	30	0.007292
58696	58378	86	0.020904
58696	58549	4129	1.003646
58696	58976	4	0.000972
58696	58946	16	0.003889
58696	58950	34	0.008264
58696	58967	22	0.005348
58696	58456	4	0.000972
58696	58970	2	0.000486
58696	58460	12757	3.100875
58696	58973	25	0.006077
58696	58464	3	0.000729
58696	58978	1	0.000243
58696	58468	3	0.000729
58696	58471	7	0.001702
58696	59068	2	0.000486
58696	58475	14	0.003403
58696	58992	12	0.002917
58696	58993	38	0.009237
58696	58994	1	0.000243
58696	58484	780	0.189596
58696	58999	9	0.002188
58696	59005	7	0.001702
58696	59009	6	0.001458
58696	58499	4	0.000972
58696	59013	220	0.053476
58696	58502	108	0.026252
58696	59025	42	0.010209
58696	58515	4	0.000972
58696	59035	8	0.001945
58696	58525	2	0.000486
58696	59039	9	0.002188
58696	58528	2	0.000486
58696	58530	4	0.000972
58696	59043	4	0.000972
58696	58538	4	0.000972
58696	59051	9	0.002188
58696	58541	2	0.000486
58696	59057	21	0.005105
58696	58548	8	0.001945
58696	59061	16	0.003889
58696	59062	192	0.046670
58696	58554	30	0.007292
58696	58555	4	0.000972
58696	58556	2	0.000486
58696	59072	57	0.013855
58696	59073	4300	1.045211
58696	59074	1	0.000243
58696	58563	12	0.002917
58696	59077	10	0.002431
58696	58566	279	0.067817
58696	59080	39	0.009480
58696	58574	16	0.003889
58696	59090	49	0.011911
58696	59091	5	0.001215
58696	58911	6	0.001458
58696	58594	1	0.000243
58696	58775	1	0.000243
58696	59109	3	0.000729
58696	58598	180	0.043753
58696	58600	2	0.000486
58696	59114	4	0.000972
58696	59116	65	0.015800
58696	58578	4	0.000972
58696	59118	17	0.004132
58696	59119	2	0.000486
58696	58608	4	0.000972
58696	58613	3	0.000729
58696	58618	41	0.009966
58696	58627	2	0.000486
58696	58629	11	0.002674
58696	58631	3	0.000729
58696	58632	75	0.018230
58696	58643	4168	1.013126
58696	58647	8	0.001945
58696	58649	4136	1.005348
58696	58650	2	0.000486
58696	58655	4	0.000972
58696	58658	2	0.000486
58696	58660	3	0.000729
58696	58662	42	0.010209
58696	58664	3	0.000729
58696	58670	1	0.000243
58696	58677	2	0.000486
58696	58692	5	0.001215
58696	58698	15	0.003646
58696	58712	2	0.000486
58696	58715	95	0.023092
58696	58716	13	0.003160
58696	58718	1	0.000243
58696	58729	61	0.014827
58696	58730	6	0.001458
58696	58733	26	0.006320
58696	59027	13	0.003160
58696	58749	31	0.007535
58696	58752	4	0.000972
58696	58565	2	0.000486
58696	58758	23	0.005591
58696	58759	3	0.000729
58696	58762	13	0.003160
58696	58251	4	0.000972
58696	58252	2	0.000486
58696	58255	16	0.003889
58696	58259	11	0.002674
58696	58773	4	0.000972
58696	58262	4	0.000972
58696	58263	166	0.040350
58696	58265	23	0.005591
58696	58607	58	0.014098
58696	58780	4	0.000972
58696	58273	10	0.002431
58696	58274	17629	4.285124
58696	58277	26	0.006320
58696	58790	11	0.002674
58696	58792	2	0.000486
58696	58281	4	0.000972
58696	58799	2	0.000486
58696	58801	15	0.003646
58696	58294	2	0.000486
58696	58808	47	0.011424
58696	58814	4	0.000972
58696	58305	18	0.004375
58696	58308	18	0.004375
58696	58314	2	0.000486
58696	58827	54	0.013126
58696	58835	71	0.017258
58696	58836	4	0.000972
58696	58838	2	0.000486
58696	58839	2	0.000486
58696	58840	8	0.001945
58696	58329	6	0.001458
58696	58331	3	0.000729
58696	58332	75	0.018230
58696	58337	1	0.000243
58696	58850	58	0.014098
58696	58278	1	0.000243
58696	58854	9	0.002188
58696	58855	2	0.000486
58696	58859	22	0.005348
58696	58349	3	0.000729
58696	58877	232	0.056393
58696	58366	3	0.000729
58696	58879	7	0.001702
58697	59035	2	1.000000
58699	59072	3	0.036585
58699	58274	1	0.012195
58699	58883	1	0.012195
58699	58566	1	0.012195
58699	58408	1	0.012195
58699	58999	1	0.012195
58699	59091	3	0.036585
58699	58484	1	0.012195
58699	59062	1	0.012195
58699	58263	1	0.012195
58699	58649	1	0.012195
58699	58686	1	0.012195
58704	58881	1	0.015873
58704	58502	1	0.015873
58704	58753	1	0.015873
58704	59027	1	0.015873
58704	58263	1	0.015873
58704	58904	1	0.015873
58704	58525	1	0.015873
58704	58783	1	0.015873
58704	58758	1	0.015873
58704	58887	1	0.015873
58704	58548	1	0.015873
58704	58549	1	0.015873
58704	59062	2	0.031746
58704	58423	1	0.015873
58704	58399	4	0.063492
58704	58698	17	0.269841
58704	59090	1	0.015873
58704	58332	2	0.031746
58704	58850	1	0.015873
58704	58598	1	0.015873
58704	58729	1	0.015873
58704	58993	1	0.015873
58705	59073	95	0.818966
58705	59062	4	0.034483
58705	58799	1	0.008621
58707	58649	208	0.995215
58707	58883	208	0.995215
58708	58274	6	0.600000
58709	58507	4	0.142857
58710	58274	3	1.000000
58711	58274	20	0.007533
58711	58565	4	0.001507
58711	58460	7	0.002637
58711	58446	1	0.000377
58711	58389	3	0.001130
58711	58328	1	0.000377
58711	58394	141	0.053107
58711	58715	15	0.005650
58711	59068	2	0.000753
58712	58881	2	0.000978
58712	58983	1	0.000489
58712	58984	1	0.000489
58712	58484	1	0.000489
58712	58967	2	0.000978
58712	58655	2	0.000978
58713	59062	1	0.052632
58713	58639	1	0.052632
58714	58314	2	0.142857
58714	58274	5	0.357143
58717	58274	2	0.111111
58719	59062	1	0.052632
58719	58639	1	0.052632
58720	59073	20	0.010947
58720	58274	9	0.004926
58720	58475	4	0.002189
58720	59035	2	0.001095
58720	59013	8	0.004379
58720	58502	5	0.002737
58720	58632	6	0.003284
58720	58548	2	0.001095
58720	58378	13	0.007115
58720	58507	3	0.001642
58720	58253	3	0.001642
58720	58292	2	0.001095
58720	59062	46	0.025178
58720	58904	1	0.000547
58720	58649	2	0.001095
58720	58459	3	0.001642
58720	58877	2	0.001095
58720	58686	3	0.001642
58720	59077	2	0.001095
58729	58801	16	0.129032
58729	59062	6	0.048387
58729	58607	1	0.008065
58730	58753	1	0.001393
58730	58628	1	0.001393
58730	58502	1	0.001393
58730	58881	1	0.001393
58730	58378	4	0.005571
58730	58903	8	0.011142
58730	58380	12	0.016713
58730	58265	22	0.030641
58730	58263	58	0.080780
58730	58904	2	0.002786
58730	59033	12	0.016713
58730	58906	1	0.001393
58730	59119	1	0.001393
58730	58399	35	0.048747
58730	58658	13	0.018106
58730	59035	1	0.001393
58730	58790	16	0.022284
58730	58410	12	0.016713
58730	58671	1	0.001393
58730	59062	130	0.181058
58730	58356	1	0.001393
58730	58556	12	0.016713
58730	58762	2	0.002786
58730	58308	96	0.133705
58730	58566	1	0.001393
58730	58314	1	0.001393
58730	58574	25	0.034819
58730	58704	1	0.001393
58730	59092	2	0.002786
58730	59093	4	0.005571
58730	58330	1	0.001393
58730	58332	2	0.002786
58730	58720	1	0.001393
58730	59111	1	0.001393
58730	58475	1	0.001393
58730	58607	1	0.001393
58730	58484	1	0.001393
58730	58999	3	0.004178
58730	58618	2	0.002786
58731	58274	1	0.047619
58732	59073	4	0.200000
58732	58274	5	0.250000
58733	58801	1	0.020000
58733	58378	1	0.020000
58733	59062	6	0.120000
58733	58566	1	0.020000
58739	58274	573	0.417031
58739	58715	1	0.000728
58739	58460	4	0.002911
58741	59035	7	1.000000
58742	58890	155	0.987261
58742	58685	4	0.025478
58743	59074	1	0.083333
58744	58274	74	2.846154
58745	58507	6	0.545455
58748	58628	2	0.055556
58748	58484	14	0.388889
58750	58442	1	0.041667
58750	58274	6	0.250000
58750	58884	1	0.041667
58750	58298	2	0.083333
58750	58638	1	0.041667
58751	58643	1	0.100000
58751	59035	10	1.000000
58752	58480	1	0.041667
58752	58628	1	0.041667
58753	58274	3	0.034884
58753	58730	1	0.011628
58753	58549	1	0.011628
58753	59062	1	0.011628
58753	58263	6	0.069767
58753	58265	1	0.011628
58759	58502	3	0.600000
58761	58368	2	0.040000
58761	58304	1	0.020000
58761	58884	1	0.020000
58761	58369	1	0.020000
58761	58378	2	0.040000
58761	58770	1	0.020000
58761	58390	1	0.020000
58761	58904	1	0.020000
58761	58393	1	0.020000
58761	58655	1	0.020000
58761	58274	1	0.020000
58761	59049	1	0.020000
58761	58801	1	0.020000
58761	59062	8	0.160000
58761	58552	1	0.020000
58761	59072	1	0.020000
58761	58586	6	0.120000
58761	58983	2	0.040000
58761	58601	1	0.020000
58761	58606	1	0.020000
58761	58607	2	0.040000
58761	58995	1	0.020000
58761	58614	1	0.020000
58761	58745	1	0.020000
58761	58621	1	0.020000
58761	58623	1	0.020000
58762	58274	4	0.093023
58762	58747	1	0.023256
58762	58638	3	0.069767
58762	58847	1	0.023256
58767	58881	2	0.001307
58767	59013	2	0.001307
58767	58507	1	0.000654
58767	59116	7	0.004575
58767	58877	6	0.003922
58767	58426	1	0.000654
58767	58292	2	0.001307
58767	59062	3	0.001961
58767	58548	4	0.002614
58767	58618	33	0.021569
58767	58460	5	0.003268
58767	58973	5	0.003268
58768	58274	33	1.736842
58769	59072	1	0.250000
58769	58883	20	5.000000
58769	58277	1	0.250000
58769	58662	1	0.250000
58769	58733	1	0.250000
58769	58903	3	0.750000
58769	58906	1	0.250000
58769	59035	4	1.000000
58770	59073	3	0.004184
58770	58502	469	0.654114
58770	58761	5	0.006974
58770	58861	2	0.002789
58770	59062	2	0.002789
58770	58842	1	0.001395
58770	58367	2	0.002789
58771	59035	12	1.000000
58774	58912	1	0.023256
58774	58274	12	0.279070
58775	59062	36	1.000000
58777	58459	21	0.147887
58782	59080	1	0.005051
58782	59116	1	0.005051
58782	59090	1	0.005051
58782	58548	1	0.005051
58782	59062	1	0.005051
58782	58292	3	0.015152
58782	58459	1	0.005051
58782	58460	1	0.005051
58782	58877	1	0.005051
58783	59073	2	0.002112
58783	59013	17	0.017951
58783	58663	1	0.001056
58783	58507	3	0.003168
58783	59005	5	0.005280
58783	59090	1	0.001056
58783	58292	5	0.005280
58783	58389	1	0.001056
58783	59062	2	0.002112
58783	58548	2	0.002112
58783	58426	1	0.001056
58783	58460	7	0.007392
58783	58877	15	0.015839
58783	59077	8	0.008448
58784	58976	400	1.951220
58784	59073	3	0.014634
58784	59013	2	0.009756
58784	58502	400	1.951220
58784	58967	400	1.951220
58784	58801	400	1.951220
58784	58643	1	0.004878
58784	58484	1	0.004878
58784	58999	399	1.946341
58784	58685	400	1.951220
58786	58638	2	0.285714
58787	58421	2	0.025641
58787	58484	2	0.025641
58787	59062	4	0.051282
58787	58790	2	0.025641
58787	59005	2	0.025641
58790	59106	2	0.002112
58790	58787	1	0.001056
58790	58628	3	0.003168
58790	58600	1	0.001056
58790	58274	2	0.002112
58790	58639	1	0.001056
58790	58387	1	0.001056
58790	59062	10	0.010560
58790	58649	4	0.004224
58790	58906	1	0.001056
58790	59035	1	0.001056
58790	58877	3	0.003168
58790	58558	1	0.001056
58790	58975	1	0.001056
58792	58906	5	0.037037
58792	59062	3	0.022222
58794	58274	2	0.222222
58795	58274	2	0.100000
58799	58879	1	0.008065
58799	58916	1	0.008065
58799	58558	1	0.008065
58799	58471	1	0.008065
58801	58880	1	0.001147
58801	58881	1	0.001147
58801	58883	2	0.002294
58801	58884	1	0.001147
58801	58887	1	0.001147
58801	58378	5	0.005734
58801	58891	1	0.001147
58801	58383	1	0.001147
58801	58384	2	0.002294
58801	58900	1	0.001147
58801	58904	1	0.001147
58801	58906	1	0.001147
58801	58396	1	0.001147
58801	58399	2	0.002294
58801	58915	5	0.005734
58801	58408	1	0.001147
58801	58921	1	0.001147
58801	58922	1	0.001147
58801	58412	1	0.001147
58801	58394	1	0.001147
58801	58423	1	0.001147
58801	58719	1	0.001147
58801	58942	1	0.001147
58801	58550	1	0.001147
58801	58950	1	0.001147
58801	58967	1	0.001147
58801	58456	1	0.001147
58801	58460	1	0.001147
58801	58975	1	0.001147
58801	58981	1	0.001147
58801	58472	1	0.001147
58801	58474	1	0.001147
58801	58475	1	0.001147
58801	58990	1	0.001147
58801	58992	1	0.001147
58801	58993	1	0.001147
58801	58484	2	0.002294
58801	58490	1	0.001147
58801	58498	1	0.001147
58801	58499	1	0.001147
58801	59013	2	0.002294
58801	58502	3	0.003440
58801	59074	1	0.001147
58801	59022	1	0.001147
58801	59025	1	0.001147
58801	59027	1	0.001147
58801	58520	1	0.001147
58801	59035	2	0.002294
58801	59036	1	0.001147
58801	58525	1	0.001147
58801	59039	1	0.001147
58801	58530	1	0.001147
58801	59043	1	0.001147
58801	58538	1	0.001147
58801	59051	1	0.001147
58801	59056	1	0.001147
58801	58548	2	0.002294
58801	59061	1	0.001147
58801	59062	228	0.261468
58801	59063	3	0.003440
58801	59064	1	0.001147
58801	58553	1	0.001147
58801	58554	1	0.001147
58801	58558	1	0.001147
58801	59072	1	0.001147
58801	59073	6	0.006881
58801	58562	3	0.003440
58801	58563	1	0.001147
58801	58566	3	0.003440
58801	59080	1	0.001147
58801	58570	1	0.001147
58801	59090	2	0.002294
58801	59091	2	0.002294
58801	59092	1	0.001147
58801	59100	1	0.001147
58801	59109	1	0.001147
58801	58598	2	0.002294
58801	59111	1	0.001147
58801	58578	1	0.001147
58801	59118	1	0.001147
58801	58607	1	0.001147
58801	58608	1	0.001147
58801	58610	1	0.001147
58801	58613	1	0.001147
58801	58618	1	0.001147
58801	58628	1	0.001147
58801	58633	1	0.001147
58801	58639	1	0.001147
58801	58647	1	0.001147
58801	58649	3	0.003440
58801	58660	1	0.001147
58801	58663	1	0.001147
58801	58670	1	0.001147
58801	58671	1	0.001147
58801	58672	1	0.001147
58801	58680	1	0.001147
58801	58250	1	0.001147
58801	58692	1	0.001147
58801	58694	1	0.001147
58801	58698	1	0.001147
58801	58268	1	0.001147
58801	58703	1	0.001147
58801	58713	1	0.001147
58801	58255	1	0.001147
58801	58716	1	0.001147
58801	58341	1	0.001147
58801	58720	1	0.001147
58801	58342	1	0.001147
58801	58729	1	0.001147
58801	58730	1	0.001147
58801	58733	1	0.001147
58801	58515	1	0.001147
58801	58752	1	0.001147
58801	58758	1	0.001147
58801	58762	1	0.001147
58801	58251	1	0.001147
58801	58252	1	0.001147
58801	58767	1	0.001147
58801	58257	1	0.001147
58801	58259	1	0.001147
58801	58773	1	0.001147
58801	58262	1	0.001147
58801	58263	1	0.001147
58801	58780	1	0.001147
58801	58783	2	0.002294
58801	58784	1	0.001147
58801	58274	7	0.008028
58801	58277	1	0.001147
58801	58790	1	0.001147
58801	58792	1	0.001147
58801	58281	1	0.001147
58801	58285	1	0.001147
58801	58292	1	0.001147
58801	58295	1	0.001147
58801	58808	1	0.001147
58801	58298	1	0.001147
58801	58814	1	0.001147
58801	58312	1	0.001147
58801	58827	1	0.001147
58801	58318	1	0.001147
58801	58835	1	0.001147
58801	58836	1	0.001147
58801	58838	1	0.001147
58801	58840	1	0.001147
58801	58330	3	0.003440
58801	58332	2	0.002294
58801	58336	1	0.001147
58801	58849	1	0.001147
58801	58850	1	0.001147
58801	58278	4	0.004587
58801	58854	1	0.001147
58801	58349	1	0.001147
58801	58355	1	0.001147
58801	58356	1	0.001147
58801	58367	1	0.001147
58801	58877	1	0.001147
58801	58366	7	0.008028
58801	58879	1	0.001147
58802	58274	4	0.400000
58805	59073	1	0.001678
58805	58274	68	0.114094
58808	59062	1	0.022222
58808	58639	1	0.022222
58810	58730	4	0.500000
58811	58720	1	0.002994
58811	58628	1	0.002994
58817	58507	1	0.166667
58822	59073	1	0.006897
58822	59062	1	0.006897
58822	58903	1	0.006897
58824	58274	20	0.007707
58824	58565	4	0.001541
58824	58460	7	0.002697
58824	58446	1	0.000385
58824	58389	3	0.001156
58824	58328	1	0.000385
58824	58394	135	0.052023
58824	58715	15	0.005780
58824	59068	2	0.000771
58827	58265	2	0.008439
58827	58607	1	0.004219
58827	59035	3	0.012658
58827	58263	4	0.016878
58829	59035	5	1.000000
58830	58746	2	0.052632
58830	58274	4	0.105263
58833	58274	1	0.100000
58834	59073	1	0.012195
58834	58730	1	0.012195
58834	58502	1	0.012195
58834	58470	180	2.195122
58836	58274	1	0.012048
58836	58467	2	0.024096
58836	58730	5	0.060241
58836	58380	1	0.012048
58836	58638	1	0.012048
58836	59062	4	0.048193
58836	58903	1	0.012048
58836	58298	2	0.024096
58836	58906	2	0.024096
58837	59073	2	0.068966
58837	58274	5	0.172414
58837	58715	2	0.068966
58839	59062	1	0.032258
58840	59062	2	0.074074
58842	58274	4	0.052632
58842	58715	20	0.263158
58843	58906	1	0.083333
58843	58566	3	0.250000
58846	58730	138	2.090909
58847	59013	2	0.002999
58847	58790	2	0.002999
58847	58663	4	0.005997
58847	58729	1	0.001499
58847	58643	2	0.002999
58847	58548	2	0.002999
58847	58460	1214	1.820090
58847	58973	1	0.001499
58859	58643	48	4.800000
58861	58761	1	0.018868
58861	58274	2	0.037736
58861	58770	1	0.018868
58865	59062	1	0.166667
58869	58274	417	0.316629
58869	58715	1	0.000759
58869	58460	3	0.002278
58873	58274	10	0.312500
58877	58548	1	0.017857
58877	59013	52	0.928571
58879	58274	1	0.050000
58879	58502	1	0.050000
58879	58471	2	0.100000
58879	58759	1	0.050000
58879	58290	1	0.050000
58879	58975	2	0.100000
58880	58849	2	0.050000
58880	58378	1	0.025000
58880	59013	8	0.200000
58880	59062	2	0.050000
58880	58607	5	0.125000
58881	59073	1	0.020833
58881	58274	2	0.041667
58881	58847	1	0.020833
58881	58638	1	0.020833
58881	58263	1	0.020833
58883	58628	1	0.000966
58883	59013	1	0.000966
58883	58502	1	0.000966
58883	58632	2	0.001932
58883	58377	4	0.003865
58883	58903	4	0.003865
58883	58771	4	0.003865
58883	58263	1	0.000966
58883	58906	5	0.004831
58883	59035	1011	0.976812
58883	58911	4	0.003865
58883	58274	1	0.000966
58883	58277	2	0.001932
58883	58662	16	0.015459
58883	58548	1	0.000966
58883	59061	3	0.002899
58883	59062	78	0.075362
58883	59072	3	0.002899
58883	58566	1	0.000966
58883	58697	1	0.000966
58883	58443	1	0.000966
58883	58978	4	0.003865
58883	58733	4	0.003865
58883	59118	3	0.002899
58883	58994	1	0.000966
58883	58643	1	0.000966
58883	58484	8	0.007729
58883	58999	1	0.000966
58883	58877	2	0.001932
58883	58751	6	0.005797
58884	58976	1	0.002088
58884	59073	3	0.006263
58884	58274	2	0.004175
58884	58628	1	0.002088
58884	58518	1	0.002088
58884	59116	6	0.012526
58884	59013	3	0.006263
58884	59057	1	0.002088
58884	58643	1	0.002088
58884	58292	1	0.002088
58884	59062	9	0.018789
58884	58460	1	0.002088
58884	58877	1	0.002088
58884	58629	1	0.002088
58885	58274	21	0.008258
58885	58565	4	0.001573
58885	58460	7	0.002753
58885	58446	1	0.000393
58885	58389	1	0.000393
58885	58328	1	0.000393
58885	58394	135	0.053087
58885	58715	15	0.005899
58885	59068	2	0.000786
58887	58308	1	0.001898
58887	58628	1	0.001898
58887	59013	4	0.007590
58887	58399	1	0.001898
58889	58801	2	0.006061
58889	58598	1	0.003030
58890	58274	3	0.500000
58890	58563	2	0.333333
58890	58628	2	0.333333
58890	58759	2	0.333333
58891	58976	1	0.052632
58891	58849	1	0.052632
58891	58502	1	0.052632
58891	58566	19	1.000000
58891	58337	1	0.052632
58891	58801	1	0.052632
58891	58484	1	0.052632
58891	59062	3	0.157895
58891	58904	1	0.052632
58891	59073	2	0.105263
58891	58622	19	1.000000
58891	59013	1	0.052632
58893	58460	6	0.006873
58893	58442	1	0.001145
58893	58811	1	0.001145
58893	58628	864	0.989691
58896	58274	6	0.250000
58896	58884	1	0.041667
58896	58442	1	0.041667
58896	58638	1	0.041667
58896	58298	2	0.083333
58896	58750	70	2.916667
58900	58658	1	0.038462
58900	58598	1	0.038462
58901	59062	9	0.692308
58903	59072	3	0.021127
58903	58883	1	0.007042
58903	58277	1	0.007042
58903	59062	2	0.014085
58904	58883	4	0.003653
58904	58884	1	0.000913
58904	58502	4	0.003653
58904	58887	1	0.000913
58904	58762	1	0.000913
58904	58967	1	0.000913
58904	58252	1	0.000913
58904	58259	1	0.000913
58904	58900	1	0.000913
58904	58647	1	0.000913
58904	58263	1	0.000913
58904	58649	4	0.003653
58904	58906	5	0.004566
58904	58396	2	0.001826
58904	59039	1	0.000913
58904	58598	4	0.003653
58904	58274	2	0.001826
58904	58915	4	0.003653
58904	58758	1	0.000913
58904	58662	1	0.000913
58904	58993	1	0.000913
58904	58792	2	0.001826
58904	58716	1	0.000913
58904	59051	1	0.000913
58904	58412	2	0.001826
58904	58720	1	0.000913
58904	58671	1	0.000913
58904	59061	1	0.000913
58904	59062	385	0.351598
58904	58423	1	0.000913
58904	58808	1	0.000913
58904	58554	1	0.000913
58904	58783	1	0.000913
58904	58685	1	0.000913
58904	58558	1	0.000913
58904	58421	1	0.000913
58904	59072	4	0.003653
58904	59073	8	0.007306
58904	59074	1	0.000913
58904	58563	1	0.000913
58904	58692	1	0.000913
58904	58655	2	0.001826
58904	58950	1	0.000913
58904	58273	1	0.000913
58904	59080	1	0.000913
58904	58698	1	0.000913
58904	58315	1	0.000913
58904	58530	1	0.000913
58904	58703	1	0.000913
58904	58704	1	0.000913
58904	59064	1	0.000913
58904	59090	1	0.000913
58904	58835	1	0.000913
58904	58442	1	0.000913
58904	58838	1	0.000913
58904	58839	1	0.000913
58904	58840	1	0.000913
58904	58330	2	0.001826
58904	58332	2	0.001826
58904	58298	1	0.000913
58904	58341	1	0.000913
58904	58976	4	0.003653
58904	58850	1	0.000913
58904	58336	1	0.000913
58904	58854	1	0.000913
58904	59111	2	0.001826
58904	58729	1	0.000913
58904	58474	2	0.001826
58904	58475	1	0.000913
58904	58733	1	0.000913
58904	59118	1	0.000913
58904	58877	1	0.000913
58904	58992	1	0.000913
58904	58408	1	0.000913
58904	58426	1	0.000913
58904	58484	5	0.004566
58904	58613	1	0.000913
58904	58742	1	0.000913
58904	58999	2	0.001826
58904	59027	1	0.000913
58904	58618	1	0.000913
58904	58975	1	0.000913
58904	59114	1	0.000913
58904	58366	1	0.000913
58904	59109	1	0.000913
58905	58274	25	0.009615
58905	58565	4	0.001538
58905	58460	7	0.002692
58905	58446	1	0.000385
58905	58389	1	0.000385
58905	58328	1	0.000385
58905	58394	147	0.056538
58905	58715	15	0.005769
58905	59068	2	0.000769
58906	59051	4	0.044444
58906	58628	2	0.022222
58906	58566	2	0.022222
58906	58502	8	0.088889
58909	59073	8	0.010724
58909	58572	1	0.001340
58909	58801	1	0.001340
58909	59062	2	0.002681
58909	59064	1	0.001340
58909	58587	1	0.001340
58911	59035	2	1.000000
58911	59062	4	2.000000
58912	58507	1	0.200000
58912	58774	1	0.200000
58913	59082	1	0.033333
58915	58632	5	0.018315
58915	59073	4	0.014652
58915	59062	1	0.003663
58915	58502	1	0.003663
58915	59013	2	0.007326
58916	58408	1	0.020408
58916	58780	1	0.020408
58916	58484	3	0.061224
58916	58709	3	0.061224
58916	58631	1	0.020408
58921	59062	1	0.052632
58921	58639	1	0.052632
58922	58801	1	0.017857
58922	58827	2	0.035714
58922	59062	2	0.035714
58924	58290	1	0.100000
58925	58976	1	0.005848
58925	58566	3	0.017544
58926	58566	1	0.066667
58926	59073	1	0.066667
58926	58274	1	0.066667
58926	59013	1	0.066667
58926	59062	24	1.600000
58927	58592	12	0.049180
58927	58274	3	0.012295
58927	58877	8	0.032787
58930	58833	2	0.125000
58930	58274	3	0.187500
58930	58471	3	0.187500
58931	58833	2	0.250000
58931	58274	2	0.250000
58935	58274	4	0.363636
58941	58274	6	0.500000
58942	58628	2	0.004598
58942	59013	3	0.006897
58942	59073	2	0.004598
58942	58767	1	0.002299
58942	59027	2	0.004598
58942	59030	1	0.002299
58942	58525	1	0.002299
58942	58783	1	0.002299
58942	58274	3	0.006897
58942	58423	1	0.002299
58942	58808	2	0.004598
58942	58298	3	0.006897
58942	58305	1273	2.926437
58942	58692	1	0.002299
58942	59080	3	0.006897
58942	58698	2	0.004598
58942	59090	4	0.009195
58942	58970	1	0.002299
58942	58975	1	0.002299
58942	58850	3	0.006897
58942	58468	4	0.009195
58942	58475	1	0.002299
58942	58992	2	0.004598
58942	58484	2	0.004598
58942	58618	3	0.006897
58944	58274	2	0.666667
58944	58715	1	0.333333
58946	59062	2	0.133333
58959	58386	2	1.000000
58963	58274	6	0.545455
58966	58274	25	0.009579
58966	58565	4	0.001533
58966	58460	7	0.002682
58966	58446	1	0.000383
58966	58389	3	0.001149
58966	58328	1	0.000383
58966	58394	141	0.054023
58966	58715	15	0.005747
58966	59068	2	0.000766
58968	58274	4	0.054795
58970	58784	1	0.002762
58970	58913	2	0.005525
58970	58502	3	0.008287
58970	59073	1	0.002762
58970	58607	1	0.002762
58970	58484	1	0.002762
58970	58399	1	0.002762
58973	58480	474	1.185000
58973	58442	454	1.135000
58973	58638	479	1.197500
58973	58767	461	1.152500
58973	58288	451	1.127500
58973	58292	86	0.215000
58973	58975	451	1.127500
58973	58460	2000	5.000000
58973	58782	448	1.120000
58973	58847	464	1.160000
58975	59090	4	0.006400
58975	58460	4	0.006400
58975	58973	527	0.843200
58975	58502	3	0.004800
58975	59062	1	0.001600
58976	59073	3	0.111111
58976	58502	348	12.888889
58978	59035	4	1.000000
58981	59073	1	0.023810
58981	58274	4	0.095238
58981	58883	3	0.071429
58981	58378	1	0.023810
58983	59073	1	0.062500
58984	58712	61	1.000000
58984	58801	1	0.016393
58984	58378	12	0.196721
58990	59062	1	0.052632
58990	58639	1	0.052632
58993	58639	28	1.000000
58994	59035	2	1.000000
58995	58368	2	0.285714
58995	59049	2	0.285714
58995	58552	2	0.285714
58995	58983	8	1.142857
58996	59073	2	0.100000
58996	59106	5	0.250000
58996	58502	4	0.200000
58996	58274	20	1.000000
58996	58350	1	0.050000
58996	58484	11	0.550000
58999	59072	1	0.005236
58999	58752	1	0.005236
58999	58274	2	0.010471
58999	58787	3	0.015707
58999	58566	1	0.005236
58999	58792	2	0.010471
58999	58915	2	0.010471
58999	58883	1	0.005236
58999	58984	3	0.015707
58999	58610	1	0.005236
58999	58499	1	0.005236
58999	58484	1	0.005236
58999	59062	10	0.052356
58999	58904	1	0.005236
58999	58906	1	0.005236
58999	59035	2	0.010471
59000	59072	1	0.076923
59000	58761	2	0.153846
59000	59062	2	0.153846
59002	59073	1	0.014706
59002	59062	1	0.014706
59005	58720	1	0.005650
59005	58274	1	0.005650
59005	58628	2	0.011299
59005	58341	3	0.016949
59005	58887	1	0.005650
59005	58442	2	0.011299
59005	58893	1	0.005650
59005	58638	1	0.005650
59005	58767	1	0.005650
59005	58480	1	0.005650
59005	58783	1	0.005650
59005	59064	1	0.005650
59005	58884	1	0.005650
59005	58298	1	0.005650
59005	58811	2	0.011299
59005	58973	1	0.005650
59005	58558	1	0.005650
59005	58847	1	0.005650
59007	58274	2	0.166667
59009	58913	2	0.010526
59009	58792	1	0.005263
59009	58699	1	0.005263
59009	58255	2	0.010526
59009	58600	1	0.005263
59009	58770	1	0.005263
59009	58484	2	0.010526
59009	58677	1	0.005263
59009	59062	2	0.010526
59009	58649	2	0.010526
59013	58468	4	0.173913
59016	58720	1	0.166667
59016	58884	1	0.166667
59016	58341	1	0.166667
59016	58887	1	0.166667
59016	58442	1	0.166667
59016	58893	1	0.166667
59016	58767	1	0.166667
59016	58783	1	0.166667
59016	59064	1	0.166667
59016	58628	1	0.166667
59016	58298	1	0.166667
59016	58811	1	0.166667
59016	58558	1	0.166667
59016	58975	1	0.166667
59018	58274	1	0.090909
59020	58442	2	0.007576
59020	58386	6	0.022727
59020	58262	1	0.003788
59021	58274	549	0.998182
59021	58459	3	0.005455
59021	58715	2	0.003636
59022	58474	1	0.018868
59022	58801	1	0.018868
59022	59062	2	0.037736
59022	58967	1	0.018868
59022	58904	1	0.018868
59022	58649	1	0.018868
59024	58274	10	0.161290
59024	58715	13	0.209677
59027	58696	2	0.016260
59027	59062	1	0.008130
59027	58887	2	0.016260
59030	58468	56	1.866667
59030	59013	1	0.033333
59030	58412	1	0.033333
59030	59062	5	0.166667
59030	58967	1	0.033333
59030	59035	2	0.066667
59030	58749	4	0.133333
59030	58942	1	0.033333
59033	58730	9	1.500000
59034	58967	1	0.019231
59035	58881	4	0.017241
59035	58883	1	0.004310
59035	59013	6	0.025862
59035	58502	2	0.008621
59035	58753	2	0.008621
59035	58378	1	0.004310
59035	59022	3	0.012931
59035	58384	1	0.004310
59035	58518	1	0.004310
59035	58783	1	0.004310
59035	58274	2	0.008621
59035	58663	1	0.004310
59035	58537	2	0.008621
59035	58801	1	0.004310
59035	58292	1	0.004310
59035	59062	12	0.051724
59035	58548	3	0.012931
59035	59072	1	0.004310
59035	59073	1	0.004310
59035	58629	2	0.008621
59035	58566	2	0.008621
59035	58827	1	0.004310
59035	58332	5	0.021552
59035	58468	2	0.008621
59035	58598	2	0.008621
59035	58350	1	0.004310
59035	58877	5	0.021552
59035	58999	1	0.004310
59035	59005	1	0.004310
59035	58366	2	0.008621
59036	59062	1	0.052632
59036	58590	1	0.052632
59036	58639	1	0.052632
59039	58883	1	0.018182
59039	58598	5	0.090909
59039	59025	1	0.018182
59039	58579	1	0.018182
59039	58548	2	0.036364
59039	58549	1	0.018182
59039	59062	2	0.036364
59039	58484	1	0.018182
59039	58877	8	0.145455
59043	59062	1	0.071429
59045	58274	1	0.125000
59048	58507	2	0.285714
59049	58552	2	0.285714
59049	58915	1	0.142857
59049	58610	1	0.142857
59049	58995	2	0.285714
59049	58507	1	0.142857
59051	58906	2	0.105263
59053	58274	1	0.090909
59056	59062	1	0.052632
59056	58639	1	0.052632
59057	58906	3	0.017647
59057	58484	459	2.700000
59060	58592	12	0.049180
59060	58274	3	0.012295
59060	58877	8	0.032787
59061	58801	1	0.033333
59061	58378	1	0.033333
59061	58443	1	0.033333
59061	59062	6	0.200000
59061	58566	1	0.033333
59062	58881	1	0.000213
59062	58883	1	0.000213
59062	58628	1	0.000213
59062	59013	1	0.000213
59062	58758	2	0.000426
59062	58887	1	0.000213
59062	58632	1	0.000213
59062	58378	2	0.000426
59062	58507	1	0.000213
59062	58255	1	0.000213
59062	59025	1	0.000213
59062	58643	1	0.000213
59062	58900	1	0.000213
59062	58263	1	0.000213
59062	58906	1	0.000213
59062	59034	1	0.000213
59062	59039	1	0.000213
59062	58598	1	0.000213
59062	58915	1	0.000213
59062	58950	1	0.000213
59062	58408	1	0.000213
59062	58525	1	0.000213
59062	58288	1	0.000213
59062	58548	1	0.000213
59062	59061	1	0.000213
59062	59064	1	0.000213
59062	58426	1	0.000213
59062	58975	1	0.000213
59062	59072	1	0.000213
59062	59073	1	0.000213
59062	58566	1	0.000213
59062	59080	1	0.000213
59062	58698	1	0.000213
59062	58827	1	0.000213
59062	59090	1	0.000213
59062	58967	1	0.000213
59062	58840	1	0.000213
59062	58639	1	0.000213
59062	58332	1	0.000213
59062	58847	1	0.000213
59062	59109	1	0.000213
59062	58854	1	0.000213
59062	58729	1	0.000213
59062	58475	1	0.000213
59062	59116	1	0.000213
59062	58733	1	0.000213
59062	59118	1	0.000213
59062	58607	1	0.000213
59062	58480	1	0.000213
59062	58484	1	0.000213
59062	58767	1	0.000213
59062	59028	1	0.000213
59062	58618	1	0.000213
59062	58366	1	0.000213
59063	59062	2	0.035088
59064	58368	1	0.000456
59064	58274	2	0.000913
59064	58983	1	0.000456
59064	58887	2	0.000913
59064	59049	1	0.000456
59064	58663	1	0.000456
59064	59116	22	0.010041
59064	58835	1	0.000456
59064	58292	2	0.000913
59064	59062	1	0.000456
59064	58548	1	0.000456
59064	58460	188	0.085806
59064	58572	1	0.000456
59064	58783	6	0.002738
59074	58643	1	0.142857
59080	59090	1	0.076923
59090	59080	5	0.055556
59090	59062	20	0.222222
59091	58378	153	7.650000
59092	58752	1	0.000278
59092	58883	7	0.001949
59092	58884	2	0.000557
59092	58378	1	0.000278
59092	58643	2	0.000557
59092	58906	1	0.000278
59092	58783	28	0.007795
59092	58274	7	0.001949
59092	58533	1	0.000278
59092	58799	5	0.001392
59092	58544	1	0.000278
59092	58801	3	0.000835
59092	58292	1	0.000278
59092	59062	132	0.036748
59092	58555	1	0.000278
59092	58558	11	0.003062
59092	59072	32	0.008909
59092	59073	6	0.001670
59092	58563	2	0.000557
59092	58696	2	0.000557
59092	58314	1	0.000278
59092	58999	1	0.000278
59092	58448	1	0.000278
59092	58967	1	0.000278
59092	58588	6	0.001670
59092	58720	1	0.000278
59092	58484	15	0.004176
59092	58942	1	0.000278
59092	58871	1	0.000278
59092	58747	1	0.000278
59093	59062	2	0.033898
59093	58502	42	0.711864
59095	59073	33	0.029178
59095	58628	2	0.001768
59095	58574	1	0.000884
59095	58257	1	0.000884
59095	58484	2	0.001768
59095	59062	5	0.004421
59095	58649	8	0.007073
59095	58586	8	0.007073
59098	58883	3	1.000000
59098	59035	3	1.000000
59100	59062	1	0.052632
59100	58639	1	0.052632
59104	58274	2	0.181818
59105	58632	39	1.054054
59105	58502	1	0.027027
59106	59072	1	0.001835
59106	58274	116	0.212844
59106	59092	1	0.001835
59106	59013	1	0.001835
59108	59062	1	0.200000
59109	58628	2	0.007812
59109	58638	2	0.007812
59109	58288	2	0.007812
59109	59062	2	0.007812
59109	58329	10	0.039062
59109	58847	2	0.007812
59111	59073	2	0.011050
59111	58884	2	0.011050
59111	58502	13	0.071823
59111	58484	1	0.005525
59111	59062	11	0.060773
59111	58999	2	0.011050
59111	58904	9	0.049724
59111	59035	1	0.005525
59111	58685	1	0.005525
59113	59062	4	0.333333
59116	58628	4	0.028571
59116	58887	3	0.021429
59116	58893	3	0.021429
59116	58638	3	0.021429
59116	58767	4	0.028571
59116	58643	4	0.028571
59116	58884	3	0.021429
59116	58783	4	0.028571
59116	58274	2	0.014286
59116	58288	2	0.014286
59116	58548	1	0.007143
59116	59062	2	0.014286
59116	59064	2	0.014286
59116	58298	4	0.028571
59116	58811	2	0.014286
59116	58558	3	0.021429
59116	58442	2	0.014286
59116	58975	3	0.021429
59116	58847	1	0.007143
59116	58720	4	0.028571
59116	58341	1	0.007143
59116	58480	2	0.014286
59116	58877	1	0.007143
59118	59072	1	0.250000
59118	58883	3	0.750000
59118	59013	1	0.250000
59118	58502	1	0.250000
59118	58801	1	0.250000
59118	58643	1	0.250000
59118	59062	2	0.500000
59119	59035	2	0.090909
