Src	Trg	LinkCount	RelLinkCount
22528	21986	3	0.005650
22528	22505	2	0.003766
22528	22412	3	0.005650
22528	22125	1	0.001883
22528	22350	1	0.001883
22528	22545	1	0.001883
22528	22868	1	0.001883
22528	22805	1	0.001883
22528	22519	3	0.005650
22528	22042	5	0.009416
22528	22670	11	0.020716
22530	22381	1	0.001852
22533	22664	119	4.958333
22533	22505	2	0.083333
22533	22667	1	0.041667
22533	22125	46	1.916667
22533	22868	3	0.125000
22533	22714	1	0.041667
22535	22042	1	0.000763
22540	22560	1	0.000211
22540	21986	2	0.000421
22540	22470	1	0.000211
22540	22440	1	0.000211
22540	21961	1	0.000211
22540	22519	4	0.000842
22540	22125	2	0.000421
22540	22350	2	0.000421
22540	21935	45	0.009478
22540	22441	1	0.000211
22540	22505	5	0.001053
22540	22042	1	0.000211
22540	22941	1	0.000211
22540	22206	2	0.000421
22540	22143	1	0.000211
22541	22877	3	0.004458
22541	22038	9	0.013373
22542	22564	2	0.005333
22542	22441	8	0.021333
22542	21965	1	0.002667
22542	22382	17	0.045333
22542	22941	3	0.008000
22542	21961	2	0.005333
22542	22168	2	0.005333
22542	22810	8	0.021333
22542	22780	2	0.005333
22542	22650	8	0.021333
22544	22624	1	0.019231
22544	22441	1	0.019231
22545	21986	168	12.000000
22545	21961	1	0.071429
22545	22125	11	0.785714
22545	22800	1	0.071429
22545	22868	2	0.142857
22545	22519	2	0.142857
22545	22553	2	0.142857
22552	22545	3	0.012097
22552	21932	1	0.004032
22552	22085	3	0.012097
22553	22147	12	0.003186
22553	22918	3	0.000796
22553	22412	1	0.000265
22553	22670	1	0.000265
22553	22800	7	0.001858
22553	22674	1	0.000265
22553	22042	18	0.004778
22553	22560	2	0.000531
22553	22820	46	0.012211
22553	22441	11	0.002920
22553	22954	2	0.000531
22553	21937	1	0.000265
22553	21940	1	0.000265
22553	22709	1	0.000265
22553	22714	1	0.000265
22553	22207	1	0.000265
22553	22854	1	0.000265
22553	22217	1	0.000265
22553	22602	5	0.001327
22553	22350	1	0.000265
22553	21967	2	0.000531
22553	22610	1	0.000265
22553	22868	4	0.001062
22553	22744	3	0.000796
22553	22108	2	0.000531
22553	22877	2	0.000531
22553	21986	40	0.010619
22553	22523	1	0.000265
22553	22505	3	0.000796
22553	22890	29	0.007698
22553	22125	11	0.002920
22553	22899	1	0.000265
22553	22004	5	0.001327
22553	22517	1	0.000265
22553	22776	1	0.000265
22553	22779	1	0.000265
22555	22280	3	0.001542
22555	22505	6	0.003083
22555	22602	13	0.006680
22555	22899	2	0.001028
22555	22412	1	0.000514
22555	22269	7	0.003597
22555	22323	34	0.017472
22555	22324	1	0.000514
22555	22071	2	0.001028
22555	22553	1	0.000514
22555	22042	3	0.001542
22555	21980	40	0.020555
22555	22877	2	0.001028
22556	21961	1	0.000881
22556	22055	1	0.000881
22556	22505	2	0.001762
22556	22071	8	0.007048
22556	22125	2	0.001762
22556	22269	22	0.019383
22556	22519	1	0.000881
22556	21980	2	0.001762
22556	22941	2	0.001762
22558	22624	16	0.018935
22558	22726	6	0.007101
22558	22247	835	0.988166
22558	22505	89	0.105325
22558	22350	26	0.030769
22558	22004	1	0.001183
22558	22441	30	0.035503
22558	22042	7	0.008284
22560	22085	3	0.005435
22560	22088	1	0.001812
22560	22505	3	0.005435
22560	22731	1	0.001812
22560	22412	4	0.007246
22560	22125	1088	1.971014
22560	22441	3	0.005435
22560	22553	1	0.001812
22560	22042	581	1.052536
22561	22332	1	0.001477
22564	22441	1	0.005263
22564	22889	1	0.005263
22564	22519	1	0.005263
22564	22350	4	0.021053
22564	22647	3	0.015789
22566	22274	1	0.017241
22566	22885	1	0.017241
22566	22824	1	0.017241
22566	21961	1	0.017241
22566	22519	1	0.017241
22566	22125	3	0.051724
22566	22350	5	0.086207
22566	22674	2	0.034483
22566	22004	1	0.017241
22566	22505	2	0.034483
22568	22890	1	0.050000
22568	22809	1	0.050000
22568	22602	2	0.100000
22568	22325	1	0.050000
22568	22854	3	0.150000
22569	22624	3	0.055556
22569	22824	3	0.055556
22569	22441	1	0.018519
22569	21996	1	0.018519
22569	22125	8	0.148148
22569	22505	1	0.018519
22569	22042	3	0.055556
22576	22505	6	0.001168
22576	22602	5	0.000973
22576	22731	3	0.000584
22576	22553	1	0.000195
22577	22027	602	0.990132
22577	22311	603	0.991776
22580	22505	1	0.002632
22580	22941	1	0.002632
22580	22670	1	0.002632
22582	22854	1	0.011236
22582	21959	97	1.089888
22582	22505	174	1.955056
22582	22858	6	0.067416
22582	22125	95	1.067416
22582	22641	2	0.022472
22582	22873	4	0.044944
22582	22042	7	0.078652
22583	22441	1	0.006803
22583	22125	147	1.000000
22586	22602	1	0.003106
22586	21965	5	0.015528
22586	22638	2	0.006211
22587	21932	510	3.053892
22592	22659	1	0.000885
22592	22027	1	0.000885
22592	22412	3	0.002655
22592	22752	1	0.000885
22592	22670	201	0.177876
22592	22287	1	0.000885
22592	22800	1	0.000885
22592	22545	1	0.000885
22592	22553	3	0.002655
22592	22042	41	0.036283
22592	22811	1	0.000885
22592	22812	2	0.001770
22592	22941	3	0.002655
22592	22558	1	0.000885
22592	22560	1	0.000885
22592	22953	1	0.000885
22592	22820	1	0.000885
22592	22309	1	0.000885
22592	22824	3	0.002655
22592	22441	16	0.014159
22592	22062	1	0.000885
22592	22832	1	0.000885
22592	22065	2	0.001770
22592	21938	755	0.668142
22592	22069	13015	11.517699
22592	22326	1	0.000885
22592	22072	1	0.000885
22592	22201	1	0.000885
22592	22459	21	0.018584
22592	22844	1	0.000885
22592	22078	1	0.000885
22592	22207	33	0.029204
22592	22081	1	0.000885
22592	22082	5	0.004425
22592	22667	1	0.000885
22592	22602	2	0.001770
22592	21965	2	0.001770
22592	22350	929	0.822124
22592	22712	4	0.003540
22592	22868	10	0.008850
22592	22613	4	0.003540
22592	22742	5	0.004425
22592	22692	1	0.000885
22592	22624	2065	1.827434
22592	22544	1	0.000885
22592	21986	4	0.003540
22592	22523	3	0.002655
22592	22885	1	0.000885
22592	22505	141	0.124779
22592	22122	1	0.000885
22592	21996	2	0.001770
22592	22125	4	0.003540
22592	22638	1	0.000885
22592	22384	2	0.001770
22592	22899	1	0.000885
22592	22206	1	0.000885
22592	22519	2	0.001770
22592	22776	1	0.000885
22592	22137	1	0.000885
22592	22010	1	0.000885
22592	22719	1	0.000885
22592	22396	1	0.000885
22592	22269	1	0.000885
22592	22142	1	0.000885
22594	22824	355	1.000000
22595	22553	2	0.022727
22595	22258	1	0.011364
22595	22890	1	0.011364
22596	22208	8	0.005083
22596	22854	2	0.001271
22596	22953	7591	4.822745
22596	22218	4	0.002541
22596	22519	10	0.006353
22596	22412	1516	0.963151
22596	22125	1520	0.965693
22596	22835	2	0.001271
22596	22441	4	0.002541
22596	22042	2	0.001271
22596	22108	12	0.007624
22596	22060	4	0.002541
22599	22664	1	0.004219
22599	22602	20	0.084388
22599	22147	3	0.012658
22599	22125	5	0.021097
22599	21965	1	0.004219
22600	22602	30	1.578947
22601	22505	4	0.001606
22601	22602	9	0.003613
22601	21965	3	0.001204
22602	22914	4	0.000891
22602	22533	2	0.000445
22602	22918	3	0.000668
22602	22024	3	0.000668
22602	22667	3	0.000668
22602	22412	4	0.000891
22602	22670	1	0.000223
22602	22287	1	0.000223
22602	22800	1	0.000223
22602	22674	3	0.000668
22602	22553	5	0.001113
22602	22042	24	0.005344
22602	22560	2	0.000445
22602	22436	1	0.000223
22602	22854	3	0.000668
22602	22441	3	0.000668
22602	22957	1	0.000223
22602	22702	4	0.000891
22602	21937	3	0.000668
22602	22835	1	0.000223
22602	22709	1	0.000223
22602	22664	1	0.000223
22602	22206	2	0.000445
22602	21951	2	0.000445
22602	22624	5	0.001113
22602	22726	3	0.000668
22602	22217	3	0.000668
22602	22731	3	0.000668
22602	21965	15	0.003340
22602	21967	3	0.000668
22602	21968	17	0.003785
22602	22610	3	0.000668
22602	22868	2	0.000445
22602	22108	3	0.000668
22602	22877	6	0.001336
22602	22752	1	0.000223
22602	21986	1	0.000223
22602	22115	1	0.000223
22602	22505	39	0.008684
22602	22890	2	0.000445
22602	21996	3	0.000668
22602	22125	4488	0.999332
22602	22899	3	0.000668
22602	22517	3	0.000668
22602	22519	6	0.001336
22602	22776	4	0.000891
22602	22523	1	0.000223
22604	22553	16	0.054795
22604	22890	1	0.003425
22604	22868	1	0.003425
22610	21986	13	0.014161
22610	22835	1	0.001089
22610	22918	1	0.001089
22610	22024	1	0.001089
22610	21961	3	0.003268
22610	22602	3	0.003268
22610	22899	1	0.001089
22610	22125	1	0.001089
22610	22126	2	0.002179
22610	22704	6	0.006536
22610	22387	1	0.001089
22610	22868	1	0.001089
22610	22350	1	0.001089
22610	22553	2	0.002179
22610	22776	1	0.001089
22610	22521	2	0.002179
22610	22877	4	0.004357
22610	22954	1	0.001089
22611	22108	2	0.001445
22611	22602	3	0.002168
22611	22436	1	0.000723
22611	22505	1	0.000723
22616	22076	10	1.000000
22616	22125	1	0.100000
22618	21961	2	0.006329
22618	21986	29	0.091772
22618	22038	1	0.003165
22618	22153	1	0.003165
22618	22218	1	0.003165
22618	22667	1	0.003165
22618	22125	3	0.009494
22618	22545	1	0.003165
22618	22582	1	0.003165
22618	22441	2	0.006329
22618	22714	1	0.003165
22618	22122	4	0.012658
22622	22602	50	0.005125
22623	22602	6	0.260870
22623	21965	1	0.043478
22623	22877	3	0.130435
22624	22042	44	0.044489
22624	22125	1	0.001011
22627	22505	15	0.211268
22627	22396	2	0.028169
22633	22602	173	2.982759
22633	21967	1	0.017241
22636	22396	315	1.000000
22638	22147	2	0.000843
22638	22792	13	0.005478
22638	22670	3	0.001264
22638	22800	4	0.001686
22638	22659	1	0.000421
22638	22166	4	0.001686
22638	22553	1	0.000421
22638	22042	4	0.001686
22638	22945	3	0.001264
22638	22824	4	0.001686
22638	22441	9	0.003793
22638	22829	1	0.000421
22638	22835	3	0.001264
22638	22069	5	0.002107
22638	22711	1	0.000421
22638	22586	4	0.001686
22638	22206	4	0.001686
22638	22088	3	0.001264
22638	21965	1	0.000421
22638	22350	151	0.063633
22638	22871	4	0.001686
22638	21986	13	0.005478
22638	22505	22	0.009271
22638	21996	4	0.001686
22638	22125	32	0.013485
22638	22259	2	0.000843
22638	22260	4	0.001686
22638	22519	2	0.000843
22638	22137	1	0.000421
22641	22147	1	0.002525
22641	22667	1	0.002525
22641	22412	1	0.002525
22641	22125	793	2.002525
22641	22519	1	0.002525
22641	22042	35	0.088384
22644	22602	2	0.052632
22645	22752	1	0.052632
22645	21986	1	0.052632
22645	22533	1	0.052632
22645	21996	1	0.052632
22645	22441	1	0.052632
22645	22412	1	0.052632
22645	22125	3	0.157895
22645	22350	1	0.052632
22645	22042	2	0.105263
22645	22587	4	0.210526
22645	22941	1	0.052632
22647	22564	3	0.023438
22649	22125	5	0.032680
22649	21965	3	0.019608
22658	22505	1	0.001575
22658	22602	1	0.001575
22658	22411	1	0.001575
22658	22125	1	0.001575
22658	22825	1	0.001575
22659	22726	1	0.000127
22659	22540	1	0.000127
22659	22125	2	0.000255
22659	22289	3	0.000382
22659	22638	2	0.000255
22659	22296	4	0.000510
22659	22553	9	0.001147
22659	22042	9	0.001147
22659	22191	6	0.000765
22659	22558	8	0.001020
22659	22949	6	0.000765
22659	22441	225	0.028684
22659	22442	4	0.000510
22659	21932	5	0.000637
22659	22831	2	0.000255
22659	22832	4	0.000510
22659	21938	7	0.000892
22659	22069	5	0.000637
22659	22459	1	0.000127
22659	22845	2	0.000255
22659	22718	3	0.000382
22659	22954	1	0.000127
22659	22340	2	0.000255
22659	22086	6	0.000765
22659	21961	9	0.001147
22659	22095	4	0.000510
22659	22868	8	0.001020
22659	22351	2	0.000255
22659	21980	6	0.000765
22659	22877	3	0.000382
22659	22882	2	0.000255
22659	22381	5	0.000637
22659	22382	4	0.000510
22659	21949	4	0.000510
22659	22128	1	0.000127
22659	22953	3	0.000382
22659	22904	2	0.000255
22659	22650	16	0.002040
22659	22779	1	0.000127
22659	22269	22	0.002805
22664	22533	40	1.666667
22664	22505	2	0.083333
22664	22667	1	0.041667
22664	22125	46	1.916667
22664	22868	3	0.125000
22664	22714	1	0.041667
22667	22505	4	0.181818
22667	22042	45	2.045455
22667	21986	1	0.045455
22667	22125	1	0.045455
22667	22441	2	0.090909
22668	22602	4	0.000582
22668	21965	4	0.000582
22668	22125	1	0.000146
22669	22835	3	1.000000
22669	22125	6	2.000000
22670	22569	2	0.038462
22670	22921	2	0.038462
22670	22027	2	0.038462
22670	22544	2	0.038462
22670	22165	2	0.038462
22670	22678	2	0.038462
22670	22811	2	0.038462
22670	22062	2	0.038462
22670	22558	2	0.038462
22670	22820	2	0.038462
22670	22382	2	0.038462
22670	22566	2	0.038462
22670	22953	2	0.038462
22670	22442	2	0.038462
22670	22702	1	0.019231
22670	22831	2	0.038462
22670	22832	2	0.038462
22670	22580	2	0.038462
22670	22069	2	0.038462
22670	22326	2	0.038462
22670	22072	2	0.038462
22670	22201	2	0.038462
22670	22202	2	0.038462
22670	22587	2	0.038462
22670	22844	2	0.038462
22670	22718	2	0.038462
22670	22081	2	0.038462
22670	22082	2	0.038462
22670	22088	1	0.019231
22670	22602	1	0.019231
22670	21986	35	0.673077
22670	22351	2	0.038462
22670	22692	2	0.038462
22670	22877	1	0.019231
22670	22882	3	0.057692
22670	21988	1	0.019231
22670	22122	2	0.038462
22670	22125	107	2.057692
22670	22638	2	0.038462
22670	22078	2	0.038462
22670	22441	4	0.076923
22670	22904	2	0.038462
22670	22137	2	0.038462
22670	22779	2	0.038462
22670	22396	2	0.038462
22670	22269	2	0.038462
22670	22142	2	0.038462
22670	22805	2	0.038462
22672	22019	192	0.190099
22672	22505	1	0.000990
22672	22602	1	0.000990
22672	21932	1	0.000990
22672	22350	1	0.000990
22672	22552	5	0.004950
22672	22587	4	0.003960
22674	22530	6	0.002597
22674	22918	1	0.000433
22674	22602	7	0.003030
22674	22412	1	0.000433
22674	22125	4	0.001732
22674	22670	2	0.000866
22674	22868	2	0.000866
22674	22553	6	0.002597
22678	22146	57	0.039944
22678	22412	3	0.002102
22678	22670	7	0.004905
22678	22415	2	0.001402
22678	22800	9	0.006307
22678	22553	8	0.005606
22678	22042	38	0.026629
22678	22560	1	0.000701
22678	22052	14	0.009811
22678	22695	49	0.034338
22678	22824	10	0.007008
22678	22441	55	0.038542
22678	22954	1	0.000701
22678	22458	1	0.000701
22678	22206	1	0.000701
22678	22207	1	0.000701
22678	22602	1	0.000701
22678	21965	1	0.000701
22678	22350	57	0.039944
22678	22624	16	0.011212
22678	22881	28	0.019622
22678	21986	2	0.001402
22678	21988	4	0.002803
22678	22505	19	0.013315
22678	22890	1	0.000701
22678	22508	72	0.050456
22678	22125	17	0.011913
22678	22382	5	0.003504
22678	22514	35	0.024527
22678	22004	4	0.002803
22678	22519	11	0.007708
22678	22010	6	0.004205
22678	22524	6	0.004205
22679	22847	2	0.080000
22681	22042	5	0.005688
22681	22624	1	0.001138
22681	21986	1	0.001138
22681	22659	1	0.001138
22681	22835	1	0.001138
22681	21961	2	0.002275
22681	22441	8	0.009101
22681	22602	1	0.001138
22681	22125	9	0.010239
22681	22350	13	0.014790
22681	22512	2	0.002275
22681	22641	2	0.002275
22681	22259	2	0.002275
22681	22868	1	0.001138
22681	22382	10	0.011377
22681	22519	4	0.004551
22681	22650	1	0.001138
22681	22941	10	0.011377
22682	22505	38	0.037811
22692	22350	3	0.103448
22694	22868	21	0.066456
22695	22624	1	0.000410
22695	22209	7	0.002869
22695	22658	1	0.000410
22695	22659	1	0.000410
22695	22441	10	0.004098
22695	22954	34	0.013934
22695	22667	4	0.001639
22695	22508	1	0.000410
22695	22125	6	0.002459
22695	22957	2	0.000820
22695	22641	1	0.000410
22695	22514	1	0.000410
22695	22505	6	0.002459
22695	22678	10	0.004098
22695	22519	5	0.002049
22695	22137	2	0.000820
22695	22941	3	0.001230
22695	22207	1	0.000410
22696	22505	3	0.010169
22700	22569	319	1.000000
22700	22125	1	0.003135
22702	21968	72	3.789474
22702	22115	4	0.210526
22702	22125	8	0.421053
22703	22505	1	0.005291
22703	22253	1	0.005291
22704	21986	6	0.004831
22704	22088	1	0.000805
22704	21961	745	0.599839
22704	22519	3	0.002415
22704	22125	1497	1.205314
22704	22350	3	0.002415
22704	22441	1	0.000805
22704	22610	1	0.000805
22704	22100	1506	1.212560
22704	22505	14	0.011272
22704	22882	1	0.000805
22704	22042	1	0.000805
22704	22779	6741	5.427536
22704	22941	4	0.003221
22709	22553	5	0.125000
22711	22505	1	0.037037
22711	22125	3	0.111111
22711	22702	1	0.037037
22711	22868	1	0.037037
22711	22519	1	0.037037
22711	22042	2	0.074074
22712	22065	2	0.002928
22714	22624	3	0.176471
22714	22641	3	0.176471
22714	21986	41	2.411765
22714	22042	3	0.176471
22714	22125	1	0.058824
22717	21986	2	0.001957
22717	22918	1	0.000978
22717	22890	2	0.001957
22717	22957	5	0.004892
22717	22350	2	0.001957
22717	21967	1	0.000978
22717	21937	1	0.000978
22717	22674	1	0.000978
22717	22868	4	0.003914
22717	22776	1	0.000978
22717	22553	8	0.007828
22717	22042	1	0.000978
22718	22752	4	0.006780
22718	22624	2	0.003390
22718	22603	9	0.015254
22718	22085	5	0.008475
22718	22441	9	0.015254
22718	22955	2	0.003390
22718	22412	5	0.008475
22718	22125	12	0.020339
22718	22350	32	0.054237
22718	22095	6	0.010169
22718	22733	3	0.005085
22718	22505	6	0.010169
22718	22517	2	0.003390
22718	22519	29	0.049153
22718	21965	2	0.003390
22718	22553	1	0.001695
22718	22042	11	0.018644
22718	22010	3	0.005085
22718	22206	2	0.003390
22719	22659	1	0.000306
22719	22742	4	0.001223
22719	21996	1	0.000306
22719	22412	3	0.000917
22719	22670	1	0.000306
22719	22545	1	0.000306
22719	22034	5	0.001529
22719	22165	112	0.034251
22719	22042	3	0.000917
22719	22941	4	0.001223
22719	22824	168	0.051376
22719	22441	10	0.003058
22719	22601	5	0.001529
22719	22207	7	0.002141
22719	22085	42	0.012844
22719	21961	6	0.001835
22719	22602	1	0.000306
22719	22350	84	0.025688
22719	21974	1	0.000306
22719	22624	3	0.000917
22719	22882	1	0.000306
22719	22505	32	0.009786
22719	22380	3	0.000917
22719	22125	18	0.005505
22719	22004	2	0.000612
22721	22800	1	0.004717
22721	22533	1	0.004717
22721	22505	3	0.014151
22721	22350	6	0.028302
22721	22256	210	0.990566
22721	22042	1	0.004717
22723	22441	2	0.004357
22723	22805	4	0.008715
22723	22118	2	0.004357
22725	22072	1	0.001065
22725	21965	1	0.001065
22726	21986	67	0.130604
22726	22505	1	0.001949
22726	22412	1	0.001949
22726	22125	1	0.001949
22726	22350	2	0.003899
22726	22868	3	0.005848
22726	22776	2	0.003899
22726	22553	2	0.003899
22726	22042	10	0.019493
22726	22877	1	0.001949
22731	22560	2	0.002283
22731	22576	1	0.001142
22731	21986	842	0.961187
22731	22659	1	0.001142
22731	22505	1	0.001142
22731	22602	2	0.002283
22731	22800	2	0.002283
22731	22450	1	0.001142
22731	22858	1	0.001142
22733	21986	7	0.011925
22733	22955	3	0.005111
22733	22085	1	0.001704
22733	22667	1	0.001704
22733	22505	4	0.006814
22733	22603	3	0.005111
22733	22125	3	0.005111
22733	22095	23	0.039182
22733	22800	2	0.003407
22733	22641	1	0.001704
22733	22835	2	0.003407
22733	22868	1	0.001704
22733	22517	7	0.011925
22733	22519	1	0.001704
22733	22735	2	0.003407
22733	22718	2	0.003407
22735	22624	17	0.232877
22735	22125	74	1.013699
22735	22350	1	0.013699
22735	22519	1	0.013699
22735	22010	1	0.013699
22735	22042	73	1.000000
22739	22776	1	0.000324
22739	22553	1	0.000324
22739	22602	1692	0.547573
22739	22062	1	0.000324
22739	22086	1	0.000324
22740	21986	34	2.833333
22740	22667	3	0.250000
22740	22125	2	0.166667
22740	22711	1	0.083333
22740	22714	2	0.166667
22740	22042	17	1.416667
22742	22042	4	0.571429
22742	22004	3	0.428571
22742	22125	10	1.428571
22742	22350	4	0.571429
22744	22624	1	0.000894
22744	21961	4	0.003578
22744	22659	1	0.000894
22744	22820	273	0.244186
22744	22505	3	0.002683
22744	22602	4	0.003578
22744	22519	5	0.004472
22744	22412	2	0.001789
22744	22125	4	0.003578
22744	22670	1	0.000894
22744	22545	3	0.002683
22744	22350	2	0.001789
22744	22441	59	0.052773
22744	21986	10	0.008945
22744	22553	79	0.070662
22744	22042	1	0.000894
22744	22941	2	0.001789
22744	22207	5	0.004472
22747	22752	1	0.000883
22747	22436	1	0.000883
22747	22758	2	0.001767
22747	22726	1	0.000883
22747	22824	1	0.000883
22747	22890	1	0.000883
22747	22954	2	0.001767
22747	22125	2	0.001767
22747	22024	1	0.000883
22747	22868	2	0.001767
22747	22553	3	0.002650
22747	22602	11	0.009717
22747	22397	2	0.001767
22747	21951	1	0.000883
22748	22505	26	0.049430
22748	22868	1	0.001901
22748	22711	1	0.001901
22752	22560	1	0.003774
22752	21961	1	0.003774
22752	22947	2	0.007547
22752	22088	1	0.003774
22752	22313	1	0.003774
22752	22519	1	0.003774
22752	22412	2	0.007547
22752	22125	264	0.996226
22752	21965	2	0.007547
22752	21968	1	0.003774
22752	22147	1	0.003774
22752	22650	2	0.007547
22752	22441	1	0.003774
22752	22042	7	0.026415
22752	21949	1	0.003774
22752	22206	1	0.003774
22756	22125	1	0.003413
22756	22206	1	0.003413
22758	22709	2	0.027027
22764	22265	164	0.993939
22765	22085	10	0.020492
22765	22125	1	0.002049
22770	22602	2	0.001396
22770	22731	1	0.000698
22770	22125	3	0.002094
22772	22441	2	0.181818
22772	22602	1	0.090909
22772	21961	15	1.363636
22773	22659	1	0.008403
22773	22085	5	0.042017
22773	21961	1	0.008403
22773	22189	1	0.008403
22773	22125	3	0.025210
22773	22545	1	0.008403
22773	22868	1	0.008403
22773	22042	1	0.008403
22774	22602	10	0.006545
22774	21967	2	0.001309
22774	21937	3	0.001963
22774	22674	2	0.001309
22774	22868	2	0.001309
22774	22553	2	0.001309
22774	22206	2	0.001309
22774	22143	1	0.000654
22775	22904	3	0.003106
22775	22042	1	0.001035
22775	22125	9	0.009317
22775	22854	3	0.003106
22776	22881	1	0.000979
22776	21986	4	0.003918
22776	22918	1	0.000979
22776	21959	1	0.000979
22776	22664	1	0.000979
22776	22441	1	0.000979
22776	22602	3	0.002938
22776	22125	7	0.006856
22776	22914	3	0.002938
22776	21938	1	0.000979
22776	22899	1	0.000979
22776	22868	5	0.004897
22776	22553	3	0.002938
22776	22877	2	0.001959
22776	22954	1	0.000979
22777	22412	291	36.375000
22777	22125	8	1.000000
22780	22564	1	0.008130
22780	22501	1	0.008130
22780	22441	2	0.016260
22780	22541	47	0.382114
22780	22382	42	0.341463
22780	22125	2	0.016260
22780	22542	1	0.008130
22780	22519	1	0.008130
22780	22168	1	0.008130
22788	22125	1	0.333333
22791	22824	227	0.965957
22792	22624	2	0.002999
22792	21961	16	0.023988
22792	22638	47	0.070465
22792	22350	2	0.002999
22792	22519	2	0.002999
22792	21981	4	0.005997
22793	22602	596	2.965174
22793	22125	1	0.004975
22794	22368	1	0.016667
22794	22595	1	0.016667
22794	22216	1	0.016667
22794	22602	114	1.900000
22794	22862	1	0.016667
22794	22258	1	0.016667
22794	22644	1	0.016667
22796	22890	4	0.008811
22796	22602	2	0.004405
22796	22125	2	0.004405
22796	22918	32	0.070485
22797	22659	2	0.000775
22797	22545	1	0.000387
22797	22147	1	0.000387
22797	22042	5	0.001936
22797	22941	2	0.000775
22797	22560	1	0.000387
22797	22441	6	0.002324
22797	22954	2	0.000775
22797	22335	9	0.003486
22797	21961	1	0.000387
22797	22218	2	0.000775
22797	22350	2	0.000775
22797	22877	2	0.000775
22797	21986	2	0.000775
22797	22501	597	0.231216
22797	22505	1	0.000387
22797	22125	4	0.001549
22797	22382	4	0.001549
22797	22641	1	0.000387
22797	22519	38	0.014717
22797	22650	1	0.000387
22797	22525	2	0.000775
22800	21968	4	0.200000
22800	22125	6	0.300000
22800	22287	2	0.100000
22805	22125	4	0.005115
22805	22350	48	0.061381
22805	21965	4	0.005115
22805	22004	1	0.001279
22805	22042	2	0.002558
22805	22941	2	0.002558
22809	22602	42	0.976744
22809	22854	1	0.023256
22810	22505	2	0.002281
22810	22602	3	0.003421
22810	22412	1	0.001140
22810	21965	1	0.001140
22810	22382	2	0.002281
22810	22512	1	0.001140
22810	22583	1	0.001140
22810	22841	3	0.003421
22810	22042	2	0.002281
22811	22505	1	0.015385
22811	21965	4	0.061538
22811	22350	6	0.092308
22811	22441	3	0.046154
22812	22776	6	0.018405
22812	22553	1	0.003067
22812	22411	3	0.009202
22812	22125	4	0.012270
22816	22602	9	0.010045
22816	22125	1	0.001116
22820	22412	1	0.200000
22820	22125	1	0.200000
22821	22505	2	0.002283
22821	22602	1770	2.020548
22823	22125	12	1.714286
22823	22703	3	0.428571
22824	22702	6	0.005068
22824	22664	6	0.005068
22824	22921	3	0.002534
22824	22027	3	0.002534
22824	22412	3	0.002534
22824	22544	3	0.002534
22824	22419	3	0.002534
22824	22805	3	0.002534
22824	22678	3	0.002534
22824	22042	18	0.015203
22824	22811	3	0.002534
22824	22558	3	0.002534
22824	22953	3	0.002534
22824	22692	3	0.002534
22824	22309	3	0.002534
22824	22566	3	0.002534
22824	22441	6	0.005068
22824	22442	3	0.002534
22824	22638	9	0.007601
22824	22062	3	0.002534
22824	22831	3	0.002534
22824	22832	3	0.002534
22824	22580	3	0.002534
22824	22069	3	0.002534
22824	22326	3	0.002534
22824	22583	3	0.002534
22824	22072	3	0.002534
22824	22201	3	0.002534
22824	22202	3	0.002534
22824	22587	3	0.002534
22824	22844	3	0.002534
22824	22718	3	0.002534
22824	22719	3	0.002534
22824	22081	3	0.002534
22824	22082	3	0.002534
22824	22470	3	0.002534
22824	22088	3	0.002534
22824	22351	3	0.002534
22824	22742	3	0.002534
22824	22820	3	0.002534
22824	22624	12	0.010135
22824	22505	3	0.002534
22824	22122	3	0.002534
22824	21996	9	0.007601
22824	22125	7	0.005912
22824	22382	3	0.002534
22824	22078	3	0.002534
22824	22569	3	0.002534
22824	22904	3	0.002534
22824	22137	3	0.002534
22824	22779	3	0.002534
22824	22396	3	0.002534
22824	22269	9	0.007601
22824	22142	3	0.002534
22825	22505	1	0.005128
22825	22602	4	0.020513
22825	22125	1	0.005128
22825	22137	1	0.005128
22828	21986	2	0.021505
22828	22371	1	0.010753
22828	21961	2	0.021505
22828	22125	1	0.010753
22828	22441	2	0.021505
22828	22627	1	0.010753
22828	22217	2	0.021505
22828	22042	1	0.010753
22828	22396	1	0.010753
22829	22260	95	1.021505
22829	22350	10	0.107527
22829	22638	101	1.086022
22830	22142	12	0.279070
22831	22624	2	0.015152
22831	22466	2	0.015152
22831	22659	2	0.015152
22831	22441	3	0.022727
22831	22519	2	0.015152
22831	22125	3	0.022727
22831	22350	2	0.015152
22831	22505	3	0.022727
22831	22042	2	0.015152
22832	22624	1	0.000446
22832	22824	6	0.002679
22832	22441	491	0.219196
22832	22218	1	0.000446
22832	22519	3	0.001339
22832	22125	61	0.027232
22832	22350	265	0.118304
22832	21965	3	0.001339
22832	22670	1	0.000446
22832	22505	61	0.027232
22832	22941	2	0.000893
22835	22150	79	0.940476
22835	22505	105	1.250000
22835	22602	1	0.011905
22835	22412	1	0.011905
22835	22669	10	0.119048
22835	22125	1	0.011905
22835	22867	3	0.035714
22835	22519	2	0.023810
22835	22042	2	0.023810
22835	22941	1	0.011905
22837	22027	115	1.000000
22839	22505	6	0.001033
22839	22854	4	0.000688
22840	22602	1	0.011364
22841	22042	1	0.000246
22841	22441	2	0.000492
22841	22125	3	0.000738
22841	22350	4	0.000984
22841	22191	3	0.000738
22841	22512	2	0.000492
22841	22553	5	0.001231
22841	22650	8	0.001969
22841	22877	7	0.001723
22842	22957	1	0.001387
22842	22602	7	0.009709
22842	22412	1	0.001387
22842	22125	1	0.001387
22842	22877	1	0.001387
22844	22820	1	0.006211
22844	22441	36	0.223602
22844	22125	2	0.012422
22844	22350	5	0.031056
22844	22505	4	0.024845
22844	22010	1	0.006211
22844	22269	7	0.043478
22847	22602	1	0.037037
22847	22679	2	0.074074
22853	21965	2	0.008734
22854	22081	2	0.001610
22854	21986	10	0.008052
22854	22659	1	0.000805
22854	22596	3	0.002415
22854	21961	17	0.013688
22854	22954	3	0.002415
22854	22027	2	0.001610
22854	22125	6	0.004831
22854	22670	1	0.000805
22854	22800	2	0.001610
22854	22545	4	0.003221
22854	22419	2	0.001610
22854	22868	3	0.002415
22854	22553	14	0.011272
22854	22042	2	0.001610
22854	22602	1	0.000805
22857	22884	2	2.000000
22858	22505	78	1.000000
22858	22042	79	1.012821
22859	21965	4	0.038462
22862	22602	216	0.915254
22862	22125	1	0.004237
22866	22832	1	0.034483
22866	22353	1	0.034483
22867	22835	3	1.000000
22867	22125	6	2.000000
22868	22650	2	0.003610
22868	22667	1	0.001805
22868	22890	12	0.021661
22868	22411	1	0.001805
22868	22125	2	0.003610
22868	22350	1	0.001805
22868	21938	19	0.034296
22868	22069	2	0.003610
22868	22714	1	0.001805
22868	22776	2	0.003610
22868	22042	6	0.010830
22868	22459	6	0.010830
22868	22108	1	0.001805
22868	22954	1	0.001805
22868	22613	5	0.009025
22871	22602	3	0.026549
22873	22125	2	1.000000
22874	21994	2	0.015385
22875	21961	2	0.002060
22875	21986	16	0.016478
22875	22659	5	0.005149
22875	22436	2	0.002060
22875	22545	1	0.001030
22875	22505	6	0.006179
22875	22082	16	0.016478
22875	22125	1	0.001030
22875	22441	6	0.006179
22875	22899	3	0.003090
22875	22147	1	0.001030
22875	22519	10	0.010299
22875	22882	2	0.002060
22877	22560	4	0.000093
22877	22914	2	0.000046
22877	22659	1	0.000023
22877	22957	1	0.000023
22877	22726	1	0.000023
22877	22441	18	0.000418
22877	22602	11	0.000255
22877	21996	1	0.000023
22877	22125	2	0.000046
22877	22191	1	0.000023
22877	22544	3	0.000070
22877	22868	4	0.000093
22877	21961	1	0.000023
22877	22776	1	0.000023
22877	22553	6	0.000139
22877	22042	2	0.000046
22879	22624	1	0.000363
22879	21986	1	0.000363
22879	22153	1	0.000363
22879	22125	3	0.001088
22879	22670	1	0.000363
22879	22702	3	0.001088
22879	22042	6418	2.327049
22879	22877	1	0.000363
22880	22505	1	0.010101
22880	22137	1	0.010101
22881	21986	3	0.010204
22881	22954	4	0.013605
22881	21965	8	0.027211
22881	22877	12	0.040816
22881	22514	4	0.013605
22881	22868	4	0.013605
22881	22586	4	0.013605
22881	22524	4	0.013605
22881	22602	4	0.013605
22882	22436	2	0.500000
22882	22125	4	1.000000
22883	22560	2	1.000000
22883	21961	2	1.000000
22883	22147	2	1.000000
22883	22088	2	1.000000
22883	22441	2	1.000000
22883	22412	2	1.000000
22883	21965	2	1.000000
22883	22125	2	1.000000
22883	22519	2	1.000000
22883	21949	2	1.000000
22885	22624	1	0.071429
22885	22125	14	1.000000
22889	22564	3	0.003995
22889	22505	2	0.002663
22889	22602	38	0.050599
22889	22125	1	0.001332
22889	22542	3	0.003995
22889	22512	2	0.002663
22889	22382	2	0.002663
22889	22168	3	0.003995
22890	22024	5	0.833333
22890	22954	5	0.833333
22890	22125	5	0.833333
22890	22868	5	0.833333
22890	22553	8	1.333333
22890	21951	5	0.833333
22893	22824	108	0.990826
22893	21961	2	0.018349
22898	21965	3	0.017442
22899	21986	3	0.003413
22899	22610	1	0.001138
22899	22553	24	0.027304
22899	22024	1	0.001138
22899	21961	2	0.002275
22899	22602	1	0.001138
22899	22125	2	0.002275
22899	22670	1	0.001138
22899	22545	1	0.001138
22899	22954	3	0.003413
22899	22505	1	0.001138
22899	22082	1	0.001138
22899	22519	1	0.001138
22899	22868	9	0.010239
22899	22650	1	0.001138
22899	22555	1	0.001138
22899	22858	1	0.001138
22899	22269	2	0.002275
22899	22873	1	0.001138
22899	22207	1	0.001138
22903	22042	30	0.062500
22903	22125	960	2.000000
22903	22350	1	0.002083
22903	22885	1	0.002083
22904	22624	5	0.010753
22904	22885	5	0.010753
22904	22824	370	0.795699
22904	22505	12	0.025806
22904	22519	5	0.010753
22904	22125	13	0.027957
22904	22350	15	0.032258
22904	22004	9	0.019355
22904	22441	13	0.027957
22904	22042	10	0.021505
22904	22010	3	0.006452
22904	22153	3	0.006452
22904	22207	3	0.006452
22914	21968	2	0.016949
22914	22042	25	0.211864
22914	22602	4	0.033898
22914	22877	11	0.093220
22918	22820	2	0.002491
22918	22505	2	0.002491
22918	22602	4	0.004981
22918	21995	2	0.002491
22918	22125	3	0.003736
22918	22350	1	0.001245
22918	21968	1	0.001245
22918	22441	1	0.001245
22918	22519	1	0.001245
22918	22744	1	0.001245
22918	22553	9	0.011208
22918	22858	1	0.001245
22921	22624	427	1.967742
22921	22085	2	0.009217
22921	22505	1	0.004608
22921	21996	213	0.981567
22921	22125	1	0.004608
22921	22862	1	0.004608
22921	22674	1	0.004608
22921	22350	2	0.009217
22921	22441	5	0.023041
22921	22234	1	0.004608
22921	22684	1	0.004608
22921	22941	1	0.004608
22926	21986	1	0.002976
22926	22411	5	0.014881
22926	22545	1	0.002976
22926	22069	5	0.014881
22926	22071	1	0.002976
22926	22776	1	0.002976
22926	22459	84	0.250000
22936	22412	9	1.000000
22936	22125	36	4.000000
22938	22624	4	0.003700
22938	21986	9	0.008326
22938	21959	4	0.003700
22938	22088	6	0.005550
22938	22505	8	0.007401
22938	21996	7536	6.971323
22938	22125	1083	1.001850
22938	22350	3	0.002775
22938	22800	3	0.002775
22938	22153	2	0.001850
22938	22042	332	0.307123
22940	22005	1	0.052632
22941	21961	1	0.003247
22941	22659	1	0.003247
22941	22085	2	0.006494
22941	21990	1	0.003247
22941	22505	1	0.003247
22941	22711	1	0.003247
22941	22412	1	0.003247
22941	22125	3	0.009740
22941	22867	1	0.003247
22941	22519	3	0.009740
22941	22042	2	0.006494
22941	22533	1	0.003247
22943	22002	1	0.008197
22943	22659	2	0.016393
22943	22125	2	0.016393
22943	22038	1	0.008197
22945	22602	3	0.013825
22945	22890	1	0.004608
22947	22042	6	0.171429
22947	22125	35	1.000000
22949	22624	1	0.004926
22949	21953	3	0.014778
22949	22659	1	0.004926
22949	22313	1	0.004926
22949	22412	2	0.009852
22949	22544	30	0.147783
22949	22519	1	0.004926
22949	22297	2	0.009852
22949	22523	5	0.024631
22951	22779	32	16.000000
22953	22824	1	0.111111
22953	22505	1	0.111111
22953	22042	2	0.222222
22953	22742	1	0.111111
22954	22553	2	0.009756
22954	22890	12	0.058537
22954	22125	1	0.004878
22954	22350	3	0.014634
22954	22695	3	0.014634
22955	22602	3	0.016393
22955	22733	1	0.005464
22957	22147	1	0.000403
22957	22412	1	0.000403
22957	22545	1	0.000403
22957	22553	14	0.005641
22957	22941	2	0.000806
22957	22853	1	0.000403
22957	22560	1	0.000403
22957	22436	2	0.000806
22957	22696	4	0.001612
22957	22441	5	0.002015
22957	22954	2	0.000806
22957	22218	2	0.000806
22957	22335	1	0.000403
22957	22085	3	0.001209
22957	22602	2	0.000806
22957	22350	2	0.000806
22957	22868	13	0.005238
22957	22872	1	0.000403
22957	22877	2	0.000806
22957	22501	1	0.000403
22957	22505	1	0.000403
22957	22125	5	0.002015
22957	22382	1	0.000403
22957	22259	1	0.000403
22957	22519	2	0.000806
22957	22776	1	0.000403
22957	22650	2	0.000806
21932	22659	2	0.003289
21932	22667	1	0.001645
21932	22412	1	0.001645
21932	22670	1	0.001645
21932	22672	2	0.003289
21932	22545	2	0.003289
21932	22147	1	0.001645
21932	22552	43	0.070724
21932	22042	2	0.003289
21932	22941	1	0.001645
21932	22441	5	0.008224
21932	22576	2	0.003289
21932	22587	647	1.064145
21932	21961	7	0.011513
21932	22731	3	0.004934
21932	22882	5	0.008224
21932	22108	3	0.004934
21932	22624	1	0.001645
21932	21986	17	0.027961
21932	22505	21	0.034539
21932	22125	5	0.008224
21932	22519	3	0.004934
21935	22868	2	0.001262
21935	22540	1594	1.005678
21935	22125	2	0.001262
21935	22143	2	0.001262
21937	22560	1	0.001067
21937	21986	3	0.003202
21937	22236	1	0.001067
21937	22505	2	0.002134
21937	22602	3	0.003202
21937	22412	1	0.001067
21937	22125	4	0.004269
21937	22350	2	0.002134
21937	22868	19	0.020277
21937	22774	1	0.001067
21937	22519	2	0.002134
21937	22553	4	0.004269
21937	22042	1	0.001067
21937	22858	1	0.001067
21937	22954	1	0.001067
21938	22153	1	0.000812
21938	22411	45	0.036526
21938	22941	1	0.000812
21938	22469	1	0.000812
21938	22560	1	0.000812
21938	22441	6	0.004870
21938	22069	40	0.032468
21938	22711	1	0.000812
21938	22712	1	0.000812
21938	22331	1	0.000812
21938	22667	1	0.000812
21938	22085	5	0.004058
21938	21961	1	0.000812
21938	22868	7	0.005682
21938	22613	1	0.000812
21938	22108	1	0.000812
21938	21986	2	0.001623
21938	22459	5	0.004058
21938	21990	1	0.000812
21938	22125	2	0.001623
21938	22384	1	0.000812
21938	22519	1	0.000812
21938	22776	1	0.000812
21940	22553	5	0.002680
21940	22602	2	0.001072
21940	22340	3	0.001608
21946	22298	1021	1.000000
21946	22773	1	0.000979
21949	22670	238	0.294919
21951	22533	1	0.026316
21951	22664	1	0.026316
21951	22505	3	0.078947
21951	22890	48	1.263158
21951	22776	2	0.052632
21951	22602	6	0.157895
21952	22441	1	0.003115
21952	21961	1	0.003115
21952	22123	241	0.750779
21952	22013	291	0.906542
21952	22941	1	0.003115
21953	22297	1	0.004525
21953	22445	1	0.004525
21953	22454	1	0.004525
21953	22505	2	0.009050
21954	22553	7	0.066038
21954	22602	2	0.018868
21954	22868	1	0.009434
21958	22610	3	0.020408
21958	22899	3	0.020408
21958	22602	2	0.013605
21958	22877	4	0.027211
21959	22505	1	0.013699
21959	22042	77	1.054795
21959	22125	8	0.109589
21961	22560	2	0.008032
21961	22091	2	0.008032
21961	21986	16	0.064257
21961	22371	1	0.004016
21961	22088	1	0.004016
21961	22519	3	0.012048
21961	22890	3	0.012048
21961	21995	2	0.008032
21961	21996	1	0.004016
21961	22125	11	0.044177
21961	22711	2	0.008032
21961	22641	2	0.008032
21961	22659	3	0.012048
21961	22667	5	0.020080
21961	22350	2	0.008032
21961	22714	1	0.004016
21961	22441	17	0.068273
21961	22042	13	0.052209
21961	22108	1	0.004016
21961	22602	18	0.072289
21965	21961	2	0.024691
21965	22412	82	1.012346
21965	22125	81	1.000000
21965	22702	1	0.012346
21965	22010	1	0.012346
21965	22206	1	0.012346
21967	22125	1	0.004065
21968	22042	4	0.222222
21968	22115	27	1.500000
21968	22125	36	2.000000
21968	22702	64	3.555556
21968	22885	2	0.111111
21969	22122	3	0.007463
21969	22147	2	0.004975
21969	22602	2	0.004975
21969	22125	2	0.004975
21970	22441	1	0.001100
21970	22636	1	0.001100
21971	22824	104	1.000000
21971	22125	1	0.009615
21972	22659	2	0.000956
21972	22954	37	0.017695
21972	22125	2	0.000956
21972	22254	2	0.000956
21972	22002	1	0.000478
21972	22868	5	0.002391
21972	22679	2	0.000956
21972	22042	2	0.000956
21972	22877	2	0.000956
21972	22847	4	0.001913
21973	22505	1	0.032258
21973	22042	2	0.064516
21973	22125	6	0.193548
21973	22519	1	0.032258
21974	22505	2	0.004808
21974	22835	1	0.002404
21974	22877	3	0.007212
21975	22553	2	0.015385
21975	22890	6	0.046154
21975	22868	2	0.015385
21975	22125	3	0.023077
21975	21965	2	0.015385
21978	22505	2	0.040000
21978	22602	1	0.020000
21980	22560	2	0.001361
21980	22624	1	0.000680
21980	22885	1	0.000680
21980	22441	1	0.000680
21980	22519	1	0.000680
21980	21996	1	0.000680
21980	22125	3	0.002041
21980	22941	1	0.000680
21980	22480	1	0.000680
21980	22899	1	0.000680
21980	22505	2	0.001361
21980	21961	1	0.000680
21980	22323	9	0.006122
21980	22042	1	0.000680
21980	22269	25	0.017007
21980	22207	2	0.001361
21981	22792	3	0.003112
21981	22505	32	0.033195
21981	22602	26	0.026971
21981	21965	2	0.002075
21981	22638	5	0.005187
21981	22125	4	0.004149
21981	22259	1	0.001037
21981	22868	1	0.001037
21981	22553	1	0.001037
21981	22206	3	0.003112
21982	22505	1	0.026316
21986	22667	119	0.084637
21986	22670	6	0.004267
21986	22287	9	0.006401
21986	22800	12	0.008535
21986	22545	1769	1.258179
21986	22042	158	0.112376
21986	22441	2	0.001422
21986	22704	1	0.000711
21986	22711	1	0.000711
21986	22714	97	0.068990
21986	22339	1	0.000711
21986	22854	1	0.000711
21986	21961	6	0.004267
21986	22602	3	0.002134
21986	21968	3	0.002134
21986	22610	11	0.007824
21986	22868	6	0.004267
21986	22624	3	0.002134
21986	22505	4	0.002845
21986	21996	2	0.001422
21986	22125	98	0.069701
21986	22641	3	0.002134
21986	22776	1	0.000711
21986	22010	2	0.001422
21986	22523	1	0.000711
21988	22042	2	0.011765
21988	22412	1	0.005882
21988	22125	2	0.011765
21988	22670	7	0.041176
21990	22641	4	1.333333
21990	22091	3	1.000000
21990	22947	3	1.000000
21990	22941	3	1.000000
21990	22125	3	1.000000
21991	22505	3	0.250000
21992	22602	6	0.019481
21994	22776	4	0.111111
21994	22874	2	0.055556
21994	22147	4	0.111111
21995	21986	8	0.800000
21995	21961	22	2.200000
21995	22890	2	0.200000
21995	22125	4	0.400000
21995	22441	13	1.300000
21995	22602	2	0.200000
21996	22624	4	0.004260
21996	21986	6	0.006390
21996	21959	3	0.003195
21996	22088	5	0.005325
21996	22505	7	0.007455
21996	22125	941	1.002130
21996	22350	2	0.002130
21996	22800	2	0.002130
21996	22153	1	0.001065
21996	22042	211	0.224707
21997	22659	2	0.002861
21997	22505	1	0.001431
21997	22957	2	0.002861
21997	22125	2	0.002861
21997	22898	5	0.007153
21997	22519	3	0.004292
21997	22042	1	0.001431
21997	22941	4	0.005722
21998	22505	1	0.037037
21998	22125	3	0.111111
21998	22702	1	0.037037
21998	22868	1	0.037037
21998	22519	1	0.037037
21998	22042	2	0.074074
21999	22602	4371	1.971583
21999	22043	1	0.000451
21999	22147	3	0.001353
21999	21965	1	0.000451
21999	22085	1	0.000451
22002	22659	1	0.025000
22002	22943	2	0.050000
22004	22624	1	0.001608
22004	22824	1	0.001608
22004	22602	2	0.003215
22004	22125	1022	1.643087
22004	22350	487	0.782958
22004	22742	8	0.012862
22004	22042	509	0.818328
22005	22450	1	0.041667
22005	22125	1	0.041667
22005	22670	1	0.041667
22008	22240	2	0.017699
22008	22945	1	0.008850
22008	22310	1	0.008850
22008	22561	1	0.008850
22008	22088	3	0.026549
22008	22871	1	0.008850
22008	22893	1	0.008850
22008	21937	1	0.008850
22008	22420	1	0.008850
22008	22774	2	0.017699
22008	21975	1	0.008850
22008	22616	1	0.008850
22008	22202	1	0.008850
22008	22236	1	0.008850
22008	22909	2	0.017699
22010	22042	1	0.024390
22010	21986	2	0.048780
22010	22702	1	0.024390
22012	21969	510	1.003937
22012	22122	3	0.005906
22012	22441	2	0.003937
22012	21986	1	0.001969
22012	22125	1	0.001969
22013	22602	5	0.014663
22013	22123	1	0.002933
22015	22042	1	0.017857
22016	22602	10	0.060241
22016	22957	1	0.006024
22016	22125	3	0.018072
22016	22545	1	0.006024
22016	22684	226	1.361446
22016	22877	1	0.006024
22019	22505	1	0.000995
22019	22602	1	0.000995
22019	21932	1	0.000995
22019	22350	1	0.000995
22019	22672	7377	7.340299
22019	21942	1	0.000995
22019	22552	5	0.004975
22019	22587	4	0.003980
22024	22776	1	0.001661
22024	22890	11	0.018272
22024	22125	2	0.003322
22024	22287	3	0.004983
22025	22125	1	0.037037
22027	22824	2	0.007937
22027	22505	20	0.079365
22027	22519	1	0.003968
22027	22125	3	0.011905
22027	22350	2	0.007937
22027	22742	3	0.011905
22027	22441	24	0.095238
22027	22010	1	0.003968
22027	22206	1	0.003968
22030	22545	1	0.003333
22033	22344	1	0.034483
22040	22412	7	0.700000
22040	22125	40	4.000000
22042	22624	1	0.000177
22042	21986	1	0.000177
22042	22153	1	0.000177
22042	22125	3	0.000532
22042	22670	1	0.000177
22042	22702	3	0.000532
22042	22877	1	0.000177
22043	22694	4	2.000000
22044	22624	1	0.004926
22044	22564	1	0.004926
22044	22438	1	0.004926
22044	22792	1	0.004926
22044	22542	1	0.004926
22044	22829	1	0.004926
22044	22382	2	0.009852
22044	22125	1	0.004926
22044	22259	2	0.009852
22044	22797	1	0.004926
22044	22350	5	0.024631
22044	22681	1	0.004926
22044	22810	1	0.004926
22044	22618	1	0.004926
22045	22928	1	0.008333
22045	22756	1	0.008333
22045	22339	1	0.008333
22045	22659	1	0.008333
22047	22602	1	0.000824
22051	22038	1	0.000506
22051	22659	1	0.000506
22051	22085	1	0.000506
22051	22382	1	0.000506
22051	22125	1	0.000506
22052	21960	1	0.005525
22052	22209	1	0.005525
22052	22602	1	0.005525
22052	22508	162	0.895028
22052	22125	1	0.005525
22053	22072	1	0.071429
22053	22125	1	0.071429
22055	22176	29	0.024308
22055	22505	7	0.005868
22055	22602	382	0.320201
22055	22125	1	0.000838
22055	22323	1	0.000838
22055	22071	9	0.007544
22055	22556	401	0.336127
22055	22269	2	0.001676
22060	22602	8	0.019608
22060	22596	2	0.004902
22062	22560	1	0.009901
22062	22208	1	0.009901
22062	22624	1	0.009901
22062	22086	1	0.009901
22062	22824	8	0.079208
22062	22505	3	0.029703
22062	21996	1	0.009901
22062	22125	11	0.108911
22062	22350	18	0.178218
22062	21965	3	0.029703
22062	22517	1	0.009901
22062	22441	4	0.039604
22062	22752	1	0.009901
22062	22042	2	0.019802
22062	22941	2	0.019802
22065	22712	1	0.002169
22065	22602	2	0.004338
22065	21965	1	0.002169
22069	22659	1	0.000883
22069	22667	1	0.000883
22069	22412	3	0.002648
22069	22752	1	0.000883
22069	22670	201	0.177405
22069	22287	1	0.000883
22069	22800	1	0.000883
22069	22545	1	0.000883
22069	22553	3	0.002648
22069	22042	49	0.043248
22069	22811	1	0.000883
22069	22812	2	0.001765
22069	22941	3	0.002648
22069	22558	1	0.000883
22069	22560	1	0.000883
22069	22953	1	0.000883
22069	22820	1	0.000883
22069	22309	1	0.000883
22069	22824	3	0.002648
22069	22441	16	0.014122
22069	22719	1	0.000883
22069	22062	1	0.000883
22069	22832	1	0.000883
22069	22065	2	0.001765
22069	21938	755	0.666372
22069	22326	1	0.000883
22069	22072	1	0.000883
22069	22201	1	0.000883
22069	22459	22	0.019417
22069	22844	1	0.000883
22069	22078	1	0.000883
22069	22207	33	0.029126
22069	22081	1	0.000883
22069	22082	5	0.004413
22069	22027	1	0.000883
22069	22602	2	0.001765
22069	21965	2	0.001765
22069	22350	958	0.845543
22069	22712	4	0.003530
22069	22868	10	0.008826
22069	22613	4	0.003530
22069	22742	5	0.004413
22069	22692	1	0.000883
22069	22624	2074	1.830538
22069	22544	1	0.000883
22069	21986	4	0.003530
22069	22885	1	0.000883
22069	22505	140	0.123566
22069	22122	1	0.000883
22069	21996	2	0.001765
22069	22125	4	0.003530
22069	22638	1	0.000883
22069	22384	2	0.001765
22069	22899	1	0.000883
22069	22206	1	0.000883
22069	22519	2	0.001765
22069	22776	1	0.000883
22069	22137	1	0.000883
22069	22010	1	0.000883
22069	22523	3	0.002648
22069	22396	1	0.000883
22069	22269	1	0.000883
22069	22142	1	0.000883
22071	22323	1	0.000546
22071	22556	3556	1.942108
22076	21992	1	0.040000
22076	22125	1	0.040000
22078	22530	1	0.007752
22078	22824	4	0.031008
22078	22441	14	0.108527
22078	22412	1	0.007752
22078	21965	6	0.046512
22078	22670	1	0.007752
22078	22125	16	0.124031
22078	22674	1	0.007752
22078	22505	13	0.100775
22078	22350	19	0.147287
22078	22519	1	0.007752
22078	22042	18	0.139535
22081	21988	1	0.008197
22081	22854	3	0.024590
22081	22824	2	0.016393
22081	22505	9	0.073770
22081	22350	253	2.073770
22081	22441	2	0.016393
22081	21961	11	0.090164
22085	21986	12	0.029851
22085	22470	1	0.002488
22085	22519	2	0.004975
22085	22824	2	0.004975
22085	21961	3	0.007463
22085	22714	1	0.002488
22085	22667	4	0.009950
22085	21965	2	0.004975
22085	22670	1	0.002488
22085	22125	1	0.002488
22085	22641	5	0.012438
22085	22505	2	0.004975
22085	22711	1	0.002488
22085	22441	4	0.009950
22085	22042	9	0.022388
22085	22523	2	0.004975
22085	22941	3	0.007463
22085	22207	2	0.004975
22086	22560	1	0.001748
22086	22659	10	0.017483
22086	22441	1033	1.805944
22086	22125	6	0.010490
22086	22350	9	0.015734
22086	22095	1	0.001748
22086	22739	1	0.001748
22086	22062	1	0.001748
22086	22941	7	0.012238
22086	22517	1	0.001748
22087	22877	65	0.010846
22087	21965	110	0.018355
22088	21961	10	0.018975
22088	22505	28	0.053131
22088	22602	2	0.003795
22088	22667	4	0.007590
22088	22412	1	0.001898
22088	22125	6	0.011385
22088	22441	6	0.011385
22088	22042	18	0.034156
22088	22523	2	0.003795
22091	22752	1	0.025641
22091	22042	85	2.179487
22093	22161	2	0.000405
22093	22122	1	0.000202
22093	22868	4	0.000810
22093	22602	1	0.000202
22093	22505	1	0.000202
22095	22882	2	0.002176
22095	22603	1	0.001088
22095	21961	2	0.002176
22095	22519	1	0.001088
22095	22733	721	0.784548
22095	22125	6	0.006529
22095	22704	2	0.002176
22095	21986	1	0.001088
22095	22441	1	0.001088
22095	22042	1	0.001088
22095	22718	2	0.002176
22098	22602	7	0.069307
22100	22704	9	0.053571
22101	22125	2	0.055556
22107	22602	6	0.005854
22108	22624	2	0.006579
22108	22512	1	0.003289
22108	22180	2	0.006579
22108	22086	1	0.003289
22108	22695	2	0.006579
22108	21980	1	0.003289
22108	22602	2	0.006579
22108	22704	1	0.003289
22108	21932	1	0.003289
22108	22125	304	1.000000
22108	22670	2	0.006579
22108	22287	2	0.006579
22108	22928	1	0.003289
22108	21938	1	0.003289
22108	22259	2	0.006579
22108	22868	2	0.006579
22108	22596	1	0.003289
22108	22042	4	0.013158
22108	22556	1	0.003289
22108	22247	2	0.006579
22114	22941	3	0.004155
22114	22441	1	0.001385
22114	22147	1	0.001385
22114	22125	1	0.001385
22114	22519	7	0.009695
22115	21968	2213	12.573864
22115	22042	2	0.011364
22115	22125	260	1.477273
22115	22702	134	0.761364
22116	22436	2	0.006826
22118	22553	2	0.002334
22118	22723	2	0.002334
22118	22505	2	0.002334
22122	22147	1	0.007092
22122	22350	1	0.007092
22122	22441	12	0.085106
22122	21996	4	0.028369
22122	22093	1	0.007092
22122	22670	1	0.007092
22122	22125	6	0.042553
22122	21969	1	0.007092
22122	22505	25	0.177305
22122	22478	1	0.007092
22122	22519	8	0.056738
22122	22042	5	0.035461
22122	22941	1	0.007092
22125	22914	2	0.010000
22125	22659	103	0.515000
22125	22533	8	0.040000
22125	22024	4	0.020000
22125	22667	9	0.045000
22125	22412	8	0.040000
22125	22669	3	0.015000
22125	22670	13	0.065000
22125	22800	3	0.015000
22125	22545	4	0.020000
22125	22650	1	0.005000
22125	22553	1	0.005000
22125	22042	46	0.230000
22125	22941	1	0.005000
22125	22560	24	0.120000
22125	22351	1	0.005000
22125	22947	2	0.010000
22125	22436	5	0.025000
22125	22824	2	0.010000
22125	22441	44	0.220000
22125	22954	1	0.005000
22125	22702	5	0.025000
22125	22704	4	0.020000
22125	22664	2	0.010000
22125	22835	56	0.280000
22125	22582	5	0.025000
22125	22711	2	0.010000
22125	22714	3	0.015000
22125	22858	1	0.005000
22125	22206	1	0.005000
22125	22207	1	0.005000
22125	22752	3	0.015000
22125	22903	6	0.030000
22125	22085	26	0.130000
22125	21959	3	0.015000
22125	22088	3	0.015000
22125	21961	60	0.300000
22125	22218	1	0.005000
22125	22091	1	0.005000
22125	21986	27	0.135000
22125	22350	39	0.195000
22125	22735	2	0.010000
22125	21968	3	0.015000
22125	22227	2	0.010000
22125	22868	1	0.005000
22125	21973	1	0.005000
22125	22313	1	0.005000
22125	22602	30	0.150000
22125	22108	2	0.010000
22125	22877	5	0.025000
22125	22624	10	0.050000
22125	22882	2	0.010000
22125	22523	4	0.020000
22125	21988	3	0.015000
22125	22885	9	0.045000
22125	21990	2	0.010000
22125	22505	91	0.455000
22125	22890	4	0.020000
22125	21995	4	0.020000
22125	21996	2	0.010000
22125	22641	6	0.030000
22125	22867	3	0.015000
22125	22772	2	0.010000
22125	22519	29	0.145000
22125	22010	3	0.015000
22125	21951	4	0.020000
22127	22505	2	0.002587
22127	22602	1	0.001294
22127	21965	1	0.001294
22128	22208	2	0.005420
22128	22953	2	0.005420
22128	22596	2	0.005420
22128	22271	2	0.005420
22137	22658	3	0.003168
22137	22670	1	0.001056
22137	22166	3	0.003168
22137	22042	1	0.001056
22137	22941	1	0.001056
22137	22695	1	0.001056
22137	22696	1	0.001056
22137	22441	18	0.019007
22137	22207	7	0.007392
22137	22624	8	0.008448
22137	22088	2	0.002112
22137	22825	131	0.138332
22137	22350	4	0.004224
22137	22371	1	0.001056
22137	22880	3	0.003168
22137	22115	1	0.001056
22137	21988	1	0.001056
22137	22505	1	0.001056
22137	21996	3	0.003168
22137	22125	6	0.006336
22137	22824	2	0.002112
22137	22004	1	0.001056
22137	22519	25	0.026399
22138	22042	5	0.004529
22138	22624	1	0.000906
22138	21986	1	0.000906
22138	22659	1	0.000906
22138	22835	1	0.000906
22138	21961	2	0.001812
22138	22441	10	0.009058
22138	22602	1	0.000906
22138	22125	9	0.008152
22138	22350	18	0.016304
22138	22512	3	0.002717
22138	22641	2	0.001812
22138	22259	3	0.002717
22138	22868	1	0.000906
22138	22382	15	0.013587
22138	22519	6	0.005435
22138	22681	1567	1.419384
22138	22650	1	0.000906
22138	22941	20	0.018116
22139	22890	1	0.006623
22139	22212	6	0.039735
22139	22602	4	0.026490
22140	22505	1	0.001629
22140	21965	10	0.016287
22140	22125	5	0.008143
22140	22441	4	0.006515
22140	22217	2	0.003257
22140	22396	851	1.385993
22140	22941	2	0.003257
22141	21986	1	0.001972
22141	22747	2	0.003945
22141	22709	2	0.003945
22141	21965	4	0.007890
22142	22624	82	0.987952
22142	22659	1	0.012048
22142	22824	1	0.012048
22142	22441	19	0.228916
22142	22519	1	0.012048
22142	22412	1	0.012048
22142	22830	4	0.048193
22142	22350	3	0.036145
22142	22505	1	0.012048
22142	22398	2	0.024096
22147	22824	1	0.003610
22147	21986	1	0.003610
22147	22042	12	0.043321
22147	22125	2	0.007220
22147	22877	1	0.003610
22150	21986	3	0.028037
22150	22440	1	0.009346
22150	22125	3	0.028037
22150	21935	2	0.018692
22150	22545	1	0.009346
22150	22835	125	1.168224
22150	22868	1	0.009346
22152	22505	1	0.002304
22153	22560	1	0.002463
22153	22505	10	0.024631
22153	21996	3	0.007389
22153	22125	407	1.002463
22153	22670	1	0.002463
22153	22350	1	0.002463
22153	22553	1	0.002463
22153	22042	22	0.054187
22163	22602	1	0.010309
22165	22505	24	0.019308
22165	22380	1	0.000805
22165	22125	6	0.004827
22165	22350	73	0.058729
22165	22004	2	0.001609
22165	22941	1	0.000805
22165	22719	1	0.000805
22166	22125	3	0.013043
22170	22954	2	0.086957
22170	22412	1	0.043478
22170	22125	1	0.043478
22170	22255	1	0.043478
22170	22868	2	0.086957
22170	22553	2	0.086957
22170	22042	3	0.130435
22175	22436	1	0.004202
22175	22505	3	0.012605
22175	22125	1	0.004202
22175	22069	6	0.025210
22175	22776	8	0.033613
22175	22553	2	0.008403
22176	22505	2	1.000000
22180	21961	1	0.001618
22180	22115	1	0.001618
22180	22726	2	0.003236
22180	22441	2	0.003236
22180	22218	1	0.001618
22180	22125	2	0.003236
22180	22350	2	0.003236
22180	22611	13	0.021036
22180	22292	19	0.030744
22180	22519	10	0.016181
22180	22042	2	0.003236
22180	22941	2	0.003236
22186	22505	1	0.004854
22186	21986	1	0.004854
22186	22125	1	0.004854
22189	22259	2	0.013423
22189	22125	2	0.013423
22190	22441	4	0.007968
22190	21996	2	0.003984
22190	22670	2	0.003984
22190	22505	2	0.003984
22190	22350	1	0.001992
22190	22519	2	0.003984
22190	22042	1	0.001992
22190	22269	109	0.217131
22198	22624	4	0.004251
22198	21986	6	0.006376
22198	21959	3	0.003188
22198	22088	5	0.005313
22198	22505	7	0.007439
22198	21996	7265	7.720510
22198	22125	943	1.002125
22198	22350	2	0.002125
22198	22800	2	0.002125
22198	22153	1	0.001063
22198	22042	212	0.225292
22200	22441	3	0.005226
22200	22691	6	0.010453
22201	21974	1	0.020000
22201	22126	2	0.040000
22201	22350	1	0.020000
22201	22303	1	0.020000
22202	22624	1	0.011364
22202	22752	1	0.011364
22202	22824	6	0.068182
22202	22505	13	0.147727
22202	22412	1	0.011364
22202	21996	2	0.022727
22202	22125	12	0.136364
22202	22670	1	0.011364
22202	21965	7	0.079545
22202	21937	1	0.011364
22202	22350	8	0.090909
22202	22441	1	0.011364
22202	22042	20	0.227273
22206	22125	4	2.000000
22207	22659	7	0.003063
22207	22533	1	0.000438
22207	22024	1	0.000438
22207	22667	5	0.002188
22207	22412	1	0.000438
22207	22670	1	0.000438
22207	22545	2	0.000875
22207	22638	1	0.000438
22207	22678	1	0.000438
22207	22553	1	0.000438
22207	22681	1	0.000438
22207	22042	54	0.023632
22207	22556	1	0.000438
22207	22558	1	0.000438
22207	22695	3	0.001313
22207	22824	2	0.000875
22207	22441	10	0.004376
22207	21932	2	0.000875
22207	22702	1	0.000438
22207	22704	1	0.000438
22207	21938	5	0.002188
22207	22711	4	0.001751
22207	22459	1	0.000438
22207	22596	5	0.002188
22207	21961	3	0.001313
22207	22602	3	0.001313
22207	22095	1	0.000438
22207	22868	1	0.000438
22207	22613	5	0.002188
22207	22875	1	0.000438
22207	21980	1	0.000438
22207	22877	3	0.001313
22207	21986	3	0.001313
22207	22501	1	0.000438
22207	22247	1	0.000438
22207	22505	1	0.000438
22207	22125	26	0.011379
22207	22382	1	0.000438
22207	22004	1	0.000438
22207	22519	21	0.009190
22207	22008	2	0.000875
22207	22394	1	0.000438
22207	22779	1	0.000438
22207	22269	1	0.000438
22208	22505	42	0.037975
22208	22519	1	0.000904
22208	22596	1	0.000904
22208	22441	13	0.011754
22209	22624	1	0.007463
22209	22658	1	0.007463
22209	22659	1	0.007463
22209	21961	1	0.007463
22209	22954	2	0.014925
22209	22125	2	0.014925
22209	22545	1	0.007463
22209	22514	4	0.029851
22209	22835	1	0.007463
22209	22868	1	0.007463
22209	22553	1	0.007463
22209	22877	1	0.007463
22212	21986	1	0.034483
22212	22085	1	0.034483
22212	22038	1	0.034483
22212	22071	1	0.034483
22213	22505	6	0.187500
22216	22217	2	0.003030
22216	22505	2	0.003030
22216	22602	22	0.033333
22216	22125	4	0.006061
22216	22877	2	0.003030
22217	21961	2	0.001406
22217	22441	5	0.003516
22217	22602	3	0.002110
22217	22519	3	0.002110
22217	22670	1	0.000703
22217	22351	1	0.000703
22217	22800	1	0.000703
22217	22641	1	0.000703
22217	22868	1	0.000703
22217	22350	1	0.000703
22217	22505	8	0.005626
22222	21986	2	0.002242
22222	22659	2	0.002242
22222	22824	4	0.004484
22222	22505	14	0.015695
22222	22125	2	0.002242
22222	22800	2	0.002242
22222	22580	1	0.001121
22222	22742	1	0.001121
22222	22553	2	0.002242
22222	22042	2	0.002242
22222	22335	1	0.001121
22225	22776	9	0.020785
22225	22602	2	0.004619
22227	22125	3	1.000000
22232	22738	10	0.018762
22232	22890	1	0.001876
22232	22602	5	0.009381
22232	21965	4	0.007505
22234	22674	93	0.447115
22234	22602	93	0.447115
22236	21986	3	0.187500
22236	22038	3	0.187500
22240	22824	1	0.012987
22240	21937	1	0.012987
22240	22602	13	0.168831
22240	22436	1	0.012987
22240	21965	2	0.025974
22241	22553	1	0.045455
22241	22125	1	0.045455
22246	22108	2	2.000000
22247	22726	2	0.004090
22247	22505	2	0.004090
22247	22523	2	0.004090
22247	22422	1	0.002045
22247	22486	2	0.004090
22253	22776	12	0.164384
22253	22890	1	0.013699
22255	22505	2	0.016807
22255	22890	1	0.008403
22255	22602	1	0.008403
22255	22030	1	0.008403
22256	22650	2	0.009259
22258	22553	2	0.002614
22258	22954	2	0.002614
22258	22868	2	0.002614
22258	22918	2	0.002614
22259	22792	1	0.000547
22259	22667	2	0.001094
22259	22542	1	0.000547
22259	22957	2	0.001094
22259	22638	2	0.001094
22259	22681	1	0.000547
22259	22042	1	0.000547
22259	22564	1	0.000547
22259	22954	2	0.001094
22259	22189	1	0.000547
22259	22602	1	0.000547
22259	21961	255	0.139497
22259	22218	1	0.000547
22259	22618	1	0.000547
22259	22108	2	0.001094
22259	21986	2	0.001094
22259	22501	1	0.000547
22259	22505	7	0.003829
22259	22125	1	0.000547
22259	22382	1	0.000547
22259	22512	1	0.000547
22259	22519	5	0.002735
22260	22125	1	0.011905
22260	22829	1	0.011905
22267	22505	1	0.008333
22267	22954	2	0.016667
22267	22659	1	0.008333
22267	22602	1	0.008333
22269	22147	1	0.000159
22269	22027	1	0.000159
22269	22289	11	0.001754
22269	22553	1	0.000159
22269	22042	5	0.000797
22269	22556	596	0.095056
22269	22055	8	0.001276
22269	22824	1	0.000159
22269	22441	17	0.002711
22269	22831	1	0.000159
22269	22323	3	0.000478
22269	22324	6	0.000957
22269	22326	1	0.000159
22269	22071	1	0.000159
22269	22206	1	0.000159
22269	22207	1	0.000159
22269	22711	2	0.000319
22269	21968	1	0.000159
22269	22868	1	0.000159
22269	22742	2	0.000319
22269	22232	5	0.000797
22269	21980	160	0.025518
22269	22623	7	0.001116
22269	22624	56	0.008931
22269	21986	4	0.000638
22269	22505	101	0.016108
22269	21996	1	0.000159
22269	22125	6	0.000957
22269	22899	16	0.002552
22269	22388	1	0.000159
22269	22519	2	0.000319
22269	22010	2	0.000319
22271	22128	1	0.004505
22271	22602	195	0.878378
22274	22890	2	0.024691
22274	21965	2	0.024691
22276	22624	2	0.011976
22276	21986	1	0.005988
22276	22947	1	0.005988
22276	22885	14	0.083832
22276	22519	2	0.011976
22276	22125	222	1.329341
22276	22641	3	0.017964
22276	22867	1	0.005988
22276	22711	1	0.005988
22276	22042	2	0.011976
22276	22371	1	0.005988
22276	22085	1	0.005988
22279	22820	1	0.003497
22279	22918	1	0.003497
22279	22505	7	0.024476
22279	22602	10	0.034965
22279	22125	2	0.006993
22279	21965	1	0.003497
22279	22835	1	0.003497
22279	22553	1	0.003497
22279	22877	1	0.003497
22287	21986	2	0.005362
22287	22115	4	0.010724
22287	22024	1	0.002681
22287	22153	1	0.002681
22287	22125	1	0.002681
22287	21965	2	0.005362
22287	22800	2	0.005362
22287	22868	1	0.002681
22287	22042	14	0.037534
22292	22180	14	0.047945
22292	21996	2	0.006849
22297	22824	723	0.998619
22298	21946	148	0.521127
22299	22602	1	0.002381
22299	22125	1	0.002381
22300	22401	4	0.002057
22300	21986	20	0.010283
22300	22918	6	0.003085
22300	21961	16	0.008226
22300	22218	4	0.002057
22300	22412	2	0.001028
22300	22125	4	0.002057
22300	22830	4	0.002057
22300	22882	1	0.000514
22300	22553	4	0.002057
22300	22941	4	0.002057
22300	22142	537	0.276093
22303	22602	1	0.038462
22309	22659	1	0.004975
22309	22533	1	0.004975
22309	22412	2	0.009950
22309	22669	1	0.004975
22309	22670	2	0.009950
22309	22800	1	0.004975
22309	22441	37	0.184080
22309	22558	2	0.009950
22309	22820	2	0.009950
22309	22824	169	0.840796
22309	22953	2	0.009950
22309	22442	2	0.009950
22309	22580	2	0.009950
22309	22582	2	0.009950
22309	22207	7	0.034826
22309	22085	42	0.208955
22309	21959	2	0.009950
22309	22858	1	0.004975
22309	21965	72	0.358209
22309	22350	6	0.029851
22309	21973	1	0.004975
22309	21980	2	0.009950
22309	22877	1	0.004975
22309	22624	12	0.059701
22309	21986	1	0.004975
22309	22115	1	0.004975
22309	21988	1	0.004975
22309	22885	1	0.004975
22309	22505	53	0.263682
22309	21996	4	0.019900
22309	22125	15	0.074627
22309	22638	2	0.009950
22309	22519	25	0.124378
22309	22904	2	0.009950
22309	22396	2	0.009950
22309	22269	2	0.009950
22310	21986	4	0.003711
22310	22731	1	0.000928
22310	22854	1	0.000928
22310	22726	1	0.000928
22310	21937	1	0.000928
22310	22217	1	0.000928
22310	22475	2	0.001855
22310	22031	2	0.001855
22310	22545	2	0.001855
22310	22674	1	0.000928
22310	22868	1	0.000928
22310	22918	1	0.000928
22310	22776	1	0.000928
22310	22650	1	0.000928
22310	21967	1	0.000928
22311	22577	2	0.008969
22311	22027	2	0.008969
22313	22752	24	2.400000
22313	22125	10	1.000000
22314	22505	6	0.054054
22314	22602	11	0.099099
22314	22957	1	0.009009
22314	22125	4	0.036036
22314	22832	94	0.846847
22314	22877	1	0.009009
22323	22624	1	0.003623
22323	21986	1	0.003623
22323	22659	1	0.003623
22323	22085	5	0.018116
22323	22441	1	0.003623
22323	21965	2	0.007246
22323	22350	1	0.003623
22323	22877	1	0.003623
22323	22899	3	0.010870
22323	22324	1	0.003623
22323	22071	1	0.003623
22323	22042	3	0.010870
22323	21980	4	0.014493
22323	22269	8	0.028986
22323	22125	3	0.010870
22324	22176	1	0.007299
22324	22441	2	0.014599
22324	22125	1	0.007299
22324	22877	1	0.007299
22324	22323	5	0.036496
22324	22071	2	0.014599
22324	22232	1	0.007299
22324	22553	1	0.007299
22324	22555	2	0.014599
22324	22269	11	0.080292
22325	22553	2	0.012121
22325	22715	1	0.006061
22326	22624	1	0.002353
22326	22824	1	0.002353
22326	22505	8	0.018824
22326	22519	3	0.007059
22326	22125	2	0.004706
22326	22670	4	0.009412
22326	22832	2	0.004706
22326	22441	1	0.002353
22326	22350	3	0.007059
22326	22711	2	0.004706
22326	22042	2	0.004706
22331	22776	1	0.007812
22335	22147	1	0.000914
22335	22153	3	0.002742
22335	22797	1	0.000914
22335	22670	39	0.035649
22335	22659	1	0.000914
22335	22168	1	0.000914
22335	22681	2	0.001828
22335	22042	8	0.007313
22335	22044	1	0.000914
22335	22436	1	0.000914
22335	22824	1	0.000914
22335	22441	2589	2.366545
22335	22582	2	0.001828
22335	22085	4	0.003656
22335	22350	71	0.064899
22335	22542	1	0.000914
22335	22313	1	0.000914
22335	22564	1	0.000914
22335	22624	4	0.003656
22335	21986	3	0.002742
22335	21988	3	0.002742
22335	22501	1	0.000914
22335	22505	31	0.028336
22335	22122	1	0.000914
22335	21996	2	0.001828
22335	22125	96	0.087751
22335	22382	1604	1.466179
22335	22641	3	0.002742
22335	22259	2	0.001828
22335	22519	35	0.031993
22335	22010	3	0.002742
22335	22780	1	0.000914
22339	22441	2	0.011494
22339	22610	1	0.005747
22340	22659	1	0.004310
22340	22820	6	0.025862
22344	22941	7	0.020349
22344	22519	9	0.026163
22347	22602	6	0.044444
22350	22569	1	0.001631
22350	22081	1	0.001631
22350	22921	1	0.001631
22350	22027	3	0.004894
22350	22412	1	0.001631
22350	22718	1	0.001631
22350	22544	2	0.003263
22350	22419	3	0.004894
22350	22165	1	0.001631
22350	22678	2	0.003263
22350	22042	27	0.044046
22350	22811	3	0.004894
22350	22558	3	0.004894
22350	22692	1	0.001631
22350	22566	3	0.004894
22350	22953	1	0.001631
22350	22442	2	0.003263
22350	22831	2	0.003263
22350	22832	2	0.003263
22350	22580	2	0.003263
22350	22069	1	0.001631
22350	22326	2	0.003263
22350	22072	3	0.004894
22350	22201	2	0.003263
22350	22587	2	0.003263
22350	22844	2	0.003263
22350	22206	2	0.003263
22350	22752	2	0.003263
22350	22351	3	0.004894
22350	22624	2	0.003263
22350	22779	2	0.003263
22350	22885	2	0.003263
22350	22122	3	0.004894
22350	22125	9	0.014682
22350	22638	1	0.001631
22350	22078	1	0.001631
22350	22519	1	0.001631
22350	22904	3	0.004894
22350	22523	2	0.003263
22350	22396	3	0.004894
22350	22269	3	0.004894
22350	22805	1	0.001631
22351	22824	1	0.024390
22351	22670	1	0.024390
22351	22350	3	0.073171
22351	21965	1	0.024390
22353	22866	1	0.000416
22353	22868	2	0.000832
22364	22602	2	0.012121
22364	21965	1	0.006061
22371	22441	1	0.142857
22371	22412	1	0.142857
22371	22125	7	1.000000
22371	21990	7	1.000000
22372	22602	38	2.000000
22380	22553	1	0.005348
22380	22594	2	0.010695
22380	22125	2	0.010695
22380	22877	2	0.010695
22381	22530	1	0.027027
22381	22125	2	0.054054
22381	22078	1	0.027027
22381	22071	1	0.027027
22382	22147	1	0.000746
22382	22153	3	0.002239
22382	22313	1	0.000746
22382	22670	39	0.029104
22382	22659	1	0.000746
22382	22168	1	0.000746
22382	22681	2	0.001493
22382	22042	10	0.007463
22382	22044	1	0.000746
22382	22560	1	0.000746
22382	22436	1	0.000746
22382	22824	1	0.000746
22382	22441	2610	1.947761
22382	22582	2	0.001493
22382	22841	2	0.001493
22382	22335	4	0.002985
22382	22085	4	0.002985
22382	22350	75	0.055970
22382	22797	1	0.000746
22382	22542	1	0.000746
22382	22564	1	0.000746
22382	22624	4	0.002985
22382	21986	3	0.002239
22382	21988	3	0.002239
22382	22501	1	0.000746
22382	22505	29	0.021642
22382	22122	1	0.000746
22382	21996	2	0.001493
22382	22125	100	0.074627
22382	22512	2	0.001493
22382	22641	2	0.001493
22382	22259	2	0.001493
22382	22519	35	0.026119
22382	22010	3	0.002239
22382	22780	1	0.000746
22384	21938	30	0.483871
22384	22411	6	0.096774
22384	22069	22	0.354839
22384	22613	2	0.032258
22384	22459	10	0.161290
22387	22854	48	0.023657
22387	22918	32	0.015771
22387	22505	6	0.002957
22387	22602	32	0.015771
22387	22125	4	0.001971
22387	22610	40	0.019714
22387	22441	1033	0.509118
22387	22776	2	0.000986
22387	22553	6	0.002957
22387	22442	1	0.000493
22388	22868	1	0.006667
22388	22555	1	0.006667
22388	22324	3	0.020000
22388	22899	2	0.013333
22389	22125	2	0.038462
22389	22351	1	0.019231
22389	22704	4	0.076923
22389	22519	1	0.019231
22389	22042	6	0.115385
22389	22523	1	0.019231
22394	22042	40	4.000000
22396	22624	52	1.019608
22396	21954	1	0.019608
22396	22627	53	1.039216
22396	21988	1	0.019608
22396	22824	1	0.019608
22396	22441	2	0.039216
22396	22828	1	0.019608
22396	22350	12	0.235294
22396	21970	1	0.019608
22396	22742	1	0.019608
22397	22441	2	0.057143
22397	22758	2	0.057143
22397	22505	2	0.057143
22398	22142	1	0.062500
22405	22776	9	0.020642
22405	22602	2	0.004587
22411	22664	1	0.003086
22411	22412	2	0.006173
22411	22287	1	0.003086
22411	22800	2	0.006173
22411	22545	1	0.003086
22411	22812	4	0.012346
22411	22065	4	0.012346
22411	21938	18	0.055556
22411	22835	1	0.003086
22411	22069	14	0.043210
22411	22459	2	0.006173
22411	22206	1	0.003086
22411	22088	1	0.003086
22411	22668	6	0.018519
22411	22350	1	0.003086
22411	22868	4	0.012346
22411	22613	1	0.003086
22411	22877	1	0.003086
22411	22752	1	0.003086
22411	21986	4	0.012346
22411	22125	4	0.012346
22411	22776	3	0.009259
22411	22523	1	0.003086
22412	21961	2	0.000703
22412	22624	6	0.002108
22412	21986	3	0.001054
22412	22309	7	0.002460
22412	22088	2	0.000703
22412	22441	11	0.003865
22412	22602	4	0.001405
22412	22519	1	0.000351
22412	21996	11	0.003865
22412	22125	2851	1.001757
22412	22480	13	0.004568
22412	22580	8	0.002811
22412	22805	8	0.002811
22412	22505	10	0.003514
22412	22072	8	0.002811
22412	22650	1	0.000351
22412	22587	8	0.002811
22412	22533	1	0.000351
22412	22877	2	0.000703
22412	22207	8	0.002811
22415	22695	14	0.045016
22415	22505	12	0.038585
22415	22519	18	0.057878
22415	22125	6	0.019293
22415	22350	1	0.003215
22415	21965	1	0.003215
22415	22678	10	0.032154
22415	21961	1	0.003215
22415	22206	1	0.003215
22419	22116	2	0.003891
22419	22568	2	0.003891
22419	22505	22	0.042802
22419	22441	18	0.035019
22419	22125	8	0.015564
22419	22350	12	0.023346
22419	21965	4	0.007782
22419	22600	2	0.003891
22419	22519	15	0.029183
22419	22042	12	0.023346
22420	22602	2	0.017544
22422	22486	2	0.006250
22422	22726	5	0.015625
22422	22505	1	0.003125
22422	22890	1	0.003125
22422	22125	2	0.006250
22422	22877	2	0.006250
22422	22868	1	0.003125
22422	22038	1	0.003125
22422	22602	5	0.015625
22427	22436	4	0.002635
22427	22890	3	0.001976
22427	22602	141	0.092885
22427	22350	6	0.003953
22427	22674	7	0.004611
22427	22868	4	0.002635
22427	22877	2	0.001318
22436	22560	1	0.001905
22436	22882	204	0.388571
22436	21961	1	0.001905
22436	22602	1	0.001905
22436	22125	356	0.678095
22436	22287	1	0.001905
22436	22553	6	0.011429
22436	22042	1	0.001905
22436	22954	1	0.001905
22438	21986	1	0.000758
22438	22441	3	0.002273
22438	22122	15	0.011364
22438	22125	1	0.000758
22438	21969	1324	1.003030
22438	22012	2672	2.024242
22440	22150	1	0.001109
22440	22153	1	0.001109
22440	22540	1	0.001109
22440	22670	2	0.002217
22440	22553	4	0.004435
22440	22042	1	0.001109
22440	22301	1	0.001109
22440	22824	1	0.001109
22440	22441	12	0.013304
22440	22941	4	0.004435
22440	22192	1	0.001109
22440	22069	1	0.001109
22440	22200	1	0.001109
22440	22469	1	0.001109
22440	22470	1	0.001109
22440	21965	2	0.002217
22440	22350	156	0.172949
22440	22624	1	0.001109
22440	22505	41	0.045455
22440	21996	1	0.001109
22440	22125	8	0.008869
22440	22004	3	0.003326
22440	22776	2	0.002217
22440	22143	2	0.002217
22441	22659	4	0.000559
22441	22667	3	0.000419
22441	22412	4	0.000559
22441	22042	401	0.055990
22441	22560	51	0.007121
22441	22824	2	0.000279
22441	21938	2	0.000279
22441	22207	4	0.000559
22441	22088	6	0.000838
22441	21961	10	0.001396
22441	22218	1	0.000140
22441	22350	18	0.002513
22441	22480	6	0.000838
22441	22904	6	0.000838
22441	22371	6	0.000838
22441	22877	48	0.006702
22441	22879	2	0.000279
22441	21968	2	0.000279
22441	22115	4	0.000559
22441	22505	34	0.004747
22441	22125	7152	0.998604
22441	22382	2	0.000279
22441	22519	9	0.001257
22441	22776	2	0.000279
22441	22523	7	0.000977
22442	22824	7	0.032710
22442	22505	1	0.004673
22442	22885	4	0.018692
22442	22125	1	0.004673
22442	22441	2	0.009346
22444	21961	1	0.083333
22444	21986	4	0.333333
22444	22380	1	0.083333
22444	22845	2	0.166667
22444	22918	2	0.166667
22445	22505	1	0.010309
22445	21996	2	0.020619
22447	22587	1	0.200000
22447	22038	1	0.200000
22450	22602	37	0.037794
22450	22005	10	0.010215
22450	21996	3	0.003064
22450	21965	9	0.009193
22450	22125	12	0.012257
22453	21965	1	0.001475
22454	22505	1	0.002564
22455	21986	1	0.062500
22455	22484	1	0.062500
22458	22881	38	0.904762
22459	22624	6	0.005128
22459	22560	2	0.001709
22459	22441	3	0.002564
22459	22667	2	0.001709
22459	22350	7	0.005983
22459	21938	13	0.011111
22459	22868	7	0.005983
22459	22069	62	0.052991
22459	22926	63	0.053846
22459	22519	6	0.005128
22459	22776	2	0.001709
22459	22004	1	0.000855
22459	22206	1	0.000855
22469	22624	1	0.002370
22469	22150	12	0.028436
22469	22441	1	0.002370
22469	22125	1	0.002370
22469	22702	1	0.002370
22469	21938	2	0.004739
22469	21961	1	0.002370
22469	22776	1	0.002370
22469	22042	3	0.007109
22469	22207	1	0.002370
22470	22480	4	0.051282
22470	22824	4	0.051282
22470	22147	6	0.076923
22470	21965	6	0.076923
22470	22085	2	0.025641
22478	22841	1	0.001727
22478	22602	5	0.008636
22478	22122	1	0.001727
22478	22125	1	0.001727
22480	22412	2	0.012422
22480	22441	10	0.062112
22480	22218	4	0.024845
22480	22667	2	0.012422
22480	21996	2	0.012422
22480	22702	4	0.024845
22480	22824	2	0.012422
22480	22505	2	0.012422
22480	22519	4	0.024845
22480	22042	312	1.937888
22480	22523	2	0.012422
22480	22153	2	0.012422
22483	21986	1	0.002320
22483	22890	1	0.002320
22483	22505	5	0.011601
22483	22602	28	0.064965
22483	22125	2	0.004640
22483	22868	2	0.004640
22483	21975	1	0.002320
22483	22877	2	0.004640
22484	22505	33	0.135802
22485	22914	4	0.000820
22485	22533	2	0.000410
22485	22918	3	0.000615
22485	22024	3	0.000615
22485	22667	3	0.000615
22485	22412	4	0.000820
22485	22670	1	0.000205
22485	22287	1	0.000205
22485	22800	1	0.000205
22485	22674	3	0.000615
22485	22553	5	0.001025
22485	22042	24	0.004921
22485	22560	2	0.000410
22485	22436	1	0.000205
22485	22726	3	0.000615
22485	22441	3	0.000615
22485	22957	1	0.000205
22485	22702	4	0.000820
22485	21937	3	0.000615
22485	22835	1	0.000205
22485	22709	1	0.000205
22485	22664	1	0.000205
22485	22206	2	0.000410
22485	21951	2	0.000410
22485	22752	1	0.000205
22485	22854	3	0.000615
22485	22217	3	0.000615
22485	22602	9016	1.848677
22485	22731	3	0.000615
22485	21965	15	0.003076
22485	21967	3	0.000615
22485	21968	17	0.003486
22485	22610	3	0.000615
22485	22868	2	0.000410
22485	22108	3	0.000615
22485	22877	6	0.001230
22485	22624	5	0.001025
22485	21986	1	0.000205
22485	22115	1	0.000205
22485	22505	39	0.007997
22485	22890	2	0.000410
22485	21996	3	0.000615
22485	22125	4873	0.999180
22485	22899	3	0.000615
22485	22517	3	0.000615
22485	22519	6	0.001230
22485	22776	4	0.000820
22485	22523	1	0.000205
22486	21986	2	0.125000
22486	22422	3	0.187500
22493	22792	10	5.000000
22498	22505	29	0.188312
22499	22602	277	1.978571
22499	21965	1	0.007143
22501	22659	2	0.000750
22501	22797	20	0.007502
22501	22545	1	0.000375
22501	22147	1	0.000375
22501	22553	1	0.000375
22501	22042	5	0.001875
22501	22941	3	0.001125
22501	22560	1	0.000375
22501	22441	10	0.003751
22501	22954	3	0.001125
22501	22218	2	0.000750
22501	22335	9	0.003376
22501	21961	1	0.000375
22501	22602	1	0.000375
22501	22350	2	0.000750
22501	22877	3	0.001125
22501	21986	2	0.000750
22501	22505	1	0.000375
22501	22125	5	0.001875
22501	22382	4	0.001500
22501	22641	1	0.000375
22501	22519	39	0.014629
22501	22650	1	0.000375
22501	22525	2	0.000750
22505	22659	1	0.000547
22505	22153	2	0.001094
22505	22667	8	0.004376
22505	22412	2	0.001094
22505	22669	2	0.001094
22505	22553	2	0.001094
22505	22042	144	0.078775
22505	22941	2	0.001094
22505	22441	11	0.006018
22505	22835	11	0.006018
22505	22582	7	0.003829
22505	22711	5	0.002735
22505	22602	2	0.001094
22505	21951	1	0.000547
22505	21959	6	0.003282
22505	21961	2	0.001094
22505	22858	7	0.003829
22505	22868	2	0.001094
22505	22877	2	0.001094
22505	22624	1	0.000547
22505	21986	7	0.003829
22505	22115	1	0.000547
22505	21996	4	0.002188
22505	22125	1724	0.943107
22505	22641	3	0.001641
22505	22519	5	0.002735
22505	22776	3	0.001641
22505	22010	1	0.000547
22505	22523	5	0.002735
22508	22441	4	0.008677
22508	22052	264	0.572668
22512	22659	2	0.002265
22512	22664	2	0.002265
22512	22667	9	0.010193
22512	22797	1	0.001133
22512	22542	2	0.002265
22512	22147	2	0.002265
22512	22638	1	0.001133
22512	22681	1	0.001133
22512	22553	3	0.003398
22512	22042	468	0.530011
22512	22044	1	0.001133
22512	22564	1	0.001133
22512	22441	11	0.012458
22512	22954	3	0.003398
22512	22702	2	0.002265
22512	22792	1	0.001133
22512	22841	299	0.338618
22512	22088	3	0.003398
22512	21961	7	0.007928
22512	22868	3	0.003398
22512	22624	12	0.013590
22512	21986	35	0.039638
22512	22505	24	0.027180
22512	22122	59	0.066818
22512	22125	28	0.031710
22512	22382	64	0.072480
22512	22641	6	0.006795
22512	22259	1	0.001133
22512	22010	4	0.004530
22512	22780	1	0.001133
22514	22602	296	0.989967
22514	22125	1	0.003344
22514	22055	1	0.003344
22515	22505	3	0.001559
22515	22602	13	0.006757
22515	22441	2	0.001040
22516	22954	258	0.992308
22516	21965	258	0.992308
22516	22610	258	0.992308
22516	22899	258	0.992308
22516	22868	258	0.992308
22516	22553	258	0.992308
22517	21986	15	0.019973
22517	22602	6	0.007989
22517	22125	4	0.005326
22517	22868	39	0.051931
22517	22553	7	0.009321
22517	22206	1	0.001332
22519	22610	1	0.000861
22519	22918	1	0.000861
22519	22505	2	0.001723
22519	22602	1	0.000861
22519	22667	3	0.002584
22519	22125	28	0.024117
22519	22733	1	0.000861
22519	21968	1	0.000861
22519	21937	1	0.000861
22519	22674	1	0.000861
22519	22867	1	0.000861
22519	22217	1	0.000861
22519	22042	92	0.079242
22519	22941	2	0.001723
22519	22206	2	0.001723
22521	21986	4	0.009132
22521	22667	2	0.004566
22521	22125	7	0.015982
22521	22610	4	0.009132
22521	22519	2	0.004566
22521	22042	6	0.013699
22521	22748	19	0.043379
22523	22560	82	0.137124
22523	22085	3	0.005017
22523	22153	2	0.003344
22523	22441	5	0.008361
22523	22731	2	0.003344
22523	22412	4	0.006689
22523	22125	1178	1.969900
22523	22088	1	0.001672
22523	22505	4	0.006689
22523	22553	1	0.001672
22523	22042	633	1.058528
22524	22602	3	0.051724
22524	22206	1	0.017241
