Src	Trg	LinkCount	RelLinkCount
47598	48162	1	0.250000
47599	47976	747	7.047170
47599	47917	1	0.009434
47599	47862	2	0.018868
47601	48237	10	0.454545
47606	48260	3	0.107143
47608	48050	1	0.001965
47608	48260	16	0.031434
47609	47672	6	0.011215
47609	47752	3	0.005607
47609	48150	15	0.028037
47611	48033	1	0.016949
47611	47672	1	0.016949
47611	47752	1	0.016949
47611	47852	1	0.016949
47611	48272	1	0.016949
47611	48076	1	0.016949
47611	47954	1	0.016949
47611	47664	1	0.016949
47611	48200	1	0.016949
47611	47762	1	0.016949
47611	48083	1	0.016949
47611	48277	1	0.016949
47611	48120	1	0.016949
47611	47730	1	0.016949
47611	47771	5	0.084746
47612	48088	2	0.008889
47612	48138	1	0.004444
47612	47853	3	0.013333
47613	48260	1	0.003077
47613	48200	2	0.006154
47613	48076	1	0.003077
47613	48014	1	0.003077
47613	48272	1	0.003077
47613	48209	2	0.006154
47613	47730	1	0.003077
47613	48277	1	0.003077
47614	48237	14	0.933333
47617	48257	2	0.001859
47617	48260	44	0.040892
47617	47882	2	0.001859
47617	48014	3	0.002788
47617	48272	3	0.002788
47617	47762	1	0.000929
47617	48020	1075	0.999071
47617	48277	4	0.003717
47617	47905	4	0.003717
47617	48034	3	0.002788
47617	47651	1	0.000929
47617	47780	2	0.001859
47617	48166	4	0.003717
47617	48295	4	0.003717
47617	47917	4	0.003717
47617	48174	1	0.000929
47617	48057	3	0.002788
47617	48059	4	0.003717
47617	48190	6	0.005576
47617	47943	2	0.001859
47617	48200	6	0.005576
47617	48076	3	0.002788
47617	48162	3	0.002788
47617	47822	1	0.000929
47617	48083	2	0.001859
47617	47705	2	0.001859
47617	47845	1	0.000929
47617	48233	3	0.002788
47617	47852	3	0.002788
47617	48237	1079	1.002788
47617	47730	3	0.002788
47617	47989	1	0.000929
47617	47608	1	0.000929
47617	47993	1	0.000929
47618	48089	22	0.025731
47619	48261	1	0.007143
47619	47617	1	0.007143
47619	48194	2	0.014286
47619	47747	1	0.007143
47619	48229	1	0.007143
47619	47705	1	0.007143
47619	47687	5	0.035714
47619	47688	3	0.021429
47619	48076	2	0.014286
47619	47884	6	0.042857
47619	48237	13	0.092857
47619	48142	4	0.028571
47619	48241	1	0.007143
47619	47762	2	0.014286
47619	48052	2	0.014286
47619	47989	1	0.007143
47619	47673	2	0.014286
47619	47761	2	0.014286
47619	47609	1	0.007143
47619	48221	2	0.014286
47619	47941	1	0.007143
47621	48059	2	0.051282
47623	47659	1187	4.239286
47623	48199	464	1.657143
47624	48260	1	0.083333
47624	47710	1	0.083333
47627	48034	10	0.109890
47627	47730	2	0.021978
47627	48062	2	0.021978
47628	48249	179	0.129429
47628	48286	2	0.001446
47629	47735	419	0.668262
47630	48272	2	0.001564
47630	47971	3	0.002346
47630	47784	1	0.000782
47630	47917	1	0.000782
47630	47951	1	0.000782
47630	47664	4	0.003127
47630	48209	2	0.001564
47631	47917	1	0.071429
47633	48200	1	0.027027
47633	47971	1	0.027027
47633	48237	4	0.108108
47633	48277	1	0.027027
47635	48083	33	0.092179
47638	48071	2	0.007092
47638	47660	2	0.007092
47638	48076	4	0.014184
47638	47709	1	0.003546
47638	48277	2	0.007092
47638	47805	61	0.216312
47638	48286	2	0.007092
47639	48131	1	0.005025
47639	47748	2	0.010050
47639	47835	1	0.005025
47639	47880	1	0.005025
47639	47882	1	0.005025
47639	48139	1	0.005025
47639	47884	1	0.005025
47639	48142	1	0.005025
47639	48015	1	0.005025
47639	48144	1	0.005025
47639	48277	3	0.015075
47639	48150	1	0.005025
47639	48260	1	0.005025
47639	48034	1	0.005025
47639	47853	1	0.005025
47639	48036	1	0.005025
47639	48174	1	0.005025
47639	47921	1	0.005025
47639	47924	1	0.005025
47639	48053	1	0.005025
47639	47673	1	0.005025
47639	47674	1	0.005025
47639	48187	73	0.366834
47639	47937	1	0.005025
47639	47682	1	0.005025
47639	48071	1	0.005025
47639	47688	1	0.005025
47639	47696	1	0.005025
47639	47992	1	0.005025
47639	48083	1	0.005025
47639	47700	1	0.005025
47639	48086	1	0.005025
47639	48021	1	0.005025
47639	48089	1	0.005025
47639	48091	1	0.005025
47639	47709	1	0.005025
47639	48224	1	0.005025
47639	47978	1	0.005025
47639	48237	62	0.311558
47639	48118	1	0.005025
47639	47735	1	0.005025
47639	47864	1	0.005025
47639	48249	1	0.005025
47639	48255	1	0.005025
47641	47744	5	0.003519
47641	47917	1	0.000704
47641	48209	2	0.001407
47641	48190	12	0.008445
47641	48250	11	0.007741
47641	48286	1	0.000704
47645	48052	12	4.000000
47645	47956	197	65.666667
47646	48237	4	0.173913
47648	47791	1	0.000829
47648	47617	2	0.001658
47648	48162	1	0.000829
47648	47869	1	0.000829
47648	47845	17	0.014096
47648	48071	5	0.004146
47648	48047	1	0.000829
47648	47882	5	0.004146
47648	47917	7	0.005804
47648	48270	19	0.015755
47648	48237	2	0.001658
47648	48059	3	0.002488
47648	47729	1	0.000829
47648	48083	5	0.004146
47648	48277	5	0.004146
47648	48086	6	0.004975
47648	47799	2	0.001658
47648	47867	6	0.004975
47648	47709	2	0.001658
47648	48286	3	0.002488
47648	47839	2	0.001658
47652	48237	15	0.576923
47654	47650	9	0.008079
47654	48099	1	0.000898
47654	47917	1	0.000898
47654	47750	3	0.002693
47654	47997	3	0.002693
47654	47752	6	0.005386
47654	47755	3	0.002693
47654	47981	3	0.002693
47654	48110	3	0.002693
47654	48111	6	0.005386
47654	47792	3	0.002693
47654	48145	3	0.002693
47654	48235	3	0.002693
47654	48148	3	0.002693
47654	47861	18	0.016158
47654	48136	3	0.002693
47654	47609	3	0.002693
47654	47631	3	0.002693
47654	48125	3	0.002693
47659	48098	10	0.011891
47659	47779	20	0.023781
47659	47945	10	0.011891
47659	47791	10	0.011891
47659	48083	3	0.003567
47659	47771	15	0.017836
47659	48159	10	0.011891
47660	48033	1	0.000495
47660	48176	2	0.000990
47660	48272	1	0.000495
47660	48237	1	0.000495
47660	47664	9	0.004455
47660	48209	1	0.000495
47660	48277	11	0.005446
47660	48086	1	0.000495
47660	47672	5	0.002475
47660	47709	2	0.000990
47660	48190	1	0.000495
47662	48076	37	0.136531
47662	47882	6	0.022140
47662	47852	4	0.014760
47662	48209	4	0.014760
47662	48286	7	0.025830
47662	48190	6	0.022140
47663	48162	1	0.009709
47663	48083	3	0.029126
47663	47700	1	0.009709
47663	48237	4	0.038835
47664	48240	80	0.046893
47664	47971	1	0.000586
47664	47992	3	0.001758
47664	47845	1	0.000586
47664	48134	2	0.001172
47664	48199	1	0.000586
47664	48200	3	0.001758
47664	48076	2	0.001172
47664	48272	1	0.000586
47664	47852	1	0.000586
47664	48237	1	0.000586
47664	48209	1	0.000586
47664	48176	63	0.036928
47664	47784	3	0.001758
47664	48083	1	0.000586
47664	48033	1	0.000586
47664	48277	2	0.001172
47664	47672	3	0.001758
47664	47709	1	0.000586
47664	48190	2	0.001172
47664	47660	8	0.004689
47665	47872	1	0.009091
47665	47937	1	0.009091
47665	48071	1	0.009091
47665	47882	5	0.045455
47665	48237	30	0.272727
47665	48083	1	0.009091
47665	48277	2	0.018182
47665	48190	1	0.009091
47667	48249	2	0.066667
47667	47628	1	0.033333
47668	48001	2	0.004651
47668	48229	1	0.002326
47668	48200	4	0.009302
47668	48209	4	0.009302
47668	47766	1	0.002326
47668	48284	2	0.004651
47672	48033	1	0.000984
47672	48162	962	0.946850
47672	47845	1	0.000984
47672	48209	3	0.002953
47672	48007	1	0.000984
47672	47752	8	0.007874
47672	47660	2	0.001969
47672	48076	1	0.000984
47672	47852	1	0.000984
47672	47762	1	0.000984
47672	47662	1	0.000984
47672	48237	1	0.000984
47672	48176	63	0.062008
47672	48200	1	0.000984
47672	47890	3	0.002953
47672	47730	1	0.000984
47672	47799	1	0.000984
47672	47954	1	0.000984
47672	47804	1	0.000984
47672	48190	19	0.018701
47674	47915	2	0.001051
47674	47660	2	0.001051
47674	48237	4	0.002102
47674	47824	7	0.003678
47674	47891	2	0.001051
47674	47828	2	0.001051
47674	47742	6	0.003153
47674	47800	6	0.003153
47674	47900	1	0.000525
47674	48158	7	0.003678
47676	47917	4	0.004673
47676	47805	1	0.001168
47677	48260	8	0.380952
47678	47689	30	0.303030
47678	47853	86	0.868687
47679	47712	3	0.003601
47679	48033	8	0.009604
47679	48129	30	0.036014
47679	48192	1	0.001200
47679	48272	1	0.001200
47679	47762	1	0.001200
47679	48142	5	0.006002
47679	47917	1	0.001200
47679	47664	2	0.002401
47679	48209	2	0.002401
47679	47954	7	0.008403
47679	48277	1	0.001200
47679	47672	1	0.001200
47679	48190	1	0.001200
47680	48272	13	0.481481
47680	47716	1	0.037037
47680	48176	4	0.148148
47680	47762	4	0.148148
47680	47664	1	0.037037
47680	47770	1	0.037037
47682	48289	1	0.002188
47682	47717	3	0.006565
47682	47974	3	0.006565
47682	47882	1	0.002188
47682	48237	1	0.002188
47682	47910	1	0.002188
47682	48179	2	0.004376
47682	47700	1	0.002188
47682	48277	1	0.002188
47682	47641	1	0.002188
47682	48250	3	0.006565
47682	48059	1	0.002188
47682	48083	2	0.004376
47682	47942	2	0.004376
47684	47648	1	0.008130
47684	48162	5	0.040650
47684	48233	1	0.008130
47684	47993	1	0.008130
47684	47867	2	0.016260
47684	47709	1	0.008130
47685	47905	17	0.005468
47685	47618	4	0.001287
47685	48200	2	0.000643
47685	48044	6	0.001930
47685	47882	6	0.001930
47685	48076	10	0.003216
47685	47917	10	0.003216
47685	47823	13	0.004181
47685	47952	16874	5.427469
47685	47762	3	0.000965
47685	48277	8	0.002573
47685	48089	38	0.012223
47685	47727	2	0.000643
47685	48286	2	0.000643
47687	47905	1	0.002924
47687	47812	1	0.002924
47687	48200	1	0.002924
47687	48076	1	0.002924
47687	48142	1	0.002924
47687	48144	26	0.076023
47687	47761	1	0.002924
47687	47890	2	0.005848
47687	47891	3	0.008772
47687	47929	2	0.005848
47687	48286	1	0.002924
47688	47992	3	0.013953
47688	47664	3	0.013953
47688	48162	2	0.009302
47688	47660	1	0.004651
47688	47882	6	0.027907
47689	48145	1	0.003472
47689	47917	12	0.041667
47692	47917	14	0.100000
47692	47848	1	0.007143
47692	47629	38	0.271429
47692	47735	56	0.400000
47693	47709	153	1.000000
47694	47737	1	0.000951
47694	48162	1	0.000951
47694	48131	7	0.006654
47694	47709	1	0.000951
47695	48162	2	0.022472
47695	47709	180	2.022472
47695	48237	16	0.179775
47696	48162	2	0.026667
47696	47882	1	0.013333
47696	48237	1	0.013333
47696	48111	3	0.040000
47696	48114	4	0.053333
47696	48086	3	0.040000
47696	47772	2	0.026667
47696	48221	1	0.013333
47700	48162	2	0.050000
47700	48237	50	1.250000
47700	48190	2	0.050000
47700	47709	2	0.050000
47701	47992	10	0.285714
47701	47784	1	0.028571
47701	48237	1	0.028571
47701	47630	1	0.028571
47701	47951	34	0.971429
47703	47917	3	0.004354
47703	48081	1	0.001451
47703	48277	3	0.004354
47703	47654	2	0.002903
47703	48015	9	0.013062
47704	47660	10	0.188679
47704	48237	2	0.037736
47705	47905	1	0.002212
47705	48034	18	0.039823
47705	48260	2	0.004425
47705	47882	1	0.002212
47705	48162	2	0.004425
47705	47917	2	0.004425
47705	47828	1	0.002212
47705	48059	2	0.004425
47705	48286	1	0.002212
47707	47762	1	0.010870
47707	48059	1	0.010870
47707	48277	1	0.010870
47707	47966	1	0.010870
47709	48128	1	0.000266
47709	47617	6	0.001596
47709	47618	1	0.000266
47709	48131	4	0.001064
47709	48133	3	0.000798
47709	47622	1	0.000266
47709	48129	1	0.000266
47709	48138	4	0.001064
47709	48139	5	0.001330
47709	48130	1	0.000266
47709	48142	15	0.003989
47709	48144	7	0.001862
47709	47619	56	0.014894
47709	48150	4	0.001064
47709	48151	1	0.000266
47709	48154	1	0.000266
47709	47644	1	0.000266
47709	48158	1	0.000266
47709	47648	6	0.001596
47709	48162	132	0.035106
47709	47651	2	0.000532
47709	48134	10	0.002660
47709	48169	2	0.000532
47709	48171	2	0.000532
47709	48172	1	0.000266
47709	48174	4	0.001064
47709	47664	6	0.001596
47709	47665	2	0.000532
47709	47672	1	0.000266
47709	47673	3	0.000798
47709	47674	5	0.001330
47709	48187	2	0.000532
47709	48190	26	0.006915
47709	47681	1	0.000266
47709	47682	4	0.001064
47709	48199	4	0.001064
47709	47688	5	0.001330
47709	47629	3	0.000798
47709	47696	2	0.000532
47709	48209	33	0.008777
47709	47715	3	0.000798
47709	47700	3	0.000798
47709	48213	2	0.000532
47709	47705	2	0.000532
47709	47707	4	0.001064
47709	48221	3	0.000798
47709	47717	2	0.000532
47709	48224	5	0.001330
47709	48225	2	0.000532
47709	48227	3	0.000798
47709	48229	4	0.001064
47709	47720	3	0.000798
47709	47722	1	0.000266
47709	47724	36	0.009574
47709	48237	533	0.141755
47709	47727	1	0.000266
47709	48241	4	0.001064
47709	47730	1	0.000266
47709	47725	2	0.000532
47709	48246	1	0.000266
47709	47735	6	0.001596
47709	47736	4	0.001064
47709	47737	1	0.000266
47709	48250	1	0.000266
47709	47739	3	0.000798
47709	47742	2	0.000532
47709	48255	2	0.000532
47709	47745	3	0.000798
47709	47747	1	0.000266
47709	48260	7	0.001862
47709	48261	5	0.001330
47709	48264	3	0.000798
47709	47756	36	0.009574
47709	48270	15	0.003989
47709	47759	2	0.000532
47709	48272	7	0.001862
47709	47761	1	0.000266
47709	47762	6	0.001596
47709	47811	7	0.001862
47709	47764	2	0.000532
47709	48277	10	0.002660
47709	48279	2	0.000532
47709	48280	1	0.000266
47709	47771	3	0.000798
47709	47772	1	0.000266
47709	48286	238	0.063298
47709	48287	1	0.000266
47709	47776	2	0.000532
47709	47778	1	0.000266
47709	47780	4	0.001064
47709	47729	71	0.018883
47709	47784	3	0.000798
47709	47791	3	0.000798
47709	47792	2	0.000532
47709	47799	9	0.002394
47709	47800	1	0.000266
47709	47804	3	0.000798
47709	47806	3	0.000798
47709	47807	1	0.000266
47709	47819	3	0.000798
47709	47814	1	0.000266
47709	48247	1	0.000266
47709	47821	1	0.000266
47709	47822	2	0.000532
47709	47823	1	0.000266
47709	47824	3	0.000798
47709	48163	2	0.000532
47709	47828	2	0.000532
47709	48249	3	0.000798
47709	47835	4	0.001064
47709	47837	1	0.000266
47709	48251	1	0.000266
47709	47852	4	0.001064
47709	47853	6	0.001596
47709	47862	3	0.000798
47709	47864	1	0.000266
47709	47865	68	0.018085
47709	47866	3	0.000798
47709	47867	23	0.006117
47709	47869	2	0.000532
47709	47872	3	0.000798
47709	47877	3	0.000798
47709	47880	6	0.001596
47709	47660	12	0.003191
47709	47882	896	0.238298
47709	47883	1	0.000266
47709	47884	10	0.002660
47709	47890	3	0.000798
47709	47891	6	0.001596
47709	47748	10	0.002660
47709	47902	5	0.001330
47709	47905	48	0.012766
47709	47906	1	0.000266
47709	47907	1	0.000266
47709	47908	1	0.000266
47709	47909	1	0.000266
47709	47910	1	0.000266
47709	47913	2	0.000532
47709	48207	1	0.000266
47709	48007	1	0.000266
47709	47919	1	0.000266
47709	47920	1	0.000266
47709	47921	2	0.000532
47709	47924	7	0.001862
47709	47932	1	0.000266
47709	47935	2	0.000532
47709	47937	6	0.001596
47709	47938	2	0.000532
47709	47941	3	0.000798
47709	47942	1	0.000266
47709	48268	1	0.000266
47709	47946	2	0.000532
47709	47954	4	0.001064
47709	47960	1	0.000266
47709	47964	4	0.001064
47709	47971	7	0.001862
47709	47974	1	0.000266
47709	47978	6	0.001596
47709	47981	6	0.001596
47709	47982	5	0.001330
47709	47989	12	0.003191
47709	47990	7	0.001862
47709	47992	1	0.000266
47709	47997	1	0.000266
47709	48176	47	0.012500
47709	48010	1	0.000266
47709	48194	9	0.002394
47709	48014	3	0.000798
47709	48015	4	0.001064
47709	48018	1	0.000266
47709	48020	29	0.007713
47709	48021	6	0.001596
47709	48025	2	0.000532
47709	48026	1	0.000266
47709	48028	2	0.000532
47709	48033	17	0.004521
47709	48034	5	0.001330
47709	48036	5	0.001330
47709	48038	1	0.000266
47709	48042	1	0.000266
47709	47687	6	0.001596
47709	48044	1	0.000266
47709	48047	1	0.000266
47709	48200	8	0.002128
47709	48050	1	0.000266
47709	48052	6	0.001596
47709	48053	5	0.001330
47709	48057	4	0.001064
47709	48059	16	0.004255
47709	48063	1	0.000266
47709	48064	1	0.000266
47709	48288	2	0.000532
47709	48068	1	0.000266
47709	48071	10	0.002660
47709	47752	2	0.000532
47709	48076	3	0.000798
47709	48120	1	0.000266
47709	48083	28	0.007447
47709	48086	55	0.014628
47709	48089	5	0.001330
47709	48091	10	0.002660
47709	48094	2	0.000532
47709	48292	2	0.000532
47709	48096	2	0.000532
47709	48208	2	0.000532
47709	48098	1	0.000266
47709	48104	1	0.000266
47709	48124	8	0.002128
47709	48106	21	0.005585
47709	47783	36	0.009574
47709	48109	1	0.000266
47709	47601	2	0.000532
47709	48116	1	0.000266
47709	48118	1	0.000266
47709	47608	1	0.000266
47709	47609	1	0.000266
47709	47612	5	0.001330
47710	47917	15	0.042493
47711	48200	1	0.020833
47711	48089	1	0.020833
47712	48286	1	0.005848
47712	48142	3	0.017544
47715	47882	2	0.003663
47715	47740	2	0.003663
47715	47989	2	0.003663
47716	48213	6	3.000000
47717	48289	1	0.003436
47717	47682	9	0.030928
47717	47942	1	0.003436
47717	47910	1	0.003436
47717	48076	1	0.003436
47717	48162	2	0.006873
47717	47974	1	0.003436
47717	47928	5	0.017182
47717	48250	1	0.003436
47717	48059	3	0.010309
47717	47676	19	0.065292
47717	47709	10	0.034364
47718	48131	1	0.003623
47718	47748	3	0.010870
47718	47880	1	0.003623
47718	47882	1	0.003623
47718	48139	1	0.003623
47718	47884	1	0.003623
47718	48142	1	0.003623
47718	48015	1	0.003623
47718	48144	1	0.003623
47718	48277	4	0.014493
47718	48150	1	0.003623
47718	48260	1	0.003623
47718	48034	1	0.003623
47718	48091	1	0.003623
47718	48036	1	0.003623
47718	48174	1	0.003623
47718	47921	1	0.003623
47718	47924	1	0.003623
47718	48053	1	0.003623
47718	47673	1	0.003623
47718	47674	1	0.003623
47718	48059	1	0.003623
47718	47937	1	0.003623
47718	47682	1	0.003623
47718	48071	1	0.003623
47718	47688	1	0.003623
47718	47696	1	0.003623
47718	47992	1	0.003623
47718	48083	1	0.003623
47718	47700	1	0.003623
47718	48086	1	0.003623
47718	48021	1	0.003623
47718	48089	1	0.003623
47718	47835	1	0.003623
47718	47709	3	0.010870
47718	47853	1	0.003623
47718	48224	1	0.003623
47718	48187	121	0.438406
47718	47978	1	0.003623
47718	48237	75	0.271739
47718	48118	1	0.003623
47718	47735	1	0.003623
47718	47864	1	0.003623
47718	48249	1	0.003623
47718	48255	1	0.003623
47720	48033	4	0.004000
47720	48131	1	0.001000
47720	48086	5	0.005000
47720	48038	1	0.001000
47720	47905	2	0.002000
47720	47884	39	0.039000
47720	48237	22	0.022000
47720	48142	10	0.010000
47720	47759	1	0.001000
47720	47954	7	0.007000
47720	47843	1	0.001000
47720	48277	8	0.008000
47720	47894	1	0.001000
47720	47799	1	0.001000
47720	47891	8	0.008000
47720	47709	6	0.006000
47722	48162	2	0.003195
47722	48260	16	0.025559
47722	47882	3	0.004792
47722	48014	1	0.001597
47722	48050	1	0.001597
47722	48086	2	0.003195
47722	48059	3	0.004792
47725	47882	1	0.007812
47727	47952	2	0.007092
47727	48089	8	0.028369
47727	47905	2	0.007092
47727	47967	2	0.007092
47729	47905	481	0.672727
47729	48106	481	0.672727
47729	47660	8	0.011189
47729	48237	2	0.002797
47729	48209	1	0.001399
47729	47865	481	0.672727
47729	48187	4	0.005594
47729	48124	484	0.676923
47729	47709	481	0.672727
47730	48005	1	0.000023
47730	48176	293	0.006633
47730	47882	2	0.000045
47730	48272	76	0.001720
47730	47762	11	0.000249
47730	48277	81	0.001834
47730	48033	76	0.001720
47730	47778	5	0.000113
47730	47660	3	0.000068
47730	47917	1	0.000023
47730	47664	75	0.001698
47730	47799	2	0.000045
47730	47672	76	0.001720
47730	48059	1	0.000023
47730	48188	1	0.000023
47730	48190	84	0.001902
47730	48071	1	0.000023
47730	48209	2	0.000045
47730	48086	2	0.000045
47730	47709	11	0.000249
47730	48225	1	0.000023
47730	48232	2	0.000045
47730	48237	12	0.000272
47730	47989	408	0.009236
47730	47867	1	0.000023
47731	48237	4	0.100000
47734	48237	1	0.033333
47735	48162	1	0.002066
47735	48091	3	0.006198
47735	47692	3	0.006198
47735	47629	8	0.016529
47735	48277	1	0.002066
47736	47905	2	0.181818
47736	48162	2	0.181818
47736	48209	4	0.363636
47736	47882	6	0.545455
47736	47783	2	0.181818
47736	48176	4	0.363636
47736	47729	2	0.181818
47736	48020	2	0.181818
47736	47865	4	0.363636
47736	48106	2	0.181818
47736	48286	4	0.363636
47737	48120	13	0.025845
47737	48131	7	0.013917
47737	47694	2	0.003976
47739	47976	9	0.006881
47739	48036	8	0.006116
47740	47730	1	0.002976
47740	47762	15	0.044643
47740	47989	25	0.074405
47742	48162	10	0.021598
47742	48259	462	0.997840
47742	48086	223	0.481641
47742	47800	47	0.101512
47742	47674	123	0.265659
47742	47900	2	0.004320
47742	47805	1	0.002160
47745	47604	5	0.007289
47745	48156	9	0.013120
47745	47660	9	0.013120
47745	48237	2	0.002915
47747	48224	2	0.025000
47747	48218	2	0.025000
47747	48162	1	0.012500
47747	48007	1	0.012500
47748	47905	2	0.001273
47748	48034	1	0.000637
47748	48091	1	0.000637
47748	48036	1	0.000637
47748	47673	1	0.000637
47748	48071	1	0.000637
47748	48237	2794	1.778485
47748	47853	1	0.000637
47748	47696	1	0.000637
47748	47921	1	0.000637
47748	48150	1	0.000637
47748	48083	1	0.000637
47748	48277	2	0.001273
47748	48249	1	0.000637
47748	47735	1	0.000637
47748	47865	12	0.007638
47748	48260	2	0.001273
47748	48059	28	0.017823
47748	48190	1	0.000637
47750	48272	11	0.010711
47750	47917	2	0.001947
47752	47792	1	0.000338
47752	47906	2	0.000676
47752	48209	1	0.000338
47752	48176	1	0.000338
47752	47660	2	0.000676
47752	47882	1	0.000338
47752	47852	3	0.001014
47752	47919	1	0.000338
47752	47664	2	0.000676
47752	48241	1	0.000338
47752	48272	1	0.000338
47752	48033	1	0.000338
47752	48053	1	0.000338
47752	47991	1	0.000338
47752	47672	2	0.000676
47752	47729	1	0.000338
47752	48221	1	0.000338
47752	48190	1	0.000338
47752	48277	2	0.000676
47755	48033	3	0.001706
47755	47672	3	0.001706
47755	47852	3	0.001706
47755	48272	3	0.001706
47755	48076	3	0.001706
47755	47954	3	0.001706
47755	47662	3	0.001706
47755	47664	3	0.001706
47755	48209	2666	1.515634
47755	47762	3	0.001706
47755	48277	3	0.001706
47755	48120	3	0.001706
47755	47730	3	0.001706
47756	47872	1	0.020408
47756	47745	1	0.020408
47756	47748	7	0.142857
47756	47880	6	0.122449
47756	47882	109	2.224490
47756	48286	5	0.102041
47756	47905	6	0.122449
47756	48162	12	0.244898
47756	47660	4	0.081633
47756	48174	1	0.020408
47756	48176	3	0.061224
47756	47799	1	0.020408
47756	48059	5	0.102041
47756	48190	1	0.020408
47756	48209	2	0.040816
47756	48086	5	0.102041
47756	47835	1	0.020408
47756	47709	1	0.020408
47756	47978	6	0.122449
47756	48237	6	0.122449
47756	47806	1	0.020408
47756	47866	1	0.020408
47756	48124	1	0.020408
47759	47712	1349	0.932918
47759	48142	1	0.000692
47760	48020	143	1.014184
47761	48144	8	0.097561
47761	47929	2	0.024390
47762	48272	171	0.062706
47762	47890	2	0.000733
47762	48277	14	0.005134
47762	48027	1	0.000367
47762	48286	8	0.002934
47762	48033	7	0.002567
47762	47783	2	0.000733
47762	47662	1	0.000367
47762	48176	6	0.002200
47762	47672	4	0.001467
47762	48190	113	0.041437
47762	47905	2	0.000733
47762	48200	3	0.001100
47762	47991	2	0.000733
47762	48076	4	0.001467
47762	48209	4	0.001467
47762	47954	2	0.000733
47762	47707	1	0.000367
47762	47709	4	0.001467
47762	47966	1	0.000367
47762	48233	1	0.000367
47762	47852	2	0.000733
47762	48237	10	0.003667
47762	47729	1	0.000367
47762	47730	9	0.003300
47762	47989	23	0.008434
47762	47664	5	0.001834
47762	48120	3	0.001100
47764	47882	2	0.181818
47765	48059	1	0.062500
47766	48033	1	0.012346
47766	47730	1	0.012346
47766	47845	1	0.012346
47766	48007	1	0.012346
47766	48200	1	0.012346
47766	48233	1	0.012346
47766	48076	1	0.012346
47766	47954	1	0.012346
47766	47662	1	0.012346
47766	47917	1	0.012346
47766	48272	3	0.037037
47766	47672	1	0.012346
47766	47762	1	0.012346
47766	48277	1	0.012346
47766	48120	1	0.012346
47766	47853	1	0.012346
47766	47890	1	0.012346
47766	48190	3	0.037037
47768	47905	2	0.222222
47768	48162	2	0.222222
47768	48209	4	0.444444
47768	47882	6	0.666667
47768	47783	2	0.222222
47768	48176	4	0.444444
47768	47729	2	0.222222
47768	48020	2	0.222222
47768	47865	4	0.444444
47768	48106	2	0.222222
47768	48286	4	0.444444
47769	48007	1	0.013699
47769	48200	2	0.027397
47769	47852	2	0.027397
47769	47954	2	0.027397
47769	48237	1	0.013699
47769	47890	2	0.027397
47770	48277	2	0.003929
47771	47905	1	0.000188
47771	48059	2	0.000376
47771	47623	3	0.000563
47771	48233	3	0.000563
47771	47882	5	0.000939
47771	47659	539	0.101221
47771	47822	2	0.000376
47771	47729	3	0.000563
47771	48083	48	0.009014
47771	48277	4	0.000751
47771	47867	1	0.000188
47771	47709	3	0.000563
47771	47902	4	0.000751
47771	48159	6	0.001127
47775	47709	34	1.062500
47775	48086	6	0.187500
47775	48237	6	0.187500
47776	48237	7	0.241379
47778	47917	2	0.002157
47778	48271	6	0.006472
47778	48176	1	0.001079
47778	48209	2	0.002157
47778	47730	1	0.001079
47778	47989	695	0.749730
47778	47823	1	0.001079
47778	47709	2	0.002157
47779	47659	2	0.166667
47780	47908	14	0.007675
47780	48091	3	0.001645
47780	48260	5	0.002741
47780	48166	2	0.001096
47780	47882	8	0.004386
47780	48272	35	0.019189
47780	48086	2	0.001096
47780	48089	3	0.001645
47780	48057	29	0.015899
47780	47867	2	0.001096
47780	47709	2	0.001096
47780	48286	2	0.001096
47783	47762	1	0.001543
47783	48020	1	0.001543
47783	47882	3	0.004630
47783	48237	7	0.010802
47784	48076	1	0.005263
47784	47630	2	0.010526
47784	47951	2	0.010526
47784	47664	4	0.021053
47784	47957	1	0.005263
47784	47992	5	0.026316
47784	48190	1	0.005263
47785	48237	10	1.111111
47788	48233	3	0.076923
47791	48162	1	0.002551
47791	47845	1	0.002551
47791	48233	1	0.002551
47791	47882	1	0.002551
47791	48083	22	0.056122
47791	48059	1	0.002551
47792	47909	1	0.007576
47794	47682	2	0.058824
47794	48036	2	0.058824
47794	48071	2	0.058824
47794	47688	2	0.058824
47794	47884	2	0.058824
47794	48053	2	0.058824
47794	48089	4	0.117647
47794	48091	4	0.117647
47794	48286	1	0.029412
47795	47660	2	0.032787
47795	48237	7	0.114754
47795	47709	2	0.032787
47796	48237	2	0.051282
47799	47907	1	0.014286
47799	48229	1	0.014286
47799	48142	1	0.014286
47799	47989	1	0.014286
47799	47673	1	0.014286
47799	47705	1	0.014286
47799	48221	1	0.014286
47799	48190	1	0.014286
47800	47674	12	0.060914
47804	48179	2	0.010101
47804	47900	2	0.010101
47804	47613	2	0.010101
47804	47723	1	0.005051
47805	47939	20	0.051020
47805	47917	10	0.025510
47805	48071	11	0.028061
47805	48175	2	0.005102
47805	48237	3	0.007653
47805	48079	13	0.033163
47805	47859	5	0.012755
47805	47989	2	0.005102
47805	47638	19	0.048469
47805	48024	33	0.084184
47805	47834	9	0.022959
47805	48155	13	0.033163
47805	47837	18	0.045918
47805	48286	1	0.002551
47805	48227	3	0.007653
47806	47913	2	0.083333
47810	47905	2	0.054054
47810	48162	2	0.054054
47810	47845	1	0.027027
47810	48209	4	0.108108
47810	48200	1	0.027027
47810	47852	1	0.027027
47810	47882	6	0.162162
47810	47783	2	0.054054
47810	48076	2	0.054054
47810	48237	8	0.216216
47810	48176	4	0.108108
47810	47729	2	0.054054
47810	47762	2	0.054054
47810	48020	2	0.054054
47810	47664	1	0.027027
47810	47865	4	0.108108
47810	48106	2	0.054054
47810	48286	4	0.108108
47811	47905	2	0.060606
47811	48162	2	0.060606
47811	48033	2	0.060606
47811	47783	2	0.060606
47811	47882	6	0.181818
47811	48237	2	0.060606
47811	48176	6	0.181818
47811	47729	2	0.060606
47811	48020	2	0.060606
47811	48190	2	0.060606
47811	47865	4	0.121212
47811	48106	2	0.060606
47811	48286	4	0.121212
47811	48277	2	0.060606
47812	47929	24	0.923077
47818	48162	3	0.013158
47818	47783	3	0.013158
47818	48034	3	0.013158
47818	48176	3	0.013158
47818	48086	3	0.013158
47818	48059	3	0.013158
47818	48190	3	0.013158
47819	48249	320	1.049180
47819	47628	2	0.006557
47819	47662	1	0.003279
47821	48162	1	0.001779
47821	47709	1	0.001779
47822	47835	1	0.008403
47822	47748	3	0.025210
47822	47882	1	0.008403
47822	48237	57	0.478992
47822	48174	1	0.008403
47822	48059	1	0.008403
47822	48277	1	0.008403
47822	48187	118	0.991597
47822	47709	3	0.025210
47823	48176	7	0.001241
47823	48044	2	0.000355
47823	48272	3	0.000532
47823	48277	7	0.001241
47823	48286	2	0.000355
47823	48033	1	0.000177
47823	47660	1	0.000177
47823	47664	1	0.000177
47823	47672	1	0.000177
47823	47804	3	0.000532
47823	48190	3	0.000532
47823	48063	2	0.000355
47823	48192	1	0.000177
47823	48076	51	0.009044
47823	47952	23	0.004079
47823	48209	30	0.005320
47823	48086	2	0.000355
47823	48089	7	0.001241
47823	47709	4	0.000709
47823	47971	7	0.001241
47823	47730	1	0.000177
47823	48120	1	0.000177
47824	47905	1	0.003534
47824	47674	8	0.028269
47824	47867	1	0.003534
47825	48162	1	0.012987
47826	47730	1	0.009091
47826	48225	2	0.018182
47826	47762	3	0.027273
47826	47917	4	0.036364
47826	47729	1	0.009091
47827	48059	1	0.014706
47828	47880	1	0.014493
47828	47978	1	0.014493
47828	48237	6	0.086957
47828	48277	1	0.014493
47832	48162	1	0.001439
47832	48166	1109	1.595683
47832	48200	1	0.001439
47832	47882	2	0.002878
47832	48272	2	0.002878
47832	48277	2	0.002878
47833	47877	4	0.070175
47834	47859	22	0.036364
47834	47805	715	1.181818
47834	47971	1	0.001653
47835	48237	1	0.043478
47839	47845	3	0.000583
47839	48233	2	0.000389
47839	48076	2	0.000389
47839	47917	7	0.001361
47839	48176	2	0.000389
47839	48121	77	0.014975
47839	47771	1	0.000194
47839	48286	5	0.000972
47843	47953	1	0.002141
47843	47954	1	0.002141
47843	47867	1	0.002141
47843	47989	1	0.002141
47843	48033	1	0.002141
47844	47890	1	0.010526
47844	47730	1	0.010526
47844	47762	1	0.010526
47845	47752	1	0.000335
47845	48015	1	0.000335
47845	48272	18	0.006038
47845	47762	1	0.000335
47845	48277	28	0.009393
47845	48154	1	0.000335
47845	48047	1	0.000335
47845	47648	3	0.001006
47845	48033	24	0.008051
47845	47659	1	0.000335
47845	47660	2	0.000671
47845	47917	3	0.001006
47845	47662	1	0.000335
47845	47791	2	0.000671
47845	48176	1	0.000335
47845	47670	1	0.000335
47845	47672	20	0.006709
47845	47805	1	0.000335
47845	48190	24	0.008051
47845	48076	1	0.000335
47845	48209	2	0.000671
47845	47703	1	0.000335
47845	47709	3	0.001006
47845	47971	1	0.000335
47845	48237	1	0.000335
47845	48240	2	0.000671
47845	47730	3	0.001006
47845	47862	3	0.001006
47845	47664	15	0.005032
47845	48120	1	0.000335
47845	47867	2	0.000671
47845	47869	1	0.000335
47848	48192	3	0.003413
47848	48162	4	0.004551
47848	48261	1	0.001138
47848	47660	4	0.004551
47848	47917	13	0.014790
47848	48143	3	0.003413
47848	47924	3	0.003413
47848	47865	2	0.002275
47848	48059	2	0.002275
47848	48190	4	0.004551
47848	48133	1	0.001138
47852	48176	4	0.003700
47852	48194	2	0.001850
47852	48187	1	0.000925
47852	47882	1	0.000925
47852	48138	2	0.001850
47852	47853	3	0.002775
47852	47664	8	0.007401
47852	48052	2	0.001850
47852	48286	2	0.001850
47852	48088	1	0.000925
47852	47993	1	0.000925
47852	48091	2	0.001850
47852	47709	5	0.004625
47852	48190	6	0.005550
47852	48277	1	0.000925
47853	48162	4	0.007905
47853	47660	4	0.007905
47853	48138	2	0.003953
47853	47852	10	0.019763
47853	48237	12	0.023715
47853	48052	4	0.007905
47853	48088	3	0.005929
47853	48091	3	0.005929
47853	47612	1	0.001976
47853	47709	2	0.003953
47853	48190	1	0.001976
47853	48063	2	0.003953
47854	48071	1	0.000838
47854	47905	1	0.000838
47854	48162	1	0.000838
47854	48209	2	0.001676
47854	48257	1	0.000838
47854	48106	1	0.000838
47854	47783	1	0.000838
47854	48237	16	0.013412
47854	47709	1	0.000838
47854	48176	2	0.001676
47854	47729	1	0.000838
47854	47617	1	0.000838
47854	47604	1	0.000838
47854	47989	1	0.000838
47854	48086	1	0.000838
47854	47865	2	0.001676
47854	48020	1	0.000838
47854	47882	6	0.005029
47854	48286	2	0.001676
47859	47905	1	0.000273
47859	48071	30	0.008186
47859	48232	1	0.000273
47859	47724	2	0.000546
47859	47882	4	0.001091
47859	48076	5	0.001364
47859	48237	32	0.008731
47859	47709	3	0.000819
47859	48277	1	0.000273
47859	48086	1	0.000273
47859	47834	11	0.003001
47859	47805	21	0.005730
47859	48286	5	0.001364
47861	48241	3	0.011111
47861	48139	5	0.018519
47861	47660	1	0.003704
47861	48273	1	0.003704
47861	48086	1	0.003704
47861	47672	1	0.003704
47861	47673	2	0.007407
47861	47644	1	0.003704
47862	48036	192	1.015873
47862	47599	3	0.015873
47864	47619	1	0.026316
47864	48261	1	0.026316
47864	48241	1	0.026316
47864	47730	1	0.026316
47864	47907	1	0.026316
47864	47747	1	0.026316
47864	47672	1	0.026316
47864	48221	1	0.026316
47864	48190	1	0.026316
47865	47905	178	1.000000
47865	47882	1	0.005618
47865	48106	178	1.000000
47865	48237	31	0.174157
47865	47729	178	1.000000
47865	48059	1	0.005618
47865	48124	178	1.000000
47865	47709	172	0.966292
47866	48162	12	0.037383
47866	48190	2	0.006231
47867	47791	1	0.000103
47867	47882	3	0.000309
47867	48270	56	0.005770
47867	48277	7	0.000721
47867	48026	1	0.000103
47867	47771	2	0.000206
47867	47902	1	0.000103
47867	47648	8	0.000824
47867	48163	1	0.000103
47867	47783	1	0.000103
47867	48047	1	0.000103
47867	48199	1	0.000103
47867	47660	5	0.000515
47867	47917	16	0.001648
47867	47837	1	0.000103
47867	47670	1	0.000103
47867	48187	2	0.000206
47867	47682	1	0.000103
47867	47684	1	0.000103
47867	48071	24	0.002473
47867	48076	22	0.002267
47867	48083	18	0.001855
47867	47709	4	0.000412
47867	48098	1	0.000103
47867	48227	1	0.000103
47867	47845	3	0.000309
47867	47718	5	0.000515
47867	48237	7	0.000721
47867	48247	2	0.000206
47867	47869	1	0.000103
47869	47648	19	0.037328
47869	47845	6	0.011788
47869	47882	18	0.035363
47869	48076	1	0.001965
47869	47917	41	0.080550
47869	48047	6	0.011788
47869	48277	1	0.001965
47869	48086	1	0.001965
47869	48059	7	0.013752
47869	48286	1	0.001965
47871	48021	6	0.008242
47871	47654	6	0.008242
47872	47866	1	0.005814
47872	48162	1	0.005814
47872	48021	3	0.017442
47872	48015	3	0.017442
47874	47617	10	2.500000
47874	48020	4	1.000000
47874	48237	4	1.000000
47877	48192	2	0.003745
47877	47905	22	0.041199
47877	48194	4	0.007491
47877	48106	3	0.005618
47877	47724	2	0.003745
47877	48237	5	0.009363
47877	47729	3	0.005618
47877	47958	2	0.003745
47877	47865	3	0.005618
47877	48091	11	0.020599
47877	48124	3	0.005618
47877	47709	5	0.009363
47877	48190	132	0.247191
47878	47852	6	0.333333
47878	48094	2	0.111111
47880	47992	1	0.024390
47880	48089	1	0.024390
47880	48083	1	0.024390
47880	47864	1	0.024390
47881	47700	1	0.035714
47882	47618	1	0.002237
47882	48131	1	0.002237
47882	48133	1	0.002237
47882	47624	1	0.002237
47882	48138	1	0.002237
47882	48139	1	0.002237
47882	48130	1	0.002237
47882	48142	1	0.002237
47882	48143	1	0.002237
47882	48144	1	0.002237
47882	48150	1	0.002237
47882	48151	1	0.002237
47882	47640	1	0.002237
47882	48153	1	0.002237
47882	48154	1	0.002237
47882	47644	1	0.002237
47882	48158	1	0.002237
47882	47648	1	0.002237
47882	48161	1	0.002237
47882	47651	1	0.002237
47882	48171	1	0.002237
47882	48172	1	0.002237
47882	47662	1	0.002237
47882	47664	2	0.004474
47882	47667	1	0.002237
47882	47670	1	0.002237
47882	47673	1	0.002237
47882	47674	1	0.002237
47882	48187	1	0.002237
47882	47677	1	0.002237
47882	48190	2	0.004474
47882	47682	1	0.002237
47882	47627	1	0.002237
47882	47722	1	0.002237
47882	48199	1	0.002237
47882	47688	3	0.006711
47882	47629	1	0.002237
47882	47696	4	0.008949
47882	47715	1	0.002237
47882	47700	1	0.002237
47882	47707	1	0.002237
47882	48221	3	0.006711
47882	47717	1	0.002237
47882	48224	1	0.002237
47882	48227	1	0.002237
47882	48229	1	0.002237
47882	48233	1	0.002237
47882	48234	1	0.002237
47882	48237	30	0.067114
47882	47727	1	0.002237
47882	48241	3	0.006711
47882	47730	1	0.002237
47882	48246	1	0.002237
47882	47735	1	0.002237
47882	47737	1	0.002237
47882	48250	1	0.002237
47882	47739	1	0.002237
47882	48253	1	0.002237
47882	47742	1	0.002237
47882	48255	1	0.002237
47882	47747	1	0.002237
47882	48260	1	0.002237
47882	48261	1	0.002237
47882	47752	1	0.002237
47882	48268	1	0.002237
47882	48272	1	0.002237
47882	48273	1	0.002237
47882	47762	1	0.002237
47882	48276	1	0.002237
47882	48277	6	0.013423
47882	48280	1	0.002237
47882	47770	1	0.002237
47882	47772	1	0.002237
47882	48287	1	0.002237
47882	47780	1	0.002237
47882	47783	1	0.002237
47882	47784	1	0.002237
47882	47787	1	0.002237
47882	47791	1	0.002237
47882	47792	1	0.002237
47882	47799	16	0.035794
47882	47800	1	0.002237
47882	47807	1	0.002237
47882	47819	1	0.002237
47882	47812	1	0.002237
47882	47814	1	0.002237
47882	47815	1	0.002237
47882	47818	1	0.002237
47882	48247	1	0.002237
47882	47821	1	0.002237
47882	47824	1	0.002237
47882	47825	1	0.002237
47882	48163	1	0.002237
47882	48249	1	0.002237
47882	47843	1	0.002237
47882	47844	1	0.002237
47882	47845	1	0.002237
47882	47852	1	0.002237
47882	47853	1	0.002237
47882	47862	1	0.002237
47882	47869	1	0.002237
47882	47877	1	0.002237
47882	47660	1	0.002237
47882	47883	1	0.002237
47882	47884	1	0.002237
47882	47888	1	0.002237
47882	47890	1	0.002237
47882	47894	1	0.002237
47882	47896	1	0.002237
47882	47902	1	0.002237
47882	47906	1	0.002237
47882	47907	1	0.002237
47882	47910	1	0.002237
47882	48207	1	0.002237
47882	47919	1	0.002237
47882	47920	1	0.002237
47882	47921	1	0.002237
47882	47932	1	0.002237
47882	47940	1	0.002237
47882	47941	1	0.002237
47882	47942	1	0.002237
47882	47946	1	0.002237
47882	47954	1	0.002237
47882	48182	1	0.002237
47882	47960	1	0.002237
47882	47964	1	0.002237
47882	47974	1	0.002237
47882	47761	1	0.002237
47882	47981	1	0.002237
47882	47982	1	0.002237
47882	47678	1	0.002237
47882	47997	1	0.002237
47882	48010	1	0.002237
47882	48013	1	0.002237
47882	48014	1	0.002237
47882	48015	1	0.002237
47882	48018	1	0.002237
47882	48021	3	0.006711
47882	48026	1	0.002237
47882	48033	1	0.002237
47882	48034	1	0.002237
47882	48036	1	0.002237
47882	48038	1	0.002237
47882	48042	1	0.002237
47882	48044	1	0.002237
47882	48047	1	0.002237
47882	48048	1	0.002237
47882	48200	1	0.002237
47882	48050	1	0.002237
47882	48052	1	0.002237
47882	48053	3	0.006711
47882	48057	1	0.002237
47882	48068	1	0.002237
47882	47606	1	0.002237
47882	48071	1	0.002237
47882	48076	2	0.004474
47882	48078	1	0.002237
47882	48251	1	0.002237
47882	48081	1	0.002237
47882	48086	438	0.979866
47882	48089	1	0.002237
47882	48264	1	0.002237
47882	48091	1	0.002237
47882	48095	1	0.002237
47882	48208	1	0.002237
47882	48098	1	0.002237
47882	48102	1	0.002237
47882	48104	1	0.002237
47882	48107	1	0.002237
47882	48109	1	0.002237
47882	48114	1	0.002237
47882	48116	1	0.002237
47882	48118	1	0.002237
47882	47608	1	0.002237
47882	47609	1	0.002237
47882	47612	1	0.002237
47883	47730	1	0.032258
47883	47852	1	0.032258
47883	47853	8	0.258065
47883	48190	1	0.032258
47884	47905	1	0.000381
47884	47748	4	0.001526
47884	47720	4	0.001526
47884	48237	7	0.002670
47884	48142	1	0.000381
47884	47954	8	0.003051
47884	48086	1	0.000381
47887	48086	6	0.122449
47888	47752	1	0.083333
47888	48145	2	0.166667
47888	48053	9	0.750000
47888	48022	1	0.083333
47889	47762	1	0.076923
47889	48237	14	1.076923
47890	47664	2	0.001751
47890	48144	2	0.001751
47890	48176	1	0.000876
47890	47660	1	0.000876
47890	48272	4	0.003503
47890	48209	1	0.000876
47890	47730	1	0.000876
47890	48033	7	0.006130
47890	48277	3	0.002627
47890	48086	1	0.000876
47890	47672	3	0.002627
47890	47709	1	0.000876
47890	48190	8	0.007005
47891	48086	2	0.004348
47891	48221	1	0.002174
47891	48142	1	0.002174
47894	48131	124	0.536797
47895	47712	1	0.000470
47895	48033	2	0.000939
47895	47917	3	0.001409
47895	48142	1	0.000470
47895	48209	3	0.001409
47895	47954	2	0.000939
47899	48237	4	0.153846
47902	47882	4	0.000896
47902	48270	5	0.001121
47902	48237	1	0.000224
47902	48277	6	0.001345
47902	47639	3	0.000672
47902	47771	3	0.000672
47902	48159	2585	0.579337
47902	48162	6	0.001345
47902	47659	796	0.178395
47902	47660	1	0.000224
47902	47917	5	0.001121
47902	48059	8	0.001793
47902	48190	4	0.000896
47902	47935	6	0.001345
47902	48194	1	0.000224
47902	48071	13	0.002913
47902	48076	7	0.001569
47902	48209	1	0.000224
47902	48083	101	0.022636
47902	47828	2	0.000448
47902	47709	26	0.005827
47902	47725	3	0.000672
47902	47989	1	0.000224
47902	47867	34	0.007620
47903	48083	10	0.243902
47903	47902	2	0.048780
47903	48071	2	0.048780
47904	48096	15	0.015658
47904	48134	160	0.167015
47904	47724	450	0.469729
47904	48237	6123	6.391441
47904	48176	2	0.002088
47904	47762	1	0.001044
47904	47709	450	0.469729
47905	48128	1	0.002439
47905	48131	1	0.002439
47905	48139	1	0.002439
47905	47884	1	0.002439
47905	48142	1	0.002439
47905	48015	1	0.002439
47905	48144	1	0.002439
47905	48021	1	0.002439
47905	48150	1	0.002439
47905	47688	1	0.002439
47905	47791	1	0.002439
47905	47902	1	0.002439
47905	47648	1	0.002439
47905	48034	1	0.002439
47905	47771	1	0.002439
47905	48036	1	0.002439
47905	48071	2	0.004878
47905	48047	1	0.002439
47905	47921	1	0.002439
47905	48050	1	0.002439
47905	47924	1	0.002439
47905	48053	1	0.002439
47905	47673	1	0.002439
47905	47674	1	0.002439
47905	47709	296	0.721951
47905	47682	1	0.002439
47905	48199	1	0.002439
47905	48200	3	0.007317
47905	48076	9	0.021951
47905	47696	1	0.002439
47905	48249	1	0.002439
47905	48089	1	0.002439
47905	48091	1	0.002439
47905	47837	1	0.002439
47905	47853	1	0.002439
47905	48224	1	0.002439
47905	48272	1	0.002439
47905	48098	1	0.002439
47905	48233	1	0.002439
47905	48106	296	0.721951
47905	48237	1	0.002439
47905	47729	296	0.721951
47905	48118	1	0.002439
47905	47735	1	0.002439
47905	47864	1	0.002439
47905	47865	296	0.721951
47905	48250	1	0.002439
47905	47867	1	0.002439
47905	48124	296	0.721951
47905	47869	1	0.002439
47905	48255	1	0.002439
47906	47905	4	0.102564
47909	47792	95	1.826923
47910	48289	1	0.016393
47910	47682	1	0.016393
47910	47942	1	0.016393
47910	47974	1	0.016393
47910	47882	3	0.049180
47910	48162	1	0.016393
47910	48250	1	0.016393
47910	48286	1	0.016393
47910	47717	1	0.016393
47913	48237	3	1.000000
47915	48224	1	0.016949
47915	48162	11	0.186441
47915	48131	1	0.016949
47915	48260	2	0.033898
47915	48071	2	0.033898
47915	47682	1	0.016949
47915	48142	7	0.118644
47915	47696	1	0.016949
47915	48083	1	0.016949
47915	48053	1	0.016949
47915	48086	3	0.050847
47915	48089	2	0.033898
47915	48036	1	0.016949
47915	47674	1	0.016949
47915	48091	2	0.033898
47915	48021	1	0.016949
47917	47648	10	0.001938
47917	47805	7	0.001357
47917	48059	17	0.003295
47917	47845	21	0.004070
47917	48071	6	0.001163
47917	47660	10	0.001938
47917	48190	6	0.001163
47917	48076	58	0.011240
47917	48237	4	0.000775
47917	48270	159	0.030814
47917	48047	1	0.000194
47917	48083	2	0.000388
47917	48277	12	0.002326
47917	47703	5	0.000969
47917	47867	85	0.016473
47917	47709	24	0.004651
47917	48286	1	0.000194
47917	48063	1	0.000194
47918	47845	2	0.066667
47918	48081	1	0.033333
47918	47752	2	0.066667
47918	48233	2	0.066667
47918	48076	3	0.100000
47918	47852	2	0.066667
47918	47954	2	0.066667
47918	47662	1	0.033333
47918	48237	1	0.033333
47918	48176	3	0.100000
47918	48200	2	0.066667
47918	47762	2	0.066667
47918	48007	1	0.033333
47918	48120	2	0.066667
47918	47890	3	0.100000
47918	48286	12	0.400000
47919	48277	1	0.001087
47919	47882	3	0.003261
47919	48125	899	0.977174
47919	48053	2	0.002174
47920	48136	488	1.006186
47920	48053	2	0.004124
47920	48005	2	0.004124
47920	48286	1	0.002062
47920	48221	2	0.004124
47921	47674	1	0.009259
47921	48162	1	0.009259
47921	48110	2	0.018519
47923	48237	1	0.015385
47924	47937	1	0.000840
47924	48133	2	0.001679
47924	47848	4	0.003359
47924	48237	5	0.004198
47924	48143	1	0.000840
47924	48277	1	0.000840
47924	47735	1	0.000840
47924	48059	2	0.001679
47924	48261	1	0.000840
47928	47882	2	0.009852
47928	48162	1	0.004926
47928	48237	66	0.325123
47929	47844	4	0.004320
47929	47687	1	0.001080
47929	47787	1	0.001080
47929	47917	6	0.006479
47929	48144	74	0.079914
47929	47890	27	0.029158
47929	48286	4	0.004320
47932	48162	3	0.071429
47932	47724	1	0.023810
47932	47882	17	0.404762
47932	47756	1	0.023810
47932	47664	2	0.047619
47932	47989	1	0.023810
47932	48086	1	0.023810
47932	47864	52	1.238095
47932	47865	1	0.023810
47932	47867	1	0.023810
47934	48277	1	0.027027
47934	48237	35	0.945946
47935	47882	2	0.038462
47935	48237	4	0.076923
47936	47672	1	0.009901
47936	48033	1	0.009901
47936	48272	1	0.009901
47936	48277	1	0.009901
47936	48190	1	0.009901
47937	48192	1	0.007194
47937	48162	143	1.028777
47937	48237	7	0.050360
47937	47924	4	0.028777
47937	48059	1	0.007194
47937	48190	3	0.021583
47938	48059	2	0.032258
47938	48237	124	2.000000
47939	47805	935	6.493056
47940	48162	2	0.020833
47940	48091	102	1.062500
47941	48277	1	0.004292
47942	47682	4	2.000000
47942	48179	2	1.000000
47943	48162	3	0.013216
47943	47783	3	0.013216
47943	47818	684	3.013216
47943	48034	3	0.013216
47943	48176	3	0.013216
47943	48086	3	0.013216
47943	48059	3	0.013216
47943	48190	3	0.013216
47945	48128	4	0.025806
47945	47698	3	0.019355
47945	47659	4	0.025806
47945	47791	3	0.019355
47946	47724	2	0.027778
47946	47853	5	0.069444
47946	47709	2	0.027778
47946	48237	5	0.069444
47947	47752	3	0.014634
47947	48176	2	0.009756
47947	48125	1	0.004878
47951	48162	1	0.002381
47951	47783	1	0.002381
47951	47784	2	0.004762
47951	47664	1	0.002381
47951	47701	3	0.007143
47951	48086	1	0.002381
47951	47992	3	0.007143
47951	48059	12	0.028571
47951	48286	2	0.004762
47952	47905	17	0.005786
47952	47618	4	0.001361
47952	48200	2	0.000681
47952	48044	6	0.002042
47952	47882	6	0.002042
47952	48076	10	0.003404
47952	47917	8	0.002723
47952	47823	13	0.004425
47952	47762	2	0.000681
47952	48277	8	0.002723
47952	48089	35	0.011913
47952	47727	2	0.000681
47952	48286	2	0.000681
47954	47752	3	0.001045
47954	47884	26	0.009059
47954	48142	6	0.002091
47954	48272	9	0.003136
47954	47890	4	0.001394
47954	48277	10	0.003484
47954	48286	2	0.000697
47954	48033	59	0.020557
47954	47660	1	0.000348
47954	47662	3	0.001045
47954	48176	23	0.008014
47954	47672	8	0.002787
47954	48190	10	0.003484
47954	48200	2	0.000697
47954	48076	2	0.000697
47954	48209	20	0.006969
47954	47845	4	0.001394
47954	48233	1	0.000348
47954	47852	7	0.002439
47954	47762	5	0.001742
47954	47730	4	0.001394
47954	47664	19	0.006620
47954	48120	5	0.001742
47956	47617	1	0.007692
47956	47709	1	0.007692
47956	47852	1	0.007692
47956	47917	9	0.069231
47956	47853	2	0.015385
47956	48272	1	0.007692
47956	47730	1	0.007692
47956	48052	532	4.092308
47956	47989	1	0.007692
47956	47958	2	0.015385
47956	47645	2	0.015385
47956	48190	1	0.007692
47957	48176	1	0.003413
47957	48209	1	0.003413
47957	47992	1	0.003413
47958	48194	229	1.117073
47958	48195	1252	6.107317
47958	47852	2	0.009756
47958	48091	208	1.014634
47958	48286	1	0.004878
47958	48059	1	0.004878
47958	47645	2	0.009756
47958	48190	4	0.019512
47960	48034	2	0.029412
47961	47905	63	2.333333
47961	47771	2	0.074074
47961	47882	2	0.074074
47961	48106	28	1.037037
47961	47729	66	2.444444
47961	47990	27	1.000000
47961	47865	88	3.259259
47961	48187	4	0.148148
47961	48124	29	1.074074
47961	47709	27	1.000000
47963	48162	2	0.028986
47963	47882	1	0.014493
47964	47853	9	0.281250
47964	48086	2	0.062500
47964	47775	1	0.031250
47966	47707	263	0.970480
47967	48229	2	0.153846
47968	47971	3	0.020270
47968	47748	2	0.013514
47968	47709	148	1.000000
47968	48237	12	0.081081
47970	47745	3	0.046154
47970	48237	9	0.138462
47970	48190	1	0.015385
47974	47897	3	0.006160
47974	47682	6	0.012320
47974	48162	3	0.006160
47974	47709	9	0.018480
47976	48120	2	0.052632
47976	47917	1	0.026316
47976	48277	1	0.026316
47976	48222	3	0.078947
47976	47599	1	0.026316
47978	48128	1	0.003984
47978	47618	1	0.003984
47978	48133	1	0.003984
47978	47624	1	0.003984
47978	48138	1	0.003984
47978	47627	1	0.003984
47978	47629	1	0.003984
47978	48143	1	0.003984
47978	48151	1	0.003984
47978	47640	1	0.003984
47978	48153	1	0.003984
47978	48154	1	0.003984
47978	47648	1	0.003984
47978	48161	1	0.003984
47978	48163	1	0.003984
47978	48171	1	0.003984
47978	48172	1	0.003984
47978	47667	1	0.003984
47978	48182	1	0.003984
47978	47677	1	0.003984
47978	47678	1	0.003984
47978	48194	1	0.003984
47978	47739	1	0.003984
47978	47687	1	0.003984
47978	48207	1	0.003984
47978	48208	1	0.003984
47978	47715	1	0.003984
47978	47701	1	0.003984
47978	47707	1	0.003984
47978	48221	1	0.003984
47978	47717	1	0.003984
47978	48227	1	0.003984
47978	48229	1	0.003984
47978	47720	1	0.003984
47978	47727	1	0.003984
47978	48241	1	0.003984
47978	48246	1	0.003984
47978	48247	1	0.003984
47978	47737	1	0.003984
47978	48250	1	0.003984
47978	48251	1	0.003984
47978	48253	1	0.003984
47978	47742	1	0.003984
47978	47747	1	0.003984
47978	48261	1	0.003984
47978	48268	1	0.003984
47978	47759	1	0.003984
47978	47761	1	0.003984
47978	48280	1	0.003984
47978	47770	1	0.003984
47978	47771	1	0.003984
47978	47772	1	0.003984
47978	48287	1	0.003984
47978	48289	1	0.003984
47978	47780	1	0.003984
47978	47787	1	0.003984
47978	47792	1	0.003984
47978	47800	1	0.003984
47978	47807	1	0.003984
47978	47812	1	0.003984
47978	47814	1	0.003984
47978	47818	1	0.003984
47978	47824	1	0.003984
47978	47651	1	0.003984
47978	47837	1	0.003984
47978	47843	1	0.003984
47978	47844	1	0.003984
47978	47869	1	0.003984
47978	47877	1	0.003984
47978	47882	2	0.007968
47978	47883	1	0.003984
47978	47888	1	0.003984
47978	47894	1	0.003984
47978	47902	1	0.003984
47978	47903	1	0.003984
47978	47906	1	0.003984
47978	47907	1	0.003984
47978	47910	1	0.003984
47978	47919	1	0.003984
47978	47920	1	0.003984
47978	47932	1	0.003984
47978	47940	1	0.003984
47978	47941	1	0.003984
47978	47942	1	0.003984
47978	47946	1	0.003984
47978	47960	1	0.003984
47978	47964	1	0.003984
47978	47974	1	0.003984
47978	48273	1	0.003984
47978	47981	1	0.003984
47978	47982	1	0.003984
47978	47989	1	0.003984
47978	47994	1	0.003984
47978	47997	1	0.003984
47978	48013	1	0.003984
47978	48014	1	0.003984
47978	48018	1	0.003984
47978	48026	1	0.003984
47978	48038	1	0.003984
47978	48042	1	0.003984
47978	48199	1	0.003984
47978	48044	1	0.003984
47978	48047	1	0.003984
47978	48048	1	0.003984
47978	48050	1	0.003984
47978	48052	1	0.003984
47978	48056	1	0.003984
47978	48057	1	0.003984
47978	48064	1	0.003984
47978	48068	1	0.003984
47978	48078	1	0.003984
47978	48095	1	0.003984
47978	48098	1	0.003984
47978	48102	1	0.003984
47978	48104	1	0.003984
47978	48107	1	0.003984
47978	48109	1	0.003984
47978	48114	1	0.003984
47978	48116	1	0.003984
47978	47606	1	0.003984
47978	47608	1	0.003984
47978	47609	1	0.003984
47978	47612	1	0.003984
47981	47752	1	0.016393
47981	48086	2	0.032787
47984	47967	1	0.001613
47985	48237	7	0.225806
47986	48162	5	0.048544
47986	48139	1	0.009709
47986	48237	3	0.029126
47986	48190	5	0.048544
47986	48277	3	0.029126
47987	47905	2	0.285714
47987	48162	2	0.285714
47987	48209	4	0.571429
47987	47882	6	0.857143
47987	47783	2	0.285714
47987	48176	4	0.571429
47987	47729	2	0.285714
47987	48020	2	0.285714
47987	47865	4	0.571429
47987	48106	2	0.285714
47987	48286	4	0.571429
47988	48237	20	0.540541
47989	47882	1	0.000207
47989	48271	33	0.006818
47989	47890	7	0.001446
47989	47762	4584	0.947107
47989	47770	2	0.000413
47989	48286	1	0.000207
47989	47905	2	0.000413
47989	47778	14	0.002893
47989	48059	58	0.011983
47989	48063	1	0.000207
47989	48068	2	0.000413
47989	48200	7	0.001446
47989	48162	4	0.000826
47989	47826	5	0.001033
47989	47715	2	0.000413
47989	47707	6	0.001240
47989	47709	12	0.002479
47989	48225	12	0.002479
47989	48187	4	0.000826
47989	48237	10	0.002066
47989	47730	4560	0.942149
47989	47994	14	0.002893
47991	48209	3	0.048387
47991	47660	4	0.064516
47991	48237	6	0.096774
47992	47905	1	0.003984
47992	48033	1	0.003984
47992	47784	8	0.031873
47992	48237	1	0.003984
47992	47951	4	0.015936
47992	47664	1	0.003984
47992	47729	1	0.003984
47992	48059	1	0.003984
47993	47937	1	0.001495
47993	48162	32	0.047833
47993	48260	1	0.001495
47993	48021	1	0.001495
47993	47783	1	0.001495
47993	47884	1	0.001495
47993	48237	3	0.004484
47993	48142	1	0.001495
47993	47853	1	0.001495
47993	48144	1	0.001495
47993	47921	1	0.001495
47993	47954	1	0.001495
47993	48083	1	0.001495
47993	48270	1	0.001495
47993	47735	1	0.001495
47993	47672	1	0.001495
47993	48091	1	0.001495
47993	48190	4	0.005979
47993	48053	1	0.001495
47994	48225	4	0.005369
47994	47941	1	0.001342
47994	48033	1	0.001342
47994	48138	1	0.001342
47994	47826	694	0.931544
47994	47917	1	0.001342
47994	47730	1	0.001342
47994	47989	691	0.927517
47994	47762	2	0.002685
47994	47707	1	0.001342
47994	47775	2	0.002685
47997	47673	2	0.057143
47997	48190	1	0.028571
47998	47905	2	0.250000
47998	48162	2	0.250000
47998	48209	4	0.500000
47998	47882	6	0.750000
47998	47783	2	0.250000
47998	48176	4	0.500000
47998	47729	2	0.250000
47998	48020	2	0.250000
47998	47865	4	0.500000
47998	47867	2	0.250000
47998	48106	2	0.250000
47998	48286	4	0.500000
47999	48076	2	0.133333
48001	48209	3	0.015075
48003	47709	9	1.000000
48004	47664	1	0.015152
48004	48076	1	0.015152
48004	47660	1	0.015152
48004	47852	1	0.015152
48004	48190	1	0.015152
48005	47920	2	0.006309
48005	47752	1	0.003155
48005	47971	2	0.006309
48006	48176	1	0.041667
48006	48034	1	0.041667
48006	47867	1	0.041667
48006	48071	1	0.041667
48007	48162	1	0.001592
48007	47752	1	0.001592
48007	48209	4	0.006369
48007	48190	2	0.003185
48007	47991	1	0.001592
48007	47672	3	0.004777
48007	47644	1	0.001592
48007	48286	3	0.004777
48007	48277	1	0.001592
48010	48260	1	0.022222
48010	47853	1	0.022222
48013	48095	1	0.025000
48015	48264	2	0.004545
48015	48154	4	0.009091
48015	48237	6	0.013636
48015	47703	885	2.011364
48018	47644	3	0.107143
48021	48131	1	0.007246
48021	47876	1	0.007246
48021	47622	1	0.007246
48021	47882	1	0.007246
48021	48139	1	0.007246
48021	47884	1	0.007246
48021	48142	1	0.007246
48021	48015	1	0.007246
48021	48144	1	0.007246
48021	48150	1	0.007246
48021	48260	1	0.007246
48021	47654	6	0.043478
48021	47921	1	0.007246
48021	47924	1	0.007246
48021	48053	1	0.007246
48021	47673	1	0.007246
48021	47674	1	0.007246
48021	48059	1	0.007246
48021	47937	3	0.021739
48021	47682	1	0.007246
48021	48071	1	0.007246
48021	47688	1	0.007246
48021	47696	3	0.021739
48021	48187	1	0.007246
48021	48083	1	0.007246
48021	48089	1	0.007246
48021	48091	1	0.007246
48021	47709	1	0.007246
48021	48099	1	0.007246
48021	47853	1	0.007246
48021	47735	1	0.007246
48021	48249	1	0.007246
48021	48255	1	0.007246
48022	47752	2	0.004866
48022	47672	1	0.002433
48024	48071	10	0.013423
48024	48076	5	0.006711
48024	47917	14	0.018792
48024	47859	1	0.001342
48024	47805	1687	2.264430
48024	48286	3	0.004027
48025	48162	7	0.042169
48025	48261	2	0.012048
48025	48071	1	0.006024
48025	48237	21	0.126506
48025	48144	1	0.006024
48025	47866	1	0.006024
48025	47867	1	0.006024
48027	47882	1	0.027027
48027	48237	2	0.054054
48028	48237	4	0.173913
48029	48237	1	0.034483
48029	48174	1	0.034483
48033	47712	2	0.001092
48033	47660	22	0.012015
48033	47884	2	0.001092
48033	48237	3	0.001638
48033	48142	15	0.008192
48033	48176	35	0.019115
48033	47954	23	0.012561
48033	48277	1	0.000546
48033	47762	2	0.001092
48033	47672	1	0.000546
48033	47730	4	0.002185
48033	48286	1	0.000546
48034	47818	1	0.003049
48034	47627	1	0.003049
48034	48237	1	0.003049
48034	47700	1	0.003049
48034	48089	1	0.003049
48034	47960	3	0.009146
48034	48249	1	0.003049
48034	48059	3	0.009146
48034	48190	1	0.003049
48036	48064	1	0.003497
48036	48131	1	0.003497
48036	47660	2	0.006993
48036	47884	1	0.003497
48036	48237	4	0.013986
48036	48142	1	0.003497
48036	48144	1	0.003497
48036	47739	1	0.003497
48037	48272	2	0.001047
48037	47971	1	0.000523
48037	47784	1	0.000523
48037	47917	1	0.000523
48037	47630	17	0.008896
48037	47951	1	0.000523
48037	47664	4	0.002093
48037	48209	2	0.001047
48038	47882	3	0.081081
48038	48131	2	0.054054
48038	48162	1	0.027027
48038	48286	1	0.027027
48040	47778	396	66.000000
48040	47989	6	1.000000
48042	47905	2	0.004963
48042	47618	2	0.004963
48042	48229	4	0.009926
48042	48207	4	0.009926
48042	47952	2	0.004963
48042	47891	2	0.004963
48042	48116	2	0.004963
48042	47727	2	0.004963
48042	48153	2	0.004963
48042	48086	2	0.004963
48042	48089	238	0.590571
48042	48059	4	0.009926
48042	47967	2	0.004963
48043	48237	4	0.181818
48044	47952	750	1.609442
48044	48089	9	0.019313
48044	48076	2	0.004292
48044	47823	8	0.017167
48046	47845	2	0.100000
48046	47752	2	0.100000
48046	47852	2	0.100000
48046	48237	7	0.350000
48046	47664	2	0.100000
48046	48200	2	0.100000
48046	47762	2	0.100000
48046	47672	2	0.100000
48047	47648	10	0.200000
48047	48270	2	0.040000
48049	48007	2	0.011364
48049	48272	6	0.034091
48049	48209	6	0.034091
48049	48018	4	0.022727
48049	47672	23	0.130682
48049	48059	2	0.011364
48049	47932	2	0.011364
48049	48190	1	0.005682
48050	48162	1	0.006452
48050	48083	168	1.083871
48050	47700	1	0.006452
48050	48059	2	0.012903
48050	48237	2	0.012903
48052	47905	10	0.007680
48052	48162	1	0.000768
48052	48091	30	0.023041
48052	47617	1	0.000768
48052	47852	2	0.001536
48052	47853	20	0.015361
48052	47956	2571	1.974654
48052	47989	1	0.000768
48052	48086	2	0.001536
48052	47994	1	0.000768
48052	48059	5	0.003840
48052	48190	2	0.001536
48053	47905	30	0.129310
48053	48059	2	0.008621
48053	47981	2	0.008621
48053	47919	3	0.012931
48053	47792	2	0.008621
48053	48182	3	0.012931
48053	47640	2	0.008621
48053	48237	4	0.017241
48053	48221	3	0.012931
48053	47920	3	0.012931
48055	48237	2	0.133333
48056	48162	3	0.111111
48056	48068	3	0.111111
48057	48162	4	0.007286
48057	47780	5	0.009107
48057	48166	8	0.014572
48057	48200	2	0.003643
48057	47882	12	0.021858
48057	48272	13	0.023679
48058	47905	1	0.004739
48058	48059	5	0.023697
48058	48071	1	0.004739
48058	48233	1	0.004739
48058	48237	3	0.014218
48058	48083	1	0.004739
48058	47867	1	0.004739
48058	48286	1	0.004739
48059	47682	1	0.000484
48059	48261	1	0.000484
48059	48071	1	0.000484
48059	48199	1	0.000484
48059	47916	1	0.000484
48059	48237	1902	0.921512
48059	48142	2	0.000969
48059	47730	1	0.000484
48059	47700	1	0.000484
48059	47989	1	0.000484
48059	47867	1	0.000484
48063	48237	2	0.064516
48064	48036	1	0.083333
48064	48086	1	0.083333
48065	47905	3	0.007246
48065	48237	5	0.012077
48065	48270	22	0.053140
48065	47730	1	0.002415
48065	48086	2	0.004831
48065	48190	1	0.002415
48068	48086	24	0.031957
48068	47762	5	0.006658
48068	47882	40	0.053262
48068	47822	8	0.010652
48071	48131	1	0.000347
48071	47622	1	0.000347
48071	48139	1	0.000347
48071	47884	1	0.000347
48071	48270	1	0.000347
48071	47853	1	0.000347
48071	48144	1	0.000347
48071	48021	1	0.000347
48071	48150	1	0.000347
48071	47641	1	0.000347
48071	48286	2	0.000695
48071	47903	1	0.000347
48071	47648	1	0.000347
48071	47905	9	0.003126
48071	48162	3	0.001042
48071	48091	1	0.000347
48071	48036	1	0.000347
48071	47921	1	0.000347
48071	48053	1	0.000347
48071	47673	1	0.000347
48071	47674	1	0.000347
48071	48059	1	0.000347
48071	47805	19	0.006600
48071	47937	1	0.000347
48071	47682	2	0.000695
48071	48199	3	0.001042
48071	47688	1	0.000347
48071	47735	1	0.000347
48071	48034	1	0.000347
48071	47696	1	0.000347
48071	48083	4	0.001389
48071	48142	1	0.000347
48071	48089	4	0.001389
48071	48015	1	0.000347
48071	47837	5	0.001737
48071	48224	1	0.000347
48071	47952	1	0.000347
48071	47902	1	0.000347
48071	48227	4	0.001389
48071	48237	5	0.001737
48071	48247	2	0.000695
48071	47864	1	0.000347
48071	48249	2	0.000695
48071	48250	1	0.000347
48071	47867	7	0.002431
48071	48255	1	0.000347
48073	48237	3	0.214286
48075	47956	2	0.035714
48075	47645	2	0.035714
48076	47762	2	0.000667
48076	48033	4	0.001334
48076	47845	1	0.000333
48076	48176	1	0.000333
48076	48200	3	0.001000
48076	48272	5	0.001667
48076	47783	1	0.000333
48076	47660	1	0.000333
48076	47917	2	0.000667
48076	48270	2	0.000667
48076	47664	11	0.003668
48076	47730	2	0.000667
48076	48083	1	0.000333
48076	48277	25	0.008336
48076	48286	4	0.001334
48076	47672	3	0.001000
48076	48071	2	0.000667
48076	48190	4	0.001334
48077	47729	3	0.107143
48077	47660	1	0.035714
48077	48237	9	0.321429
48077	47905	1	0.035714
48078	48249	12	0.052632
48078	47667	2	0.008772
48079	48071	1	0.014286
48079	47805	101	1.442857
48079	47917	1	0.014286
48081	48264	7	0.002151
48081	47882	29	0.008909
48081	48015	17	0.005223
48081	48272	13	0.003994
48081	47762	2	0.000614
48081	48277	107	0.032873
48081	47896	1	0.000307
48081	47664	16	0.004916
48081	47654	49	0.015054
48081	47784	1	0.000307
48081	47660	15	0.004608
48081	48176	7	0.002151
48081	47672	12	0.003687
48081	48190	30	0.009217
48081	48063	67	0.020584
48081	48033	3	0.000922
48081	48200	2	0.000614
48081	48076	33	0.010138
48081	47696	1	0.000307
48081	48209	73	0.022427
48081	47957	1	0.000307
48081	48086	3	0.000922
48081	47703	1	0.000307
48081	47709	17	0.005223
48081	47971	2	0.000614
48081	47845	6	0.001843
48081	48233	1	0.000307
48081	47730	14	0.004301
48081	47991	55	0.016897
48081	48120	1	0.000307
48081	47867	2	0.000614
48081	48021	12	0.003687
48082	48096	15	0.015658
48082	48134	160	0.167015
48082	47724	450	0.469729
48082	48237	6130	6.398747
48082	48176	2	0.002088
48082	47762	1	0.001044
48082	47709	450	0.469729
48083	48128	8	0.003584
48083	48257	2	0.000896
48083	47659	3	0.001344
48083	47748	1	0.000448
48083	47617	1	0.000448
48083	47882	1	0.000448
48083	48270	2	0.000896
48083	48015	1	0.000448
48083	48277	1	0.000448
48083	48260	7	0.003136
48083	47771	20	0.008961
48083	47902	28	0.012545
48083	48159	1	0.000448
48083	47648	1	0.000448
48083	47905	3	0.001344
48083	48162	4	0.001792
48083	47779	1	0.000448
48083	48199	27	0.012097
48083	47660	23	0.010305
48083	47791	16	0.007168
48083	48050	13	0.005824
48083	48059	3	0.001344
48083	48190	2	0.000896
48083	48063	1	0.000448
48083	47682	2	0.000896
48083	48071	16	0.007168
48083	47952	1	0.000448
48083	47698	1	0.000448
48083	48084	2	0.000896
48083	48089	3	0.001344
48083	48091	1	0.000448
48083	47709	6	0.002688
48083	47853	1	0.000448
48083	48225	1	0.000448
48083	48098	21	0.009409
48083	48233	1	0.000448
48083	47722	1	0.000448
48083	48237	87	0.038978
48083	47730	1	0.000448
48083	47859	1	0.000448
48083	47700	1	0.000448
48083	47867	16	0.007168
48083	48021	2	0.000896
48086	47707	1	0.000215
48086	48260	2	0.000431
48086	48268	1	0.000215
48086	48142	1	0.000215
48086	47981	1	0.000215
48086	48144	2	0.000431
48086	47644	1	0.000215
48086	48162	33	0.007106
48086	47853	2	0.000431
48086	48015	1	0.000215
48086	48038	1	0.000215
48086	47709	1	0.000215
48086	47672	1	0.000215
48086	47674	1	0.000215
48086	48064	2	0.000431
48086	47887	1	0.000215
48086	48221	1	0.000215
48086	47715	1	0.000215
48086	48109	2	0.000431
48086	47982	1	0.000215
48086	47859	1	0.000215
48086	47989	1	0.000215
48086	48120	1	0.000215
48086	47612	1	0.000215
48088	48138	1	0.004464
48088	47612	26	0.116071
48088	47853	3	0.013393
48089	47618	2	0.002421
48089	48249	2	0.002421
48089	48260	2	0.002421
48089	48229	23	0.027845
48089	48071	6	0.007264
48089	48200	2	0.002421
48089	48042	2	0.002421
48089	48044	2	0.002421
48089	48162	2	0.002421
48089	47727	2	0.002421
48089	47952	2	0.002421
48089	48083	2	0.002421
48089	48116	2	0.002421
48089	48086	2	0.002421
48089	47924	2	0.002421
48089	48153	2	0.002421
48089	48207	2	0.002421
48091	47905	4	0.002128
48091	48194	8	0.004255
48091	48195	7	0.003723
48091	47940	4	0.002128
48091	47877	19	0.010106
48091	48071	1	0.000532
48091	47660	2	0.001064
48091	47853	9	0.004787
48091	48237	10	0.005319
48091	47730	1	0.000532
48091	47971	1	0.000532
48091	48052	23	0.012234
48091	47958	3	0.001596
48091	48089	2	0.001064
48091	47709	8	0.004255
48091	48162	6	0.003191
48091	48190	19	0.010106
48091	48034	2	0.001064
48092	48162	24	0.500000
48092	48190	8	0.166667
48094	48237	3	0.136364
48095	47993	1	0.047619
48095	48162	1	0.047619
48095	48255	1	0.047619
48096	48134	160	0.167015
48096	47724	450	0.469729
48096	48237	6122	6.390397
48096	48176	2	0.002088
48096	47762	1	0.001044
48096	47709	450	0.469729
48098	47659	22	0.026895
48098	48083	1247	1.524450
48100	48237	1	0.076923
48101	48059	2	0.050000
48102	48162	1	0.090909
48103	47905	2	0.068966
48103	48162	2	0.068966
48103	48209	4	0.137931
48103	47882	6	0.206897
48103	47783	2	0.068966
48103	48176	4	0.137931
48103	47729	2	0.068966
48103	48020	2	0.068966
48103	47865	4	0.137931
48103	47867	1	0.034483
48103	48106	2	0.068966
48103	48286	5	0.172414
48104	48261	2	0.013072
48104	47622	2	0.013072
48106	47905	160	0.744186
48106	48237	6	0.027907
48106	47729	166	0.772093
48106	47865	160	0.744186
48106	48187	3	0.013953
48106	48124	161	0.748837
48106	47709	1	0.004651
48106	48286	2	0.009302
48107	48208	1	0.008264
48107	48260	3	0.024793
48107	47989	1	0.008264
48107	47807	1	0.008264
48109	48162	9	1.000000
48109	48086	9	1.000000
48109	48118	9	1.000000
48110	47921	28	0.036411
48110	47907	28	0.036411
48110	47709	2	0.002601
48114	47696	1	0.040000
48114	48111	1	0.040000
48115	47762	1	0.025641
48116	48089	1	0.047619
48117	47882	1	0.016949
48117	47748	1	0.016949
48117	48237	39	0.661017
48117	48270	1	0.016949
48118	47681	1	0.015152
48118	48104	1	0.015152
48118	47882	1	0.015152
48118	48109	1	0.015152
48118	47696	7	0.106061
48118	48114	1	0.015152
48118	48148	1	0.015152
48118	48086	11	0.166667
48120	48176	9	0.013043
48120	47752	1	0.001449
48120	48272	3	0.004348
48120	47762	2	0.002899
48120	48277	2	0.002899
48120	48033	4	0.005797
48120	48036	1	0.001449
48120	47662	1	0.001449
48120	47664	4	0.005797
48120	47672	4	0.005797
48120	48190	5	0.007246
48120	48200	1	0.001449
48120	48076	1	0.001449
48120	48081	1	0.001449
48120	47954	1	0.001449
48120	47845	1	0.001449
48120	48209	1	0.001449
48120	47976	9	0.013043
48120	47852	1	0.001449
48120	48237	2	0.002899
48120	47729	2	0.002899
48120	47730	3	0.004348
48120	47988	1	0.001449
48120	47890	1	0.001449
48121	48209	8	0.004065
48121	47839	13	0.006606
48124	47905	60	0.638298
48124	48106	62	0.659574
48124	48237	2	0.021277
48124	47729	60	0.638298
48124	47865	60	0.638298
48124	48059	1	0.010638
48125	47752	1	0.017544
48125	47750	1	0.017544
48125	47919	1	0.017544
48128	47945	83	2.075000
48128	47698	1	0.025000
48128	48083	18	0.450000
48128	47791	4	0.100000
48129	47712	3	0.004431
48129	48033	8	0.011817
48129	48192	1	0.001477
48129	48272	1	0.001477
48129	47917	1	0.001477
48129	48142	5	0.007386
48129	47664	2	0.002954
48129	48209	2	0.002954
48129	47954	8	0.011817
48129	48277	1	0.001477
48129	47762	1	0.001477
48129	47672	1	0.001477
48129	48190	1	0.001477
48130	47853	99	2.106383
48131	47905	5	0.039683
48131	48038	2	0.015873
48131	47882	1	0.007937
48131	48086	1	0.007937
48131	48120	1	0.007937
48131	47737	2	0.015873
48133	47848	7	0.068627
48133	47924	10	0.098039
48134	48096	15	0.015658
48134	47724	450	0.469729
48134	48237	6122	6.390397
48134	48176	2	0.002088
48134	47762	1	0.001044
48134	47709	450	0.469729
48136	47917	12	0.050633
48137	47729	1	0.028571
48137	48237	10	0.285714
48138	47905	1	0.001647
48138	47917	1	0.001647
48138	48071	1	0.001647
48138	47852	3	0.004942
48138	47853	26	0.042834
48138	48174	1	0.001647
48138	48237	1	0.001647
48138	48059	1	0.001647
48139	48162	1	0.002833
48139	48273	2	0.005666
48139	47978	1	0.002833
48139	48237	2	0.005666
48139	48142	3	0.008499
48139	48241	3	0.008499
48139	48117	1	0.002833
48139	47864	2	0.005666
48139	48089	3	0.008499
48139	47644	2	0.005666
48142	47712	15	0.006485
48142	47905	10	0.004323
48142	48162	4	0.001729
48142	47843	3	0.001297
48142	48033	14	0.006053
48142	47884	5	0.002162
48142	47822	8	0.003459
48142	47664	3	0.001297
48142	48187	1	0.000432
48142	47954	4	0.001729
48142	48059	16	0.006917
48142	47709	7	0.003026
48143	47848	654	0.819549
48143	48162	42	0.052632
48143	48213	2	0.002506
48144	48260	1	0.001193
48144	47752	1	0.001193
48144	48142	1	0.001193
48144	47761	4	0.004773
48144	47890	2	0.002387
48144	48276	4	0.004773
48144	48277	1	0.001193
48144	47905	4	0.004773
48144	48162	2	0.002387
48144	47787	2	0.002387
48144	47660	1	0.001193
48144	47929	96	0.114558
48144	47812	3	0.003580
48144	47687	2	0.002387
48144	48200	1	0.001193
48144	48034	1	0.001193
48144	47844	4	0.004773
48144	47845	1	0.001193
48144	47852	1	0.001193
48144	47762	1	0.001193
48144	48120	1	0.001193
48144	47865	1	0.001193
48145	47792	6	0.022059
48145	47917	3	0.011029
48145	47750	6	0.022059
48145	48136	6	0.022059
48145	47981	6	0.022059
48145	48221	8	0.029412
48145	47631	6	0.022059
48145	47888	11	0.040441
48145	48125	6	0.022059
48146	48190	6	0.352941
48147	48059	20	1.000000
48147	47709	2	0.100000
48147	48237	2	0.100000
48150	47609	1	0.006098
48150	48162	1	0.006098
48150	47748	1	0.006098
48150	48174	1	0.006098
48151	48260	24	0.888889
48153	48229	2	0.004545
48153	48200	2	0.004545
48153	48138	2	0.004545
48153	47723	1	0.002273
48153	48272	2	0.004545
48153	48089	10	0.022727
48154	48015	4	0.008909
48155	47905	5	0.001022
48155	47902	11	0.002248
48155	47867	36	0.007356
48155	47748	10	0.002043
48155	48071	253	0.051696
48155	47912	28	0.005721
48155	47882	20	0.004087
48155	48199	15	0.003065
48155	48237	225	0.045975
48155	48286	5	0.001022
48155	47709	36	0.007356
48155	48059	47	0.009604
48155	47729	5	0.001022
48155	48083	80	0.016347
48155	48277	10	0.002043
48155	47799	10	0.002043
48155	47611	6	0.001226
48155	47805	1154	0.235799
48155	48190	22	0.004495
48155	48063	5	0.001022
48156	47745	1	0.142857
48156	48237	7	1.000000
48157	48237	7	0.114754
48158	47674	1	0.015873
48159	47882	4	0.000848
48159	48270	6	0.001271
48159	47725	2	0.000424
48159	48277	6	0.001271
48159	47639	2	0.000424
48159	47771	5	0.001060
48159	47902	22982	4.870100
48159	48162	4	0.000848
48159	47659	857	0.181606
48159	47660	1	0.000212
48159	47917	5	0.001060
48159	48059	8	0.001695
48159	48190	5	0.001060
48159	47935	4	0.000848
48159	48194	1	0.000212
48159	48071	12	0.002543
48159	48076	7	0.001483
48159	48209	2	0.000424
48159	48083	96	0.020343
48159	47828	2	0.000424
48159	47709	21	0.004450
48159	48237	1	0.000212
48159	47989	1	0.000212
48159	47867	29	0.006145
48161	48086	1	0.030303
48162	48199	1	0.000695
48162	47720	1	0.000695
48162	47882	2	0.001390
48162	48272	1	0.000695
48162	47921	3	0.002085
48162	47730	1	0.000695
48162	48020	1	0.000695
48162	48086	3	0.002085
48162	47672	1	0.000695
48162	47993	1	0.000695
48162	47866	1	0.000695
48162	48091	2	0.001390
48162	48190	48	0.033356
48163	47722	1	0.001835
48163	48162	13	0.023853
48163	48260	55	0.100917
48163	47882	14	0.025688
48164	47905	5	0.011628
48164	47779	1	0.002326
48164	47845	1	0.002326
48164	48071	1	0.002326
48164	47882	3	0.006977
48164	48076	1	0.002326
48164	48237	3	0.006977
48164	48083	78	0.181395
48164	48084	2	0.004651
48164	48277	3	0.006977
48166	48162	1	0.001504
48166	48200	1	0.001504
48166	47882	1	0.001504
48166	48272	2	0.003008
48166	48277	1	0.001504
48166	47832	954	1.434586
48168	47917	4	0.009804
48169	48237	6	0.333333
48171	47650	216	1.000000
48171	48162	1	0.004630
48172	48249	6	0.150000
48174	47905	33	0.868421
48174	48277	33	0.868421
48174	48086	1	0.026316
48174	48237	1	0.026316
48175	48038	2	0.003697
48176	48192	3	0.001723
48176	47664	20	0.011488
48176	47971	2	0.001149
48176	47845	2	0.001149
48176	48209	2	0.001149
48176	48033	16	0.009190
48176	47752	1	0.000574
48176	48076	1	0.000574
48176	47852	2	0.001149
48176	47762	1	0.000574
48176	47662	1	0.000574
48176	48237	8	0.004595
48176	48272	23	0.013211
48176	48120	1	0.000574
48176	47954	2	0.001149
48176	48277	13	0.007467
48176	47672	18	0.010339
48176	47730	2	0.001149
48176	47709	1	0.000574
48176	48190	1738	0.998277
48176	47957	1	0.000574
48180	48209	1	0.001046
48180	48083	1	0.001046
48180	47659	1	0.001046
48180	47917	2	0.002092
48183	47709	12	1.000000
48183	48286	21	1.750000
48186	47618	1	0.006369
48186	47747	1	0.006369
48186	48261	1	0.006369
48186	48109	1	0.006369
48186	47761	1	0.006369
48186	47894	1	0.006369
48186	48153	1	0.006369
48186	47902	1	0.006369
48186	47648	1	0.006369
48186	47905	1	0.006369
48186	47907	1	0.006369
48186	48241	1	0.006369
48186	48042	1	0.006369
48186	48171	1	0.006369
48186	48044	1	0.006369
48186	47792	1	0.006369
48186	47943	1	0.006369
48186	48052	1	0.006369
48186	47800	1	0.006369
48186	47674	5	0.031847
48186	48064	1	0.006369
48186	48068	1	0.006369
48186	48246	1	0.006369
48186	47687	1	0.006369
48186	47952	1	0.006369
48186	47700	1	0.006369
48186	48221	1	0.006369
48186	48229	1	0.006369
48186	47720	1	0.006369
48186	48237	27	0.171975
48186	47729	1	0.006369
48186	47989	1	0.006369
48186	47862	1	0.006369
48186	47609	1	0.006369
48186	47742	1	0.006369
48186	47920	1	0.006369
48187	47617	1	0.052632
48187	47971	19	1.000000
48187	47882	100	5.263158
48187	48176	3	0.157895
48187	47891	1	0.052632
48187	47865	6	0.315789
48187	47709	5	0.263158
48187	48286	5	0.263158
48188	48048	1	0.004739
48188	47752	2	0.009479
48188	48272	1	0.004739
48188	47664	1	0.004739
48188	48033	1	0.004739
48190	48260	2	0.000121
48190	47958	1	0.000060
48190	47752	6	0.000362
48190	47882	8	0.000483
48190	47755	1	0.000060
48190	47630	1	0.000060
48190	48237	196	0.011831
48190	48272	3	0.000181
48190	47762	9	0.000543
48190	48277	18	0.001086
48190	48150	2	0.000121
48190	47641	1	0.000060
48190	47900	1	0.000060
48190	48033	5	0.000302
48190	48162	17	0.001026
48190	47853	2	0.000121
48190	47660	9	0.000543
48190	47662	5	0.000302
48190	48176	118	0.007123
48190	47921	1	0.000060
48190	48179	1	0.000060
48190	48052	27	0.001630
48190	48053	1	0.000060
48190	47672	19	0.001147
48190	47924	2	0.000121
48190	48188	1	0.000060
48190	48192	2232	0.134726
48190	48194	105	0.006338
48190	48195	1	0.000060
48190	47684	2	0.000121
48190	48225	1	0.000060
48190	48200	8	0.000483
48190	48076	18	0.001086
48190	47778	5	0.000302
48190	47823	1	0.000060
48190	48209	18	0.001086
48190	47954	9	0.000543
48190	48213	1	0.000060
48190	48086	7	0.000423
48190	48089	1	0.000060
48190	48091	18	0.001086
48190	47709	7	0.000423
48190	48094	1	0.000060
48190	48034	4	0.000241
48190	48144	3	0.000181
48190	47971	12	0.000724
48190	47845	7	0.000423
48190	48081	2	0.000121
48190	48233	1	0.000060
48190	47723	1	0.000060
48190	47852	18	0.001086
48190	47890	3	0.000181
48190	47730	3	0.000181
48190	47989	2	0.000121
48190	47664	3	0.000181
48190	48120	7	0.000423
48190	48249	1	0.000060
48190	47995	1	0.000060
48190	47613	2	0.000121
48190	47742	1	0.000060
48190	47957	3	0.000181
48192	48261	1	0.001200
48192	47848	3	0.003601
48192	47882	1	0.001200
48192	47629	1	0.001200
48192	48176	10	0.012005
48192	48209	3	0.003601
48192	47924	4	0.004802
48192	48286	3	0.003601
48192	48086	1	0.001200
48192	47735	1	0.001200
48192	47672	1	0.001200
48192	47709	1	0.001200
48192	48190	5024	6.031212
48193	48237	170	1.049383
48194	48195	2	0.000168
48194	47882	3	0.000251
48194	47852	1	0.000084
48194	47853	1	0.000084
48194	48237	2	0.000168
48194	47762	1	0.000084
48194	48052	1	0.000084
48194	48277	2	0.000168
48194	47958	106	0.008879
48194	48091	93	0.007790
48194	47709	1	0.000084
48194	48190	26	0.002178
48197	47664	2	0.028169
48197	48162	3	0.042254
48197	48033	2	0.028169
48197	48237	2	0.028169
48197	48272	2	0.028169
48197	47730	5	0.070423
48197	48176	2	0.028169
48197	48277	2	0.028169
48197	48086	9	0.126761
48197	47672	2	0.028169
48199	47905	9	0.012064
48199	48162	4	0.005362
48199	47771	1	0.001340
48199	47623	4670	6.260054
48199	47659	466	0.624665
48199	48083	77	0.103217
48199	47867	9	0.012064
48199	47709	3	0.004021
48200	47664	6	0.007463
48200	48229	1	0.001244
48200	47882	3	0.003731
48200	48286	1	0.001244
48200	48272	3	0.003731
48200	48277	5	0.006219
48200	47709	2	0.002488
48200	48190	2	0.002488
48207	47952	1	0.020408
48207	48089	2	0.040816
48207	48042	1	0.020408
48207	48116	1	0.020408
48207	48229	1	0.020408
48208	48260	324	0.631579
48208	48200	2	0.003899
48208	47882	2	0.003899
48208	47853	316	0.615984
48208	48151	3	0.005848
48208	47709	1	0.001949
48208	48286	4	0.007797
48209	48176	22	0.107843
48209	47752	1	0.004902
48209	48272	2	0.009804
48209	47762	1	0.004902
48209	48277	2	0.009804
48209	48033	2	0.009804
48209	47660	1	0.004902
48209	47662	1	0.004902
48209	47664	2	0.009804
48209	47672	2	0.009804
48209	48190	3	0.014706
48209	48192	1	0.004902
48209	48200	1	0.004902
48209	48076	1	0.004902
48209	47954	1	0.004902
48209	47709	1	0.004902
48209	47845	1	0.004902
48209	48233	1	0.004902
48209	47852	1	0.004902
48209	48237	27	0.132353
48209	47730	2	0.009804
48209	48120	1	0.004902
48209	47890	1	0.004902
48212	47905	3	0.107143
48212	48162	3	0.107143
48212	47748	4	0.142857
48212	48209	6	0.214286
48212	47882	9	0.321429
48212	47783	3	0.107143
48212	48237	1	0.035714
48212	48176	6	0.214286
48212	47729	3	0.107143
48212	48020	3	0.107143
48212	47865	6	0.214286
48212	48106	3	0.107143
48212	48286	6	0.214286
48214	47954	1	0.000203
48214	47709	1	0.000203
48217	47989	1	0.050000
48217	47982	1	0.050000
48218	48224	28	0.903226
48218	47747	28	0.903226
48218	48007	26	0.838710
48218	48237	2	0.064516
48218	47971	2	0.064516
48218	48286	2	0.064516
48219	47865	4	0.181818
48219	48059	2	0.090909
48219	47845	1	0.045455
48219	48237	8	0.363636
48219	48209	1	0.045455
48221	48128	1	0.001969
48221	47905	2	0.003937
48221	47750	16	0.031496
48221	47752	5	0.009843
48221	47882	2	0.003937
48221	48237	1	0.001969
48221	48053	8	0.015748
48221	47672	2	0.003937
48221	47709	1	0.001969
48222	47976	206	0.511166
48224	48280	1	0.008850
48224	47672	1	0.008850
48224	47747	1	0.008850
48224	48251	1	0.008850
48225	48260	1	0.000943
48225	47882	2	0.001887
48225	48271	1	0.000943
48225	47762	7	0.006604
48225	47598	1	0.000943
48225	47770	5	0.004717
48225	47775	1	0.000943
48225	47905	1	0.000943
48225	48162	2	0.001887
48225	48056	4	0.003774
48225	48059	8	0.007547
48225	47804	1	0.000943
48225	48068	5	0.004717
48225	47941	4	0.003774
48225	48071	6	0.005660
48225	47821	4	0.003774
48225	47822	1	0.000943
48225	47828	1	0.000943
48225	48086	1	0.000943
48225	47778	1	0.000943
48225	48217	1	0.000943
48225	47707	4	0.003774
48225	47715	6	0.005660
48225	48234	2	0.001887
48225	48237	3	0.002830
48225	47982	5	0.004717
48225	47730	5	0.004717
48225	47989	34	0.032075
48225	47994	2	0.001887
48226	48162	3	0.500000
48227	48162	2	0.003344
48227	48071	11	0.018395
48227	47805	6	0.010033
48227	48086	2	0.003344
48227	47641	2	0.003344
48227	48250	2	0.003344
48227	47837	6	0.010033
48228	47917	3	0.010526
48229	47748	1	0.001543
48229	48200	2	0.003086
48229	48237	1	0.001543
48229	47952	1	0.001543
48229	47665	1	0.001543
48229	48089	7	0.010802
48229	47967	14	0.021605
48230	48272	2	0.001031
48230	47971	3	0.001546
48230	47784	1	0.000515
48230	47917	1	0.000515
48230	47630	19	0.009794
48230	47951	1	0.000515
48230	47664	4	0.002062
48230	48209	2	0.001031
48232	48154	3	0.083333
48232	48237	7	0.194444
48233	47664	4	0.006070
48233	48209	2	0.003035
48233	48083	1	0.001517
48233	48180	1	0.001517
48233	48277	5	0.007587
48233	47991	2	0.003035
48233	48190	4	0.006070
48235	47917	12	0.041958
48237	48096	15	0.015609
48237	48134	160	0.166493
48237	47724	453	0.471384
48237	48176	2	0.002081
48237	47762	1	0.001041
48237	47709	453	0.471384
48239	48096	2	0.006006
48239	47905	2	0.006006
48239	48237	8	0.024024
48239	48134	2	0.006006
48240	48134	2	0.001327
48240	48272	1	0.000664
48240	48277	2	0.001327
48240	48286	1	0.000664
48240	47664	4651	3.086264
48240	47784	3	0.001991
48240	47660	5	0.003318
48240	48176	53	0.035169
48240	47672	3	0.001991
48240	48190	2	0.001327
48240	48033	1	0.000664
48240	48199	1	0.000664
48240	48200	4	0.002654
48240	48076	2	0.001327
48240	48209	1	0.000664
48240	48083	1	0.000664
48240	47709	1	0.000664
48240	47971	1	0.000664
48240	47845	1	0.000664
48240	47852	1	0.000664
48240	48237	1	0.000664
48240	47992	3	0.001991
48241	48162	4	0.001838
48241	47724	3	0.001379
48241	48139	43	0.019761
48241	47756	2	0.000919
48241	48237	30	0.013787
48241	47664	2	0.000919
48241	47861	71	0.032629
48241	48086	7	0.003217
48241	47609	1	0.000460
48241	47672	75	0.034467
48241	47865	1	0.000460
48241	47867	1	0.000460
48241	47644	2	0.000919
48241	47709	1	0.000460
48241	47989	1	0.000460
48242	48033	1	0.017544
48242	48176	1	0.017544
48242	47852	1	0.017544
48242	47762	1	0.017544
48242	48272	1	0.017544
48242	48209	2	0.035088
48242	47730	1	0.017544
48242	48277	1	0.017544
48242	47664	1	0.017544
48242	47672	1	0.017544
48243	48293	2	0.023529
48243	47902	1	0.011765
48246	48249	2	0.133333
48247	48071	3	0.136364
48249	48131	1	0.001637
48249	48260	1	0.001637
48249	47622	1	0.001637
48249	47882	4	0.006547
48249	48139	1	0.001637
48249	47628	1	0.001637
48249	48142	1	0.001637
48249	48015	1	0.001637
48249	48144	1	0.001637
48249	48277	2	0.003273
48249	48150	1	0.001637
48249	47905	6	0.009820
48249	48162	3	0.004910
48249	48036	1	0.001637
48249	48172	6	0.009820
48249	47662	1	0.001637
48249	47921	1	0.001637
48249	47667	6	0.009820
48249	48053	1	0.001637
48249	47673	1	0.001637
48249	47674	1	0.001637
48249	48059	8	0.013093
48249	47937	1	0.001637
48249	47682	1	0.001637
48249	48246	8	0.013093
48249	47884	1	0.001637
48249	48071	1	0.001637
48249	47688	1	0.001637
48249	48268	4	0.006547
48249	47819	40	0.065466
48249	48034	1	0.001637
48249	48078	3	0.004910
48249	47696	1	0.001637
48249	47825	3	0.004910
48249	48270	1	0.001637
48249	48021	1	0.001637
48249	48089	1	0.001637
48249	48091	1	0.001637
48249	48224	1	0.001637
48249	48225	1	0.001637
48249	47853	1	0.001637
48249	48118	1	0.001637
48249	47735	1	0.001637
48249	47864	1	0.001637
48249	48255	1	0.001637
48250	47641	47	0.293750
48250	47682	2	0.012500
48251	48224	6	0.082192
48251	47747	1	0.013699
48251	48237	2	0.027397
48253	48162	12	0.028504
48255	48171	34	0.333333
48255	48053	2	0.019608
48255	48095	34	0.333333
48257	47709	15	1.000000
48259	48086	2	0.166667
48259	47800	10	0.833333
48259	48162	1	0.083333
48259	47674	17	1.416667
48259	47742	182	15.166667
48260	47617	36	0.009618
48260	48014	8	0.002137
48260	47853	5	0.001336
48260	48272	3	0.000801
48260	48020	25	0.006679
48260	48151	9	0.002404
48260	47905	22	0.005878
48260	48162	10	0.002672
48260	47651	21	0.005610
48260	47783	2	0.000534
48260	47660	1	0.000267
48260	47924	5	0.001336
48260	48163	12	0.003206
48260	48059	52	0.013893
48260	47807	9	0.002404
48260	48071	2	0.000534
48260	48200	11	0.002939
48260	48208	14	0.003740
48260	48083	11	0.002939
48260	48089	11	0.002939
48260	47709	3	0.000801
48260	47710	2	0.000534
48260	48228	2	0.000534
48260	47722	20	0.005343
48260	48237	20	0.005343
48260	47984	2	0.000534
48260	47608	9	0.002404
48261	48192	2	0.000971
48261	47905	2	0.000971
48261	48162	1	0.000486
48261	47716	2	0.000971
48261	47848	1	0.000486
48261	47882	4	0.001943
48261	48237	3	0.001457
48261	47924	25	0.012142
48261	48213	3	0.001457
48261	48059	1	0.000486
48264	47905	1	0.000873
48264	48015	2	0.001745
48267	47905	2	0.095238
48267	48162	2	0.095238
48267	48209	4	0.190476
48267	47882	7	0.333333
48267	47783	2	0.095238
48267	48176	4	0.190476
48267	47729	2	0.095238
48267	47762	4	0.190476
48267	48020	2	0.095238
48267	48277	2	0.095238
48267	47865	4	0.190476
48267	48106	2	0.095238
48267	48286	4	0.190476
48268	47905	15	0.111940
48268	48162	135	1.007463
48268	47867	1	0.007463
48268	47724	2	0.014925
48268	48106	1	0.007463
48268	47756	1	0.007463
48268	48237	30	0.223881
48268	47664	2	0.014925
48268	47729	1	0.007463
48268	47989	1	0.007463
48268	47865	2	0.014925
48268	48249	19	0.141791
48268	48091	1	0.007463
48268	48124	1	0.007463
48268	47709	2	0.014925
48268	47628	51	0.380597
48269	48062	2	0.010050
48270	47872	1	0.000039
48270	47748	1	0.000039
48270	47882	5	0.000196
48270	48015	2	0.000078
48270	47762	1	0.000039
48270	48277	16	0.000626
48270	47661	1	0.000039
48270	47902	4	0.000156
48270	47725	1	0.000039
48270	47648	35	0.001369
48270	48033	3	0.000117
48270	48162	2	0.000078
48270	48199	1	0.000039
48270	47660	6	0.000235
48270	47917	94	0.003677
48270	48047	13	0.000509
48270	48286	3	0.000117
48270	47670	9	0.000352
48270	48058	1	0.000039
48270	48059	2	0.000078
48270	48190	3	0.000117
48270	48063	2	0.000078
48270	47682	7	0.000274
48270	48071	24	0.000939
48270	48076	7	0.000274
48270	48209	1	0.000039
48270	47954	2	0.000078
48270	48083	15	0.000587
48270	47700	3	0.000117
48270	48089	2	0.000078
48270	47709	6	0.000235
48270	47971	1	0.000039
48270	47845	5	0.000196
48270	48106	1	0.000039
48270	48237	48	0.001878
48270	47604	1	0.000039
48270	47989	1	0.000039
48270	47867	412	0.016118
48270	47869	5	0.000196
48271	47882	1	0.000212
48271	47762	4534	0.959780
48271	47770	2	0.000423
48271	48286	1	0.000212
48271	47905	2	0.000423
48271	47778	93	0.019687
48271	47709	12	0.002540
48271	48059	58	0.012278
48271	48063	1	0.000212
48271	48068	2	0.000423
48271	48200	7	0.001482
48271	48162	4	0.000847
48271	47826	4	0.000847
48271	47715	2	0.000423
48271	47707	6	0.001270
48271	47994	13	0.002752
48271	48225	12	0.002540
48271	48187	4	0.000847
48271	48237	10	0.002117
48271	47730	4511	0.954911
48271	47989	5436	1.150720
48271	47890	7	0.001482
48272	48240	1	0.000365
48272	48194	1	0.000365
48272	48162	3	0.001094
48272	47780	5	0.001823
48272	47617	3	0.001094
48272	47660	3	0.001094
48272	47917	1	0.000365
48272	48176	214	0.078017
48272	48209	1	0.000365
48272	48033	5	0.001823
48272	47989	1	0.000365
48272	47716	1	0.000365
48272	47664	4	0.001458
48272	47672	2	0.000729
48272	48057	9	0.003281
48272	47804	1	0.000365
48272	47709	4	0.001458
48272	48190	45	0.016405
48272	48277	3	0.001094
48274	47937	2	0.014388
48274	48261	1	0.007194
48274	47692	1	0.007194
48274	47629	1	0.007194
48274	47924	1	0.007194
48274	47735	1	0.007194
48274	48020	1	0.007194
48276	48144	1	0.035714
48277	47872	18	0.000568
48277	48260	2	0.000063
48277	47752	1	0.000032
48277	47882	2	0.000063
48277	48194	1	0.000032
48277	48270	2	0.000063
48277	48144	2	0.000063
48277	47762	2	0.000063
48277	47638	1	0.000032
48277	48155	2	0.000063
48277	47902	1	0.000032
48277	47664	5	0.000158
48277	48162	3	0.000095
48277	47651	1	0.000032
48277	48295	1	0.000032
48277	48042	1	0.000032
48277	47687	1	0.000032
48277	47660	56	0.001767
48277	47917	13	0.000410
48277	48176	37	0.001168
48277	48053	1	0.000032
48277	47672	4	0.000126
48277	48059	8	0.000252
48277	48138	1	0.000032
48277	48190	23	0.000726
48277	47682	1	0.000032
48277	48071	6	0.000189
48277	48200	2	0.000063
48277	48076	20	0.000631
48277	48209	7	0.000221
48277	47954	1	0.000032
48277	48083	9	0.000284
48277	48142	4	0.000126
48277	48086	2	0.000063
48277	48089	5	0.000158
48277	48091	10	0.000316
48277	47709	2	0.000063
48277	48272	5	0.000158
48277	47971	4	0.000126
48277	47845	11	0.000347
48277	47720	1	0.000032
48277	48233	5	0.000158
48277	47722	1	0.000032
48277	47852	2	0.000063
48277	48237	2	0.000063
48277	47730	16	0.000505
48277	47859	2	0.000063
48277	47989	2	0.000063
48277	47866	1	0.000032
48277	47867	51	0.001610
48277	47869	1	0.000032
48279	48237	4	0.173913
48280	48224	2	0.083333
48280	48086	1	0.041667
48281	48176	8	4.000000
48281	48190	8	4.000000
48284	48033	3	0.023077
48284	48209	42	0.323077
48284	48200	3	0.023077
48284	48120	3	0.023077
48284	47672	3	0.023077
48284	48190	3	0.023077
48286	47745	1	0.002288
48286	48007	2	0.004577
48286	47752	2	0.004577
48286	47882	14	0.032037
48286	48237	2	0.004577
48286	47762	7	0.016018
48286	48277	34	0.077803
48286	47902	1	0.002288
48286	48176	2	0.004577
48286	48162	1	0.002288
48286	47660	1	0.002288
48286	47662	2	0.004577
48286	47664	3	0.006865
48286	47672	1	0.002288
48286	48190	5	0.011442
48286	48033	5	0.011442
48286	48200	2	0.004577
48286	48076	20	0.045767
48286	48209	2	0.004577
48286	47954	85	0.194508
48286	48083	1	0.002288
48286	47709	19	0.043478
48286	47845	7	0.016018
48286	48233	4	0.009153
48286	47852	5	0.011442
48286	47890	2	0.004577
48286	47729	1	0.002288
48286	48120	2	0.004577
48286	47867	2	0.004577
48287	47976	4	0.105263
48287	48036	3	0.078947
48287	47709	1	0.026316
48288	48237	2	0.117647
48288	48286	23	1.352941
48288	48277	1	0.058824
48289	47682	3	0.096774
48293	48243	27	0.306818
48293	47902	1	0.011364
48294	47905	2	0.100000
48294	47835	2	0.100000
48294	48059	5	0.250000
48294	48237	41	2.050000
48294	47865	4	0.200000
48295	47617	7	2.333333
48295	48020	3	1.000000
48295	48237	3	1.000000
