Src	Trg	LinkCount	RelLinkCount
50177	50201	2	0.028571
50178	50098	1	0.083333
50181	50201	2	0.083333
50181	50039	4	0.166667
50182	49998	14	2.333333
50183	50201	69	1.045455
50184	50201	2	0.064516
50184	50039	4	0.129032
50185	49905	1	0.100000
50185	50107	4	0.400000
50187	50040	6	0.013393
50187	50018	1	0.002232
50187	50109	3	0.006696
50188	50112	12	0.923077
50188	49998	39	3.000000
50190	50201	2	0.009804
50190	50018	2	0.009804
50190	49915	1	0.004902
50190	50070	1	0.004902
50190	49998	1	0.004902
50192	49930	21	0.002159
50192	49937	2	0.000206
50192	50131	19	0.001954
50192	50014	5	0.000514
50192	50070	66	0.006786
50192	50039	35	0.003599
50192	50201	400	0.041127
50192	50107	8	0.000823
50192	49820	10	0.001028
50192	50174	5	0.000514
50193	50201	2	0.009804
50193	50018	2	0.009804
50193	49915	1	0.004902
50193	50070	1	0.004902
50193	49998	1	0.004902
50194	50120	2	1.000000
50194	50174	2	1.000000
50196	50017	1	0.004630
50196	50146	4	0.018519
50196	50116	17	0.078704
50196	49899	1	0.004630
50196	50162	2	0.009259
50196	49998	4	0.018519
50196	49842	1	0.004630
50196	49908	1	0.004630
50196	50199	3	0.013889
50196	49828	1	0.004630
50196	50202	2	0.009259
50196	50107	4	0.018519
50196	49823	1	0.004630
50197	49833	5	1.250000
50198	50050	89	0.135464
50198	49963	11	0.016743
50198	49956	5	0.007610
50198	49957	44	0.066971
50198	49847	1	0.001522
50198	49998	6	0.009132
50198	49967	55	0.083714
50198	50201	2	0.003044
50198	49905	16	0.024353
50198	50196	2	0.003044
50198	50014	1	0.001522
50198	49942	7	0.010654
50198	50039	147	0.223744
50198	49945	2	0.003044
50198	49850	1	0.001522
50198	50107	36	0.054795
50198	50108	165	0.251142
50198	50070	4	0.006088
50198	50174	2	0.003044
50198	50143	4	0.006088
50199	49841	4	0.148148
50199	50107	18	0.666667
50199	50039	3	0.111111
50200	50049	1	0.000197
50200	49930	3	0.000592
50200	49933	1	0.000197
50200	50070	4	0.000790
50200	49946	3	0.000592
50200	49820	3	0.000592
50200	49828	1	0.000197
50200	49830	2	0.000395
50200	49906	4953	0.977694
50200	49841	16	0.003158
50200	49970	1	0.000197
50200	49843	9	0.001777
50200	49847	1	0.000197
50200	49849	3	0.000592
50200	49850	1	0.000197
50200	50107	3	0.000592
50200	50122	1	0.000197
50200	49989	1	0.000197
50200	49866	4	0.000790
50200	49996	7	0.001382
50200	49873	1	0.000197
50200	50139	2	0.000395
50200	50017	1	0.000197
50200	50018	1	0.000197
50200	49851	1	0.000197
50200	50150	1	0.000197
50200	50153	44	0.008685
50200	49899	2	0.000395
50200	50109	9	0.001777
50200	50162	1	0.000197
50200	50165	1	0.000197
50200	49842	2	0.000395
50200	50040	17	0.003356
50200	50174	1	0.000197
50201	50049	2	0.001524
50201	49946	3	0.002287
50201	49921	2	0.001524
50201	49931	2	0.001524
50201	49933	3	0.002287
50201	49935	3	0.002287
50201	50192	1	0.000762
50201	50222	1	0.000762
50201	50070	12	0.009146
50201	49943	1	0.000762
50201	50202	7	0.005335
50201	49820	7	0.005335
50201	49818	1	0.000762
50201	49954	3	0.002287
50201	49827	1	0.000762
50201	49826	3	0.002287
50201	49829	1	0.000762
50201	49830	3	0.002287
50201	50215	1	0.000762
50201	49832	3	0.002287
50201	49833	1	0.000762
50201	49834	1	0.000762
50201	49963	2	0.001524
50201	50220	3	0.002287
50201	50221	1	0.000762
50201	50094	6	0.004573
50201	49967	3	0.002287
50201	49969	1	0.000762
50201	49842	3	0.002287
50201	49908	3	0.002287
50201	49848	5	0.003811
50201	49849	3	0.002287
50201	49850	1	0.000762
50201	50107	26	0.019817
50201	50108	4	0.003049
50201	50115	3	0.002287
50201	49866	2	0.001524
50201	49997	1	0.000762
50201	50126	1	0.000762
50201	49871	9	0.006860
50201	49872	3	0.002287
50201	50131	7	0.005335
50201	50004	17	0.012957
50201	50135	3	0.002287
50201	50139	3	0.002287
50201	50013	4	0.003049
50201	50085	1	0.000762
50201	50021	1	0.000762
50201	50150	3	0.002287
50201	50153	3	0.002287
50201	49899	3	0.002287
50201	50059	5	0.003811
50201	50032	4	0.003049
50201	49905	9	0.006860
50201	50036	1	0.000762
50201	50166	3	0.002287
50201	50039	6	0.004573
50201	49918	1	0.000762
50201	49941	3	0.002287
50202	50120	12	1.000000
50202	49850	2	0.166667
50202	49926	17	1.416667
50202	49998	36	3.000000
50206	49830	2	0.020000
50206	49998	1	0.010000
50206	50226	1	0.010000
50206	50222	1	0.010000
50206	50039	1	0.010000
50206	50200	1	0.010000
50206	49850	5	0.050000
50206	50107	1	0.010000
50207	49848	3	0.157895
50207	50220	1	0.052632
50207	49949	1	0.052632
50215	50094	2	0.057143
50215	49905	8	0.228571
50215	49945	2	0.057143
50215	50201	3	0.085714
50215	50107	1	0.028571
50215	49820	1	0.028571
50221	50174	5	1.666667
50221	49998	6	2.000000
50222	49984	2	0.003367
50222	49830	1	0.001684
50222	49992	1	0.001684
50222	50121	620	1.043771
50222	50227	2	0.003367
50222	50201	65	0.109428
50222	50107	141	0.237374
50222	49820	1	0.001684
50222	50206	1	0.001684
50224	50153	1	0.006579
50224	49994	4	0.026316
50224	49837	4	0.026316
50224	49874	7	0.046053
50224	50039	2	0.013158
50224	50200	1	0.006579
50224	50201	2	0.013158
50224	50107	6	0.039474
50224	50078	155	1.019737
50226	50107	1	0.025641
50226	49832	1	0.025641
50226	49866	1	0.025641
50226	49899	1	0.025641
50226	49996	1	0.025641
50226	50162	3	0.076923
50226	50139	1	0.025641
50227	50121	26	4.333333
50227	50222	4	0.666667
49818	50201	2	0.000200
49818	50108	1	0.000100
49818	50013	1	0.000100
49818	50070	1	0.000100
49818	50165	1	0.000100
49819	49827	9479	23.462871
49819	49932	4	0.009901
49819	49963	2	0.004950
49819	50028	410	1.014851
49819	49935	2	0.004950
49819	50162	2	0.004950
49819	50131	6	0.014851
49819	50037	410	1.014851
49819	50039	10	0.024752
49819	50201	14	0.034653
49819	50108	11	0.027228
49820	50051	2	0.001140
49820	49926	1	0.000570
49820	50022	2	0.001140
49820	49931	1	0.000570
49820	49963	1	0.000570
49820	50095	1	0.000570
49820	50007	1	0.000570
49820	49945	2	0.001140
49820	49998	15	0.008547
49820	49853	4	0.002279
49820	49841	4	0.002279
49820	50094	41	0.023362
49820	50070	22	0.012536
49820	50039	24	0.013675
49820	50200	4	0.002279
49820	50201	41	0.023362
49820	49850	18	0.010256
49820	49871	3	0.001709
49820	50172	1	0.000570
49820	50202	9	0.005128
49820	49909	5	0.002849
49821	49825	1	0.041667
49821	50018	1	0.041667
49821	49892	1	0.041667
49821	49985	1	0.041667
49821	50064	1	0.041667
49821	50169	1	0.041667
49822	50078	130	0.610329
49822	50039	1	0.004695
49823	50049	1	0.033333
49823	49921	1	0.033333
49823	50185	2	0.066667
49823	50059	1	0.033333
49823	49933	1	0.033333
49823	49941	1	0.033333
49823	49946	1	0.033333
49823	49954	1	0.033333
49823	49830	1	0.033333
49823	49832	1	0.033333
49823	49842	1	0.033333
49823	49849	1	0.033333
49823	49851	1	0.033333
49823	49866	1	0.033333
49823	49826	1	0.033333
49823	49998	39	1.300000
49823	49869	1	0.033333
49823	49872	1	0.033333
49823	50135	1	0.033333
49823	49880	1	0.033333
49823	50013	1	0.033333
49823	49895	1	0.033333
49823	50153	4	0.133333
49823	49899	1	0.033333
49823	49908	1	0.033333
49823	50166	3	0.100000
49825	49841	2	0.007519
49825	49992	4	0.015038
49825	50119	2	0.007519
49825	50125	2	0.007519
49825	49905	2	0.007519
49825	50162	2	0.007519
49825	49945	2	0.007519
49825	50200	2	0.007519
49825	50201	2	0.007519
49825	49850	2	0.007519
49825	50107	2	0.007519
49825	49918	2	0.007519
49826	50107	8	0.044199
49826	50116	1	0.005525
49826	50149	4	0.022099
49826	49841	2	0.011050
49826	50039	6	0.033149
49826	50125	1	0.005525
49826	49998	3	0.016575
49826	50095	1	0.005525
49826	49905	1	0.005525
49826	49939	1	0.005525
49826	49956	1	0.005525
49826	49975	1	0.005525
49826	50200	1	0.005525
49826	49828	3	0.016575
49826	49947	7	0.038674
49826	49821	1	0.005525
49826	50014	1	0.005525
49827	49932	4	0.009852
49827	49963	2	0.004926
49827	50028	413	1.017241
49827	49935	2	0.004926
49827	50162	2	0.004926
49827	50131	6	0.014778
49827	50037	412	1.014778
49827	50039	10	0.024631
49827	50201	14	0.034483
49827	50108	11	0.027094
49828	50017	2	0.012903
49828	50018	1	0.006452
49828	49851	1	0.006452
49828	50116	1	0.006452
49828	50119	1	0.006452
49828	50153	2	0.012903
49828	49899	2	0.012903
49828	49933	5	0.032258
49828	49998	343	2.212903
49828	49872	1	0.006452
49828	49841	2	0.012903
49828	49912	1	0.006452
49828	50196	1	0.006452
49828	50146	1	0.006452
49828	50040	1	0.006452
49828	49946	2	0.012903
49828	49954	1	0.006452
49828	49921	1	0.006452
49829	50202	2	0.004357
49829	49998	458	0.997821
49830	49984	2	0.004619
49830	49871	2	0.004619
49830	50119	4	0.009238
49830	49960	3	0.006928
49830	50121	4	0.009238
49830	49832	1	0.002309
49830	49996	1	0.002309
49830	50157	5	0.011547
49830	50222	437	1.009238
49830	50125	1	0.002309
49830	49841	4	0.009238
49830	50226	1	0.002309
49830	50227	2	0.004619
49830	49998	2	0.004619
49830	50039	89	0.205543
49830	49850	1	0.002309
49830	50107	719	1.660508
49830	50109	1	0.002309
49830	50206	440	1.016166
49830	50149	2	0.004619
49831	50122	132	3.142857
49831	49998	168	4.000000
49832	49853	1	0.000563
49832	50146	7	0.003939
49832	50107	3	0.001688
49832	49828	2	0.001125
49832	50149	5	0.002814
49832	49831	3	0.001688
49832	50187	2	0.001125
49832	50125	1	0.000563
49832	49998	2	0.001125
49832	49871	2	0.001125
49832	49936	4	0.002251
49832	49841	7	0.003939
49832	50007	1	0.000563
49832	49937	1	0.000563
49832	49876	2	0.001125
49832	50039	2	0.001125
49832	50202	1	0.000563
49832	49967	2	0.001125
49832	49820	1	0.000563
49832	49850	1	0.000563
49832	49887	2	0.001125
49833	49921	1	0.052632
49833	50162	3	0.157895
49833	49892	1	0.052632
49833	50201	1	0.052632
49834	50120	15	1.000000
49834	49998	15	1.000000
49834	50174	15	1.000000
49834	49909	3	0.200000
49837	50048	4	0.009828
49837	49828	8	0.019656
49837	49893	4	0.009828
49837	50022	2	0.004914
49837	50162	2	0.004914
49837	49822	2	0.004914
49837	49848	1	0.002457
49837	50201	2	0.004914
49837	50107	4	0.009828
49837	50078	3	0.007371
49838	49905	1	0.002208
49838	50201	36	0.079470
49838	50107	395	0.871965
49838	50039	19	0.041943
49839	50201	2	0.009804
49839	50018	2	0.009804
49839	49915	1	0.004902
49839	50070	1	0.004902
49839	49998	1	0.004902
49841	50081	10	0.666667
49841	50146	1	0.066667
49841	50119	1	0.066667
49841	50153	3	0.200000
49841	49998	84	5.600000
49841	50095	9	0.600000
49841	49876	9	0.600000
49841	50039	1	0.066667
49842	50057	1	0.002899
49842	50059	1	0.002899
49842	49935	1	0.002899
49842	50196	1	0.002899
49842	49945	1	0.002899
49842	50095	2	0.005797
49842	49841	10	0.028986
49842	49850	331	0.959420
49842	50107	344	0.997101
49842	50108	1	0.002899
49842	50109	1	0.002899
49842	50112	1	0.002899
49842	50125	3	0.008696
49842	49998	3	0.008696
49842	49871	6	0.017391
49842	50007	1	0.002899
49842	50017	1	0.002899
49842	50149	2	0.005797
49842	50153	1	0.002899
49842	49853	4	0.011594
49842	49905	4	0.011594
49842	50162	2	0.005797
49842	50166	1	0.002899
49842	50039	2	0.005797
49842	50047	1	0.002899
49843	50018	26	0.007963
49843	50120	1	0.000306
49843	50153	7	0.002144
49843	49998	14	0.004288
49843	49949	1	0.000306
49843	50040	1	0.000306
49843	50131	1	0.000306
49843	50070	1	0.000306
49843	49847	1	0.000306
49843	50200	2818	0.863093
49843	49850	3	0.000919
49843	49820	1	0.000306
49843	50109	10	0.003063
49845	50201	23	0.072327
49845	50039	2	0.006289
49845	50107	1	0.003145
49845	50070	1	0.003145
49845	49905	1	0.003145
49847	49998	24	8.000000
49847	49871	3	1.000000
49848	49889	2	0.001663
49848	50018	2	0.001663
49848	49992	1	0.000831
49848	49930	1	0.000831
49848	49836	2	0.001663
49848	49998	10	0.008313
49848	50064	1	0.000831
49848	49945	1	0.000831
49848	50200	4	0.003325
49848	50201	7	0.005819
49848	49947	2	0.001663
49848	50207	2	0.001663
49849	50125	2	0.021277
49849	49873	3	0.031915
49849	49939	1	0.010638
49849	49946	1	0.010638
49849	50107	4	0.042553
49849	49850	3	0.031915
49850	50153	4	0.016949
49850	49963	1	0.004237
49850	49996	2	0.008475
49850	49998	2	0.008475
49850	50032	1	0.004237
49850	49843	1	0.004237
49850	50070	2	0.008475
49850	50202	1	0.004237
49850	50107	1	0.004237
49850	49820	2	0.008475
49850	50109	1	0.004237
49851	50146	1	0.017241
49851	50054	2	0.034483
49851	49841	1	0.017241
49851	50153	1	0.017241
49851	49905	1	0.017241
49851	49906	1	0.017241
49851	50039	1	0.017241
49851	49850	1	0.017241
49851	50107	5	0.086207
49851	49853	1	0.017241
49852	49833	2	1.000000
49853	50152	4	0.004098
49853	50107	1000	1.024590
49853	50051	16	0.016393
49853	49998	747	0.765369
49857	50201	3	0.088235
49859	49833	2	0.666667
49861	50201	2	0.009804
49861	50018	2	0.009804
49861	49915	1	0.004902
49861	50070	1	0.004902
49861	49998	1	0.004902
49862	50201	2	0.009804
49862	50018	2	0.009804
49862	49915	1	0.004902
49862	50070	1	0.004902
49862	49998	1	0.004902
49866	49998	9	3.000000
49867	50201	1	0.016667
49867	49823	2	0.033333
49867	50070	1	0.016667
49867	50166	2	0.033333
49867	50039	1	0.016667
49868	50057	3	0.017442
49868	50201	173	1.005814
49868	49842	2	0.011628
49868	50047	2	0.011628
49869	50108	2	1.000000
49869	49998	6	3.000000
49871	49921	3	0.031579
49871	50049	5	0.052632
49871	50059	4	0.042105
49871	49933	3	0.031579
49871	49935	5	0.052632
49871	49941	2	0.021053
49871	49826	2	0.021053
49871	49946	2	0.021053
49871	50202	1	0.010526
49871	50081	3	0.031579
49871	49954	4	0.042105
49871	49830	5	0.052632
49871	49960	1	0.010526
49871	50220	4	0.042105
49871	49841	78	0.821053
49871	49842	4	0.042105
49871	49849	2	0.021053
49871	49850	14	0.147368
49871	49851	3	0.031579
49871	49981	1	0.010526
49871	50112	1	0.010526
49871	50115	4	0.042105
49871	50119	2	0.021053
49871	49866	4	0.042105
49871	49832	4	0.042105
49871	49996	81	0.852632
49871	49869	5	0.052632
49871	49998	395	4.157895
49871	50135	5	0.052632
49871	49881	4	0.042105
49871	50139	4	0.042105
49871	50013	4	0.042105
49871	49891	5	0.052632
49871	50150	4	0.042105
49871	49899	3	0.031579
49871	49905	65	0.684211
49871	49908	4	0.042105
49871	50165	4	0.042105
49871	50166	5	0.052632
49871	50039	361	3.800000
49871	50174	56	0.589474
49872	50149	1	0.003247
49872	49832	1	0.003247
49872	50153	2	0.006494
49872	50095	1	0.003247
49872	50007	2	0.006494
49872	49996	3	0.009740
49872	49998	6	0.019481
49872	49871	4	0.012987
49872	49841	2	0.006494
49872	50039	6	0.019481
49872	49850	8	0.025974
49872	50107	6	0.019481
49872	49853	2	0.006494
49873	49849	10	0.050000
49873	50004	1	0.005000
49874	50224	33	0.234043
49874	50201	1	0.007092
49874	49822	42	0.297872
49874	50078	159	1.127660
49874	50039	2	0.014184
49875	49825	2	0.006897
49875	50070	3	0.010345
49875	49918	61	0.210345
49875	50201	6	0.020690
49876	49921	1	0.021277
49876	49826	2	0.042553
49876	49851	1	0.021277
49876	49866	2	0.042553
49876	50146	2	0.042553
49876	49998	90	1.914894
49876	49935	1	0.021277
49876	49872	1	0.021277
49876	50107	1	0.021277
49876	49908	1	0.021277
49876	50166	1	0.021277
49876	50039	1	0.021277
49876	50139	1	0.021277
49876	49981	1	0.021277
49881	50119	4	0.007767
49881	50125	4	0.007767
49881	49998	14	0.027184
49881	49871	4	0.007767
49881	50039	3	0.005825
49881	50200	4	0.007767
49881	50107	3	0.005825
49883	49899	1	0.055556
49885	49937	1	0.020408
49885	50003	1	0.020408
49885	50107	4	0.081633
49885	49820	1	0.020408
49885	49998	152	3.102041
49886	50201	2	0.009804
49886	50018	2	0.009804
49886	49915	1	0.004902
49886	50070	1	0.004902
49886	49998	1	0.004902
49887	49828	1	0.008065
49887	49905	1	0.008065
49887	50004	1	0.008065
49887	50039	2	0.016129
49887	50201	1	0.008065
49887	50107	4	0.032258
49887	49821	1	0.008065
49888	50201	67	0.837500
49888	49905	1	0.012500
49890	49888	1	0.045455
49890	49992	1	0.045455
49890	49820	2	0.090909
49890	50070	2	0.090909
49890	49998	1	0.045455
49891	49923	2	0.666667
49891	50107	1	0.333333
49892	50048	1	0.001441
49892	49921	2	0.002882
49892	49992	4	0.005764
49892	49998	2	0.002882
49892	50039	2	0.002882
49892	50200	2	0.002882
49893	49992	1	0.003559
49893	50022	1	0.003559
49893	50070	2	0.007117
49893	50078	645	2.295374
49895	50115	66	33.000000
49898	49889	1	0.002132
49898	49992	1	0.002132
49898	49930	1	0.002132
49898	49836	1	0.002132
49898	49998	7	0.014925
49898	50064	1	0.002132
49898	49945	1	0.002132
49898	49848	2110	4.498934
49898	50201	5	0.010661
49898	49947	1	0.002132
49898	50207	1	0.002132
49899	50112	7	0.015385
49899	50149	9	0.019780
49899	49905	1	0.002198
49899	49832	2	0.004396
49899	50095	7	0.015385
49899	50039	1	0.002198
49899	49996	2	0.004396
49899	49847	1	0.002198
49899	49998	8	0.017582
49899	49871	4	0.008791
49899	50122	1	0.002198
49899	49841	9	0.019780
49899	50162	2	0.004396
49899	50007	3	0.006593
49899	50200	1	0.002198
49899	50169	299	0.657143
49899	50107	47	0.103297
49899	50109	1	0.002198
49899	50174	1	0.002198
49900	50201	2	0.009804
49900	50018	2	0.009804
49900	49915	1	0.004902
49900	50070	1	0.004902
49900	49998	1	0.004902
49901	50201	2	0.009804
49901	50018	2	0.009804
49901	49915	1	0.004902
49901	50070	1	0.004902
49901	49998	1	0.004902
49905	50049	2	0.003937
49905	50051	1	0.001969
49905	49921	2	0.003937
49905	50059	2	0.003937
49905	49933	2	0.003937
49905	49935	2	0.003937
49905	49937	9	0.017717
49905	49939	15	0.029528
49905	50196	3	0.005906
49905	49941	2	0.003937
49905	49942	9	0.017717
49905	49945	594	1.169291
49905	49946	4	0.007874
49905	49820	1	0.001969
49905	49826	2	0.003937
49905	49956	2	0.003937
49905	49830	2	0.003937
49905	50215	343	0.675197
49905	49832	2	0.003937
49905	49963	2	0.003937
49905	50220	2	0.003937
49905	50095	1	0.001969
49905	50102	18	0.035433
49905	49849	2	0.003937
49905	49850	6	0.011811
49905	49851	2	0.003937
49905	50108	7	0.013780
49905	49981	2	0.003937
49905	50165	2	0.003937
49905	50115	2	0.003937
49905	49866	2	0.003937
49905	49954	2	0.003937
49905	49998	949	1.868110
49905	49869	2	0.003937
49905	50003	6	0.011811
49905	50135	2	0.003937
49905	49881	2	0.003937
49905	50139	2	0.003937
49905	50013	2	0.003937
49905	50146	2	0.003937
49905	49891	2	0.003937
49905	50150	2	0.003937
49905	49899	2	0.003937
49905	50107	4	0.007874
49905	49908	2	0.003937
49905	49909	17	0.033465
49905	50166	2	0.003937
49905	49912	7	0.013780
49906	50081	2	0.038462
49906	49871	1	0.019231
49906	49998	169	3.250000
49906	50095	54	1.038462
49906	49936	2	0.038462
49906	49841	52	1.000000
49906	49905	1	0.019231
49906	50202	3	0.057692
49906	50107	2	0.038462
49906	50174	1	0.019231
49908	50048	1	0.022727
49908	50116	1	0.022727
49908	50125	1	0.022727
49908	49998	1	0.022727
49908	49871	1	0.022727
49908	50039	4	0.090909
49908	50107	2	0.045455
49908	49853	1	0.022727
49909	50050	4	0.056338
49909	50051	11	0.154930
49909	49926	1	0.014085
49909	50055	3	0.042254
49909	49931	1	0.014085
49909	50198	4	0.056338
49909	50201	1	0.014085
49909	50200	1	0.014085
49909	49945	2	0.028169
49909	49957	4	0.056338
49909	49963	1	0.014085
49909	50094	1	0.014085
49909	49967	4	0.056338
49909	49841	5	0.070423
49909	50108	4	0.056338
49909	50120	149	2.098592
49909	50122	2	0.028169
49909	49996	4	0.056338
49909	49998	217	3.056338
49909	49871	4	0.056338
49909	50129	4	0.056338
49909	50085	2	0.028169
49909	49905	82	1.154930
49909	50039	7	0.098592
49909	50043	4	0.056338
49909	50174	74	1.042254
49909	50175	4	0.056338
49912	50107	1	0.002433
49912	50120	1	0.002433
49912	50187	1	0.002433
49912	50125	1	0.002433
49912	49998	1355	3.296837
49912	49905	1	0.002433
49912	49850	4	0.009732
49912	50043	1	0.002433
49915	50040	23	0.009116
49915	50004	6	0.002378
49915	50162	2	0.000793
49915	49996	2	0.000793
49916	49899	1	0.058824
49918	50073	1	0.013158
49918	50186	1	0.013158
49918	49875	7	0.092105
49918	49965	2	0.026316
49918	50070	1	0.013158
49920	49899	1	0.058824
49921	50050	5	0.001628
49921	50196	10	0.003255
49921	50200	2	0.000651
49921	50081	10	0.003255
49921	49828	8	0.002604
49921	49833	11627	3.784831
49921	49841	43	0.013997
49921	49843	2	0.000651
49921	49850	12	0.003906
49921	50107	309	0.100586
49921	50109	92	0.029948
49921	50116	1	0.000326
49921	50119	5	0.001628
49921	49996	5	0.001628
49921	49998	18	0.005859
49921	49871	29	0.009440
49921	50146	3	0.000977
49921	49892	2357	0.767253
49921	50153	45	0.014648
49921	50039	16	0.005208
49921	49912	6	0.001953
49921	50174	7	0.002279
49923	49891	1	0.000703
49923	50164	1	0.000703
49923	49998	2	0.001405
49925	50201	2	0.009804
49925	50018	2	0.009804
49925	49915	1	0.004902
49925	50070	1	0.004902
49925	49998	1	0.004902
49926	50120	3	0.096774
49926	50174	3	0.096774
49926	50202	32	1.032258
49926	49909	28	0.903226
49926	49998	103	3.322581
49929	50048	12	0.375000
49929	49947	1	0.031250
49929	50022	1	0.031250
49929	50153	1	0.031250
49929	49851	1	0.031250
49929	49820	1	0.031250
49930	50048	1	0.007042
49930	50116	2	0.014085
49930	49998	2	0.014085
49930	50192	1	0.007042
49930	49848	1	0.007042
49930	50201	1	0.007042
49930	50200	2	0.014085
49930	49945	1	0.007042
49930	49850	4	0.028169
49931	49998	12	6.000000
49932	50131	2	0.055556
49933	49985	2	0.032787
49933	50146	1	0.016393
49933	50125	1	0.016393
49933	49905	3	0.049180
49933	49939	3	0.049180
49933	50039	2	0.032787
49933	50200	2	0.032787
49933	49850	2	0.032787
49933	50107	10	0.163934
49933	49853	1	0.016393
49935	50112	1	0.007752
49935	50146	1	0.007752
49935	49827	5	0.038760
49935	49957	1	0.007752
49935	50119	2	0.015504
49935	49851	1	0.007752
49935	50007	2	0.015504
49935	50125	1	0.007752
49935	49998	6	0.046512
49935	49871	2	0.015504
49935	49936	1	0.007752
49935	49841	1	0.007752
49935	50029	1	0.007752
49935	50039	4	0.031008
49935	49850	3	0.023256
49935	50107	9	0.069767
49935	49937	1	0.007752
49935	49853	2	0.015504
49935	50014	1	0.007752
49936	49832	1	0.001842
49936	49998	1083	1.994475
49936	49905	1	0.001842
49936	49906	1	0.001842
49936	49912	1	0.001842
49936	49851	2	0.003683
49937	50050	2	0.006494
49937	49957	2	0.006494
49937	49905	1	0.003247
49937	50188	1	0.003247
49937	50125	1	0.003247
49937	50129	1	0.003247
49937	50162	1	0.003247
49937	49974	2	0.006494
49937	50007	1	0.003247
49937	50108	1	0.003247
49938	49833	2	1.000000
49939	49841	2366	1.000000
49939	49905	2533	1.070583
49939	50116	2366	1.000000
49939	49998	7097	2.999577
49939	50039	2366	1.000000
49941	49929	1	0.055556
49941	49956	16	0.888889
49941	49998	18	1.000000
49942	49945	31	0.861111
49942	50108	31	0.861111
49942	50198	31	0.861111
49942	49998	139	3.861111
49943	50039	6	0.461538
49944	50070	1	0.033333
49944	49998	46	1.533333
49944	50039	23	0.766667
49945	50048	1	0.023810
49945	50178	1	0.023810
49945	49923	1	0.023810
49945	50052	2	0.047619
49945	50054	1	0.023810
49945	50055	1	0.023810
49945	50092	1	0.023810
49945	49930	1	0.023810
49945	50064	1	0.023810
49945	49942	2	0.047619
49945	50201	2	0.047619
49945	49947	1	0.023810
49945	49950	2	0.047619
49945	50207	1	0.023810
49945	49825	2	0.047619
49945	49963	4	0.095238
49945	49836	1	0.023810
49945	49837	5	0.119048
49945	50095	2	0.047619
49945	50098	1	0.023810
49945	49971	6	0.142857
49945	50185	1	0.023810
49945	50206	1	0.023810
49945	50102	1	0.023810
49945	49929	1	0.023810
49945	50108	8	0.190476
49945	49985	1	0.023810
49945	49986	1	0.023810
49945	49989	1	0.023810
49945	49975	1	0.023810
49945	49998	2	0.047619
49945	49873	1	0.023810
49945	50135	1	0.023810
49945	49889	1	0.023810
49945	50018	1	0.023810
49945	49892	4	0.095238
49945	50151	1	0.023810
49945	50029	1	0.023810
49945	50045	1	0.023810
49945	50160	1	0.023810
49945	49905	263	6.261905
49945	50034	1	0.023810
49945	50169	1	0.023810
49945	49915	9	0.214286
49945	50173	1	0.023810
49946	50146	1	0.010753
49946	50126	93	1.000000
49946	50160	94	1.010753
49946	49998	392	4.215054
49946	49850	2	0.021505
49946	50107	50	0.537634
49947	49912	1	0.023256
49947	49905	1	0.023256
49947	49826	1	0.023256
49947	49850	1	0.023256
49947	50206	1	0.023256
49948	50201	2	0.009804
49948	50018	2	0.009804
49948	49915	1	0.004902
49948	50070	1	0.004902
49948	49998	1	0.004902
49949	50040	1	0.006897
49949	50018	4	0.027586
49950	50004	1	0.012048
49950	50165	1	0.012048
49952	49968	1	0.166667
49953	50201	1	0.026316
49954	49921	1	0.003145
49954	50119	1	0.003145
49954	49998	1	0.003145
49954	49971	1	0.003145
49954	50039	2	0.006289
49954	50200	1	0.003145
49954	49945	1	0.003145
49954	49850	1	0.003145
49954	50107	23	0.072327
49954	49853	11	0.034591
49954	50143	1	0.003145
49956	49847	1	0.006410
49956	49998	312	2.000000
49956	49905	19	0.121795
49956	50003	1	0.006410
49956	50198	1	0.006410
49956	50039	1	0.006410
49957	50039	112	1.777778
49957	50125	112	1.777778
49957	49998	224	3.555556
49957	50198	71	1.126984
49957	49847	56	0.888889
49957	50202	2	0.031746
49957	50108	3	0.047619
49957	50143	2	0.031746
49960	50082	56	4.000000
49960	49998	15	1.071429
49962	49820	1	0.045455
49962	50070	1	0.045455
49963	50198	1	0.018182
49963	49905	5	0.090909
49963	49931	1	0.018182
49963	49932	1	0.018182
49963	50221	88	1.600000
49963	49998	148	2.690909
49963	49969	88	1.600000
49963	50162	1	0.018182
49963	50131	45	0.818182
49963	50070	1	0.018182
49963	50039	1	0.018182
49963	49945	1	0.018182
49963	49850	1	0.018182
49963	50108	47	0.854545
49964	50201	2	0.009804
49964	50018	2	0.009804
49964	49915	1	0.004902
49964	50070	1	0.004902
49964	49998	1	0.004902
49965	50201	7	0.538462
49965	49918	65	5.000000
49966	49968	1	0.166667
49967	49850	2	0.026667
49967	50070	1	0.013333
49967	49998	18	0.240000
49967	50039	1	0.013333
49969	49931	2	0.105263
49969	49963	2	0.105263
49969	49932	1	0.052632
49969	50221	1	0.052632
49969	49998	48	2.526316
49969	50131	1	0.052632
49969	50004	1	0.052632
49969	49945	1	0.052632
49970	50200	1	0.333333
49970	49945	1	0.333333
49970	49850	1	0.333333
49970	50139	1	0.333333
49971	50048	1	0.012500
49974	49945	2	0.029851
49974	49932	1	0.014925
49975	49826	2	0.111111
49975	50125	1	0.055556
49975	49998	1	0.055556
49975	50039	2	0.111111
49977	50201	2	0.009804
49977	50018	2	0.009804
49977	49915	1	0.004902
49977	50070	1	0.004902
49977	49998	1	0.004902
49978	50201	2	0.009804
49978	50018	2	0.009804
49978	49915	1	0.004902
49978	50070	1	0.004902
49978	49998	1	0.004902
49979	50201	4	0.037037
49979	50034	189	1.750000
49981	50146	1	0.035714
49981	50107	51	1.821429
49981	49853	1	0.035714
49982	49850	4	2.000000
49982	49996	12	6.000000
49982	49998	8	4.000000
49984	50121	5	1.250000
49984	50222	1	0.250000
49985	49825	1	0.032258
49985	50004	2	0.064516
49985	49933	4	0.129032
49986	50200	1	0.018182
49986	49905	1	0.018182
49986	50059	4	0.072727
49986	49998	1	0.018182
49987	50070	3	0.085714
49989	50049	1	0.008264
49989	50004	5	0.041322
49990	50187	2	0.001129
49990	49936	4	0.002257
49990	49937	1	0.000564
49990	50202	1	0.000564
49990	49820	1	0.000564
49990	49828	2	0.001129
49990	49831	3	0.001693
49990	49832	308	0.173815
49990	49967	2	0.001129
49990	49841	7	0.003950
49990	49850	1	0.000564
49990	50107	3	0.001693
49990	49853	1	0.000564
49990	50125	1	0.000564
49990	49998	2	0.001129
49990	49871	2	0.001129
49990	49876	2	0.001129
49990	50007	1	0.000564
49990	49887	2	0.001129
49990	50146	7	0.003950
49990	50149	5	0.002822
49990	50039	2	0.001129
49992	50107	2	0.030303
49992	50172	2275	34.469697
49994	50201	2	0.043478
49994	49822	46	1.000000
49994	50078	330	7.173913
49996	50049	2	0.016949
49996	50050	1	0.008475
49996	49921	1	0.008475
49996	49937	1	0.008475
49996	49946	1	0.008475
49996	49820	1	0.008475
49996	50202	3	0.025424
49996	49954	1	0.008475
49996	49828	3	0.025424
49996	49829	1	0.008475
49996	49841	2	0.016949
49996	50226	7	0.059322
49996	49850	21	0.177966
49996	50107	2	0.016949
49996	50109	4	0.033898
49996	50112	4	0.033898
49996	50125	4	0.033898
49996	49998	303	2.567797
49996	49871	1	0.008475
49996	49872	1	0.008475
49996	49881	1	0.008475
49996	50085	4	0.033898
49996	50146	13	0.110169
49996	50153	4	0.033898
49996	49905	1	0.008475
49996	50162	4	0.033898
49996	49909	1	0.008475
49996	50039	1	0.008475
49997	49992	1	0.001905
49997	50078	1	0.001905
49997	50022	1	0.001905
49998	50182	1	0.000469
49998	50187	2	0.000937
49998	50188	2	0.000937
49998	50196	18	0.008435
49998	50198	8	0.003749
49998	50200	33	0.015464
49998	50201	49	0.022962
49998	50202	2	0.000937
49998	50215	3	0.001406
49998	50220	5	0.002343
49998	50221	2	0.000937
49998	50226	2	0.000937
49998	49820	11	0.005155
49998	49823	2	0.000937
49998	49826	2	0.000937
49998	49828	5	0.002343
49998	49829	11	0.005155
49998	49830	13	0.006092
49998	49832	2	0.000937
49998	49834	3	0.001406
49998	49841	266	0.124649
49998	49842	11	0.005155
49998	49843	6	0.002812
49998	49847	941	0.440956
49998	49849	6	0.002812
49998	49850	3	0.001406
49998	49851	4	0.001874
49998	49853	3210	1.504217
49998	49866	2	0.000937
49998	49869	2	0.000937
49998	49871	943	0.441893
49998	49872	7	0.003280
49998	49876	10	0.004686
49998	49880	1	0.000469
49998	49881	6	0.002812
49998	49885	8	0.003749
49998	49891	2	0.000937
49998	49895	2	0.000937
49998	49899	4	0.001874
49998	49905	250	0.117151
49998	49906	5	0.002343
49998	49908	6	0.002812
49998	49909	5	0.002343
49998	49912	425	0.199157
49998	49915	4	0.001874
49998	49921	2	0.000937
49998	49931	11	0.005155
49998	49932	1	0.000469
49998	49933	6	0.002812
49998	49935	3	0.001406
49998	49936	1	0.000469
49998	49937	45	0.021087
49998	49939	12	0.005623
49998	49941	6	0.002812
49998	49942	2	0.000937
49998	49944	2	0.000937
49998	49945	5	0.002343
49998	49946	4	0.001874
49998	49949	4	0.001874
49998	49954	10	0.004686
49998	49956	13	0.006092
49998	49957	19	0.008903
49998	49960	4	0.001874
49998	49963	11	0.005155
49998	49967	75	0.035145
49998	49969	3	0.001406
49998	49974	5	0.002343
49998	49981	2	0.000937
49998	49982	10	0.004686
49998	49990	4	0.001874
49998	49992	6	0.002812
49998	49996	36	0.016870
49998	50002	17	0.007966
49998	50003	71	0.033271
49998	50004	54	0.025305
49998	50007	8	0.003749
49998	50013	5	0.002343
49998	50014	1	0.000469
49998	50017	4	0.001874
49998	50018	12	0.005623
49998	50021	3	0.001406
49998	50022	18	0.008435
49998	50039	161	0.075445
49998	50040	39	0.018276
49998	50043	3	0.001406
49998	50049	4	0.001874
49998	50050	18	0.008435
49998	50051	24	0.011246
49998	50055	12	0.005623
49998	50059	4	0.001874
49998	50070	9	0.004217
49998	50081	4	0.001874
49998	50082	7	0.003280
49998	50085	4	0.001874
49998	50091	5	0.002343
49998	50094	13	0.006092
49998	50095	2	0.000937
49998	50102	1	0.000469
49998	50104	6	0.002812
49998	50107	1448	0.678538
49998	50108	60	0.028116
49998	50109	4	0.001874
49998	50111	10	0.004686
49998	50112	34	0.015933
49998	50113	2	0.000937
49998	50116	7	0.003280
49998	50119	912	0.427366
49998	50120	13	0.006092
49998	50122	956	0.447985
49998	50123	1	0.000469
49998	50125	484	0.226804
49998	50129	8	0.003749
49998	50131	2	0.000937
49998	50135	11	0.005155
49998	50139	3	0.001406
49998	50143	16	0.007498
49998	50146	4	0.001874
49998	50149	5	0.002343
49998	50150	6	0.002812
49998	50152	2	0.000937
49998	50153	3	0.001406
49998	50162	1000	0.468604
49998	50165	2	0.000937
49998	50166	2	0.000937
49998	50172	5	0.002343
49998	50174	1861	0.872071
49998	50175	2	0.000937
50002	50120	5	1.000000
50002	50003	5	1.000000
50002	50174	5	1.000000
50002	49998	50	10.000000
50002	50125	3	0.600000
50003	49956	2	1.000000
50003	50174	2	1.000000
50003	49998	10	5.000000
50004	50039	1	0.062500
50004	49998	46	2.875000
50004	49847	1	0.062500
50004	49945	1	0.062500
50004	50107	1	0.062500
50004	50108	1	0.062500
50006	50201	1	0.019608
50006	50039	1	0.019608
50006	50166	1	0.019608
50006	49823	1	0.019608
50007	49998	44	2.933333
50011	49822	16	1.000000
50011	50078	80	5.000000
50013	49826	1	0.023810
50013	50059	1	0.023810
50013	50039	6	0.142857
50013	50125	1	0.023810
50013	50157	1	0.023810
50013	50165	1	0.023810
50013	50007	1	0.023810
50013	49880	1	0.023810
50013	49818	4	0.095238
50013	50107	3	0.071429
50014	50122	40	1.000000
50014	50107	40	1.000000
50014	50060	4	0.100000
50014	50174	40	1.000000
50014	49847	40	1.000000
50016	50201	9	0.009212
50016	49887	1	0.001024
50017	49929	1	0.055556
50017	49956	16	0.888889
50017	49998	18	1.000000
50018	50200	2	0.001543
50018	50116	2	0.001543
50018	50004	2	0.001543
50018	49970	3	0.002315
50018	49998	6	0.004630
50018	49949	2	0.001543
50018	50153	3	0.002315
50018	49905	26	0.020062
50018	50162	4	0.003086
50018	49843	2	0.001543
50018	50201	4	0.003086
50018	50070	2	0.001543
50018	50039	3	0.002315
50018	50040	5	0.003858
50018	49945	2	0.001543
50018	49850	2	0.001543
50018	50107	1	0.000772
50018	49821	5	0.003858
50018	50109	2	0.001543
50021	49926	1	0.071429
50021	49998	26	1.857143
50022	49992	1	0.016393
50022	50172	62	1.016393
50022	49998	10	0.163934
50022	50094	2	0.032787
50022	50070	2	0.032787
50022	50107	3	0.049180
50022	49820	1	0.016393
50023	49992	2	0.017544
50023	50022	1	0.008772
50023	50070	2	0.017544
50023	50039	3	0.026316
50028	49827	3676	9.449871
50028	50022	2	0.005141
50028	49841	6	0.015424
50028	49905	1	0.002571
50028	50201	6	0.015424
50028	49820	1	0.002571
50029	49957	1	0.015625
50029	50022	1	0.015625
50029	49841	3	0.046875
50029	50039	1	0.015625
50029	49935	1	0.015625
50029	49905	17	0.265625
50029	50196	1	0.015625
50029	50198	1	0.015625
50029	50201	2	0.031250
50029	49945	8	0.125000
50029	49967	1	0.015625
50029	50108	4	0.062500
50036	49963	2	0.019802
50036	49981	1	0.009901
50036	50070	2	0.019802
50036	50039	9	0.089109
50036	50201	203	2.009901
50036	50108	5	0.049505
50036	50173	91	0.900990
50037	50201	12	0.046693
50037	49827	2221	8.642023
50039	50049	1	0.001277
50039	50050	17	0.021711
50039	50070	33	0.042146
50039	49921	1	0.001277
50039	49931	2	0.002554
50039	49932	2	0.002554
50039	49933	1	0.001277
50039	49935	1	0.001277
50039	49937	2	0.002554
50039	49941	1	0.001277
50039	50198	54	0.068966
50039	49826	1	0.001277
50039	50201	76	0.097063
50039	50202	2	0.002554
50039	49820	5	0.006386
50039	49946	1	0.001277
50039	50081	15	0.019157
50039	49954	1	0.001277
50039	49956	3	0.003831
50039	49957	10	0.012771
50039	49830	1	0.001277
50039	49969	2	0.002554
50039	49832	2	0.002554
50039	49963	3	0.003831
50039	50220	1	0.001277
50039	50221	2	0.002554
50039	50150	1	0.001277
50039	49967	106	0.135377
50039	49841	93	0.118774
50039	49842	1	0.001277
50039	49891	1	0.001277
50039	49849	1	0.001277
50039	49850	2	0.002554
50039	49851	2	0.002554
50039	50108	261	0.333333
50039	49981	1	0.001277
50039	50115	1	0.001277
50039	50116	40	0.051086
50039	50120	2	0.002554
50039	49869	1	0.001277
50039	49866	1	0.001277
50039	50125	1	0.001277
50039	49998	1618	2.066411
50039	49871	54	0.068966
50039	49872	2	0.002554
50039	50003	1	0.001277
50039	50004	1	0.001277
50039	50135	1	0.001277
50039	49881	1	0.001277
50039	50139	1	0.001277
50039	50013	1	0.001277
50039	50143	8	0.010217
50039	50146	50	0.063857
50039	50107	1825	2.330779
50039	50149	9	0.011494
50039	50022	1	0.001277
50039	50153	15	0.019157
50039	49899	1	0.001277
50039	50059	1	0.001277
50039	49905	2	0.002554
50039	50162	1	0.001277
50039	50131	1	0.001277
50039	49908	2	0.002554
50039	50165	1	0.001277
50039	50166	1	0.001277
50039	50174	2	0.002554
50040	50187	8	0.002755
50040	50070	11	0.003788
50040	50200	13	0.004477
50040	50202	6	0.002066
50040	49820	3	0.001033
50040	49949	9	0.003099
50040	49956	2899	0.998278
50040	49829	1	0.000344
50040	49832	1	0.000344
50040	49946	4	0.001377
50040	49967	1	0.000344
50040	49851	1	0.000344
50040	50109	9	0.003099
50040	49996	2	0.000689
50040	50125	1	0.000344
50040	49998	8775	3.021694
50040	50135	2	0.000689
50040	49828	3	0.001033
50040	50014	3	0.001033
50040	50018	14	0.004821
50040	50107	4	0.001377
50040	50032	1	0.000344
50040	49912	2	0.000689
50040	50174	5	0.001722
50042	50201	1	0.166667
50043	50113	3	0.250000
50043	50120	1	0.083333
50043	50125	4	0.333333
50043	49998	36	3.000000
50043	49905	1	0.083333
50043	49912	16	1.333333
50043	49850	4	0.333333
50045	49820	1	0.013158
50045	50115	307	4.039474
50045	50108	1	0.013158
50045	50125	1	0.013158
50045	49998	1	0.013158
50045	49967	1	0.013158
50045	49905	3	0.039474
50045	50004	4	0.052632
50045	50070	3	0.039474
50045	50039	1	0.013158
50045	49945	1	0.013158
50045	50107	1	0.013158
50045	50172	2	0.026316
50047	50201	138	1.007299
50048	50018	8	0.026490
50048	49915	8	0.026490
50048	49957	8	0.026490
50048	49992	8	0.026490
50048	49905	12	0.039735
50048	50004	4	0.013245
50048	49908	84	0.278146
50048	50201	4	0.013245
50048	49947	16	0.052980
50049	50200	1	0.090909
50049	50040	1	0.090909
50049	50107	2	0.181818
50050	49998	6	3.000000
50051	49998	87	1.705882
50052	50040	3	0.004552
50052	50153	5	0.007587
50052	49866	675	1.024279
50052	50187	3	0.004552
50052	50125	4	0.006070
50052	49998	3	0.004552
50052	49905	3	0.004552
50052	50162	2	0.003035
50052	50201	6	0.009105
50052	50200	5	0.007587
50052	49945	1	0.001517
50052	49850	3	0.004552
50052	50107	3	0.004552
50052	50109	2	0.003035
50052	49887	1	0.001517
50054	50153	1	0.006667
50054	49851	5	0.033333
50055	50162	2	0.076923
50055	49931	2	0.076923
50055	50116	2	0.076923
50055	50131	2	0.076923
50057	50201	278	1.000000
50057	49842	8	0.028777
50057	50039	1	0.003597
50059	49986	1	0.011111
50059	49828	1	0.011111
50059	50007	1	0.011111
50059	49841	1	0.011111
50059	50039	4	0.044444
50059	50107	6	0.066667
50060	50122	39	1.000000
50060	50107	39	1.000000
50060	50174	39	1.000000
50060	49847	39	1.000000
50061	49998	6	3.000000
50062	50201	2	0.009804
50062	50018	2	0.009804
50062	49915	1	0.004902
50062	50070	1	0.004902
50062	49998	1	0.004902
50064	49836	1	0.025641
50064	50220	1	0.025641
50064	50125	1	0.025641
50064	49998	1	0.025641
50064	50004	1	0.025641
50064	49848	6	0.153846
50064	50207	1	0.025641
50071	49825	1	0.055556
50071	49918	1	0.055556
50072	50116	2	0.021739
50072	49992	1	0.010870
50072	50122	1	0.010870
50072	49998	1	0.010870
50072	49967	1	0.010870
50072	49872	81	0.880435
50072	49905	2	0.021739
50072	50162	1	0.010870
50072	50004	1	0.010870
50072	50200	1	0.010870
50072	49945	1	0.010870
50072	49912	1	0.010870
50072	50201	3	0.032609
50072	50107	82	0.891304
50072	50172	1	0.010870
50073	49875	6	0.375000
50073	49918	39	2.437500
50075	50200	2	0.016393
50075	50201	3	0.024590
50075	49867	39	0.319672
50075	49823	2	0.016393
50075	50185	6	0.049180
50078	49893	77	0.987179
50078	49994	1	0.012821
50078	50224	1	0.012821
50078	49874	1	0.012821
50078	50163	1	0.012821
50078	50201	17	0.217949
50078	50011	1	0.012821
50078	49822	1	0.012821
50079	50146	3	0.057692
50079	49998	2	0.038462
50079	50039	1	0.019231
50080	50201	2	0.009804
50080	50018	2	0.009804
50080	49915	1	0.004902
50080	50070	1	0.004902
50080	49998	1	0.004902
50081	49841	11	0.268293
50081	50119	10	0.243902
50081	49998	84	2.048780
50081	49871	6	0.146341
50082	50182	1	0.019608
50082	49998	104	2.039216
50085	50120	33	1.736842
50085	49998	56	2.947368
50085	49909	14	0.736842
50085	50202	14	0.736842
50085	50174	32	1.684211
50085	50175	14	0.736842
50091	50112	10	0.909091
50091	49998	22	2.000000
50091	49936	10	0.909091
50091	49905	11	1.000000
50091	50039	10	0.909091
50091	50107	1	0.090909
50093	50201	2	0.009804
50093	50018	2	0.009804
50093	49915	1	0.004902
50093	50070	1	0.004902
50093	49998	1	0.004902
50094	50022	1	0.008772
50094	49820	4	0.035088
50094	50070	2	0.017544
50094	50200	1	0.008772
50094	50201	5	0.043860
50094	50172	1	0.008772
50095	50107	7	1.000000
50095	50174	7	1.000000
50095	49998	59	8.428571
50096	50201	2	0.009804
50096	50018	2	0.009804
50096	49915	1	0.004902
50096	50070	1	0.004902
50096	49998	1	0.004902
50098	50048	324	1.003096
50098	49944	1	0.003096
50098	49939	2	0.006192
50098	50070	1	0.003096
50098	50201	1	0.003096
50098	50200	2	0.006192
50098	49945	2	0.006192
50098	49947	2	0.006192
50098	49820	1	0.003096
50098	49821	1	0.003096
50098	50081	1	0.003096
50098	49957	3	0.009288
50098	50094	1	0.003096
50098	49949	2	0.006192
50098	49841	2	0.006192
50098	49850	1	0.003096
50098	50107	10	0.030960
50098	50108	1	0.003096
50098	50109	1	0.003096
50098	50119	1	0.003096
50098	49992	1	0.003096
50098	50125	1	0.003096
50098	49998	3	0.009288
50098	49912	1	0.003096
50098	50004	1	0.003096
50098	50022	1	0.003096
50098	49905	1	0.003096
50098	50162	1	0.003096
50098	50039	8	0.024768
50098	50040	1	0.003096
50098	50172	2	0.006192
50100	50201	2	0.009804
50100	50018	2	0.009804
50100	49915	1	0.004902
50100	50070	1	0.004902
50100	49998	1	0.004902
50102	49905	3	0.157895
50102	49942	3	0.157895
50104	50120	3	1.000000
50104	50162	3	1.000000
50104	50174	3	1.000000
50104	49998	12	4.000000
50105	50107	4	0.038835
50107	50049	2	0.000550
50107	50051	2	0.000550
50107	50054	1	0.000275
50107	49921	1	0.000275
50107	50092	1	0.000275
50107	49930	1	0.000275
50107	50059	1	0.000275
50107	49933	1	0.000275
50107	49935	1	0.000275
50107	50196	1	0.000275
50107	49941	1	0.000275
50107	50070	1	0.000275
50107	50199	1	0.000275
50107	50200	2	0.000550
50107	49946	1	0.000275
50107	49820	1	0.000275
50107	50018	1	0.000275
50107	49823	1	0.000275
50107	49825	1	0.000275
50107	49954	2	0.000550
50107	49828	1	0.000275
50107	49829	2	0.000550
50107	49830	1	0.000275
50107	49832	2	0.000550
50107	50220	1	0.000275
50107	49837	1	0.000275
50107	49842	1	0.000275
50107	49971	1	0.000275
50107	49847	2	0.000550
50107	49849	1	0.000275
50107	49850	1	0.000275
50107	49851	1	0.000275
50107	49981	1	0.000275
50107	50113	1	0.000275
50107	50115	1	0.000275
50107	50122	1	0.000275
50107	50109	1	0.000275
50107	49866	1	0.000275
50107	49826	1	0.000275
50107	49998	16455	4.524333
50107	49869	1	0.000275
50107	49872	2	0.000550
50107	50003	1	0.000275
50107	50004	11	0.003024
50107	50135	1	0.000275
50107	49881	4	0.001100
50107	50139	1	0.000275
50107	50013	1	0.000275
50107	50149	1	0.000275
50107	50017	1	0.000275
50107	50146	1	0.000275
50107	49891	1	0.000275
50107	49892	1	0.000275
50107	50022	1	0.000275
50107	50150	1	0.000275
50107	50153	1	0.000275
50107	49899	1	0.000275
50107	49853	16	0.004399
50107	49905	16	0.004399
50107	50162	2660	0.731372
50107	49908	1	0.000275
50107	50165	4	0.001100
50107	50166	1	0.000275
50107	50039	6	0.001650
50107	49912	1	0.000275
50107	50174	399	0.109706
50107	50098	1	0.000275
50108	49957	2	0.011765
50108	49963	14	0.082353
50108	49998	324	1.905882
50108	49967	2	0.011765
50108	49969	3	0.017647
50108	49942	5	0.029412
50108	50198	36	0.211765
50108	50039	4	0.023529
50108	50201	2	0.011765
50108	50107	1	0.005882
50108	50143	5	0.029412
50109	50112	2	0.021277
50109	49921	1	0.010638
50109	49998	1	0.010638
50109	49871	1	0.010638
50109	50200	3	0.031915
50109	50202	1	0.010638
50109	49850	1	0.010638
50112	49921	1	0.006579
50112	50059	1	0.006579
50112	49933	1	0.006579
50112	49935	1	0.006579
50112	49830	1	0.006579
50112	49832	1	0.006579
50112	50091	1	0.006579
50112	49841	1	0.006579
50112	49842	1	0.006579
50112	49847	1	0.006579
50112	49850	4	0.026316
50112	50109	1	0.006579
50112	49982	3	0.019737
50112	49866	1	0.006579
50112	49996	2	0.013158
50112	49869	1	0.006579
50112	49998	735	4.835526
50112	49871	280	1.842105
50112	49872	1	0.006579
50112	50135	1	0.006579
50112	50007	139	0.914474
50112	50139	1	0.006579
50112	50013	1	0.006579
50112	49891	1	0.006579
50112	50150	1	0.006579
50112	50153	1	0.006579
50112	50162	1	0.006579
50112	50166	1	0.006579
50112	50039	2	0.013158
50112	50174	139	0.914474
50113	49850	3	0.002394
50114	49918	4	0.363636
50115	50149	1	0.010526
50115	50125	3	0.031579
50115	49998	1	0.010526
50115	49853	4	0.042105
50115	49841	2	0.021053
50115	50162	1	0.010526
50115	50039	1	0.010526
50115	50200	1	0.010526
50115	50107	10	0.105263
50115	50045	2	0.021053
50115	50014	1	0.010526
50116	50146	2	1.000000
50116	49998	6	3.000000
50119	50120	3	0.022727
50119	50081	11	0.083333
50119	50146	6	0.045455
50120	49912	3	1.000000
50120	49998	24	8.000000
50120	50175	3	1.000000
50121	49984	2	0.003738
50121	49830	1	0.001869
50121	49992	1	0.001869
50121	50222	1584	2.960748
50121	50227	2	0.003738
50121	50201	65	0.121495
50121	50107	141	0.263551
50121	49820	1	0.001869
50121	50206	1	0.001869
50122	50120	2	1.000000
50122	50174	2	1.000000
50122	49998	16	8.000000
50123	50187	1	0.008850
50123	50188	6	0.053097
50123	50196	2	0.017699
50123	50198	4	0.035398
50123	50200	15	0.132743
50123	50201	21	0.185841
50123	50202	8	0.070796
50123	50215	9	0.079646
50123	50220	1	0.008850
50123	50221	3	0.026549
50123	50226	1	0.008850
50123	49820	4	0.035398
50123	49823	2	0.017699
50123	49826	1	0.008850
50123	49828	3	0.026549
50123	49829	4	0.035398
50123	49830	1	0.008850
50123	49832	1	0.008850
50123	49834	4	0.035398
50123	49841	70	0.619469
50123	49842	1	0.008850
50123	49847	7	0.061947
50123	49849	1	0.008850
50123	49850	4	0.035398
50123	49851	1	0.008850
50123	49853	3	0.026549
50123	49866	1	0.008850
50123	49869	1	0.008850
50123	49871	4	0.035398
50123	49876	2	0.017699
50123	49881	1	0.008850
50123	49885	15	0.132743
50123	49891	1	0.008850
50123	49899	1	0.008850
50123	49905	74	0.654867
50123	49906	5	0.044248
50123	49908	1	0.008850
50123	49909	11	0.097345
50123	49912	6	0.053097
50123	49921	2	0.017699
50123	49926	3	0.026549
50123	49931	9	0.079646
50123	49932	2	0.017699
50123	49933	1	0.008850
50123	49937	44	0.389381
50123	49939	5	0.044248
50123	49942	2	0.017699
50123	49945	8	0.070796
50123	49946	1	0.008850
50123	49949	3	0.026549
50123	49954	1	0.008850
50123	49957	30	0.265487
50123	49960	4	0.035398
50123	49963	24	0.212389
50123	49967	18	0.159292
50123	49969	5	0.044248
50123	49974	3	0.026549
50123	49981	1	0.008850
50123	49982	4	0.035398
50123	49996	5	0.044248
50123	49998	130	1.150442
50123	50002	2	0.017699
50123	50003	14	0.123894
50123	50004	137	1.212389
50123	50007	4	0.035398
50123	50013	2	0.017699
50123	50014	3	0.026549
50123	50017	1	0.008850
50123	50022	2	0.017699
50123	50039	83	0.734513
50123	50040	5	0.044248
50123	50043	3	0.026549
50123	50049	1	0.008850
50123	50050	9	0.079646
50123	50051	1	0.008850
50123	50055	1	0.008850
50123	50059	1	0.008850
50123	50061	5	0.044248
50123	50070	5	0.044248
50123	50079	3	0.026549
50123	50081	2	0.017699
50123	50082	1	0.008850
50123	50085	2	0.017699
50123	50094	7	0.061947
50123	50104	5	0.044248
50123	50107	62	0.548673
50123	50108	16	0.141593
50123	50109	7	0.061947
50123	50111	6	0.053097
50123	50112	8	0.070796
50123	50113	2	0.017699
50123	50115	1	0.008850
50123	50119	9	0.079646
50123	50120	13	0.115044
50123	50122	7	0.061947
50123	50125	24	0.212389
50123	50129	2	0.017699
50123	50131	2	0.017699
50123	50135	1	0.008850
50123	50139	1	0.008850
50123	50143	14	0.123894
50123	50146	10	0.088496
50123	50149	1	0.008850
50123	50150	2	0.017699
50123	50153	11	0.097345
50123	50157	2	0.017699
50123	50162	19	0.168142
50123	50165	1	0.008850
50123	50166	1	0.008850
50123	50172	2	0.017699
50123	50174	7	0.061947
50123	50175	2	0.017699
50125	50107	237	2.257143
50125	49998	714	6.800000
50125	49912	1	0.009524
50125	50043	105	1.000000
50125	49820	8	0.076190
50125	50174	105	1.000000
50125	50111	4	0.038095
50126	49998	3	0.011905
50126	50160	1	0.003968
50126	49905	1	0.003968
50126	50039	3	0.011905
50126	50201	27	0.107143
50126	49946	1	0.003968
50128	49968	1	0.166667
50129	50050	2	0.400000
50129	49998	19	3.800000
50129	50007	2	0.400000
50131	49905	1	0.007353
50131	49963	3	0.022059
50131	49932	1	0.007353
50131	50070	5	0.036765
50131	49945	2	0.014706
50132	50070	1	0.033333
50132	49998	46	1.533333
50132	50039	23	0.766667
50135	50049	3	0.065217
50135	49828	2	0.043478
50135	49841	1	0.021739
50135	50153	2	0.043478
50135	50125	2	0.043478
50135	49998	204	4.434783
50135	49871	3	0.065217
50135	49905	1	0.021739
50135	49853	2	0.043478
50135	50039	2	0.043478
50135	49850	2	0.043478
50135	50107	90	1.956522
50135	50109	2	0.043478
50135	49951	45	0.978261
50139	50200	1	0.090909
50139	50153	1	0.090909
50139	49850	1	0.090909
50139	50022	1	0.090909
50143	49931	1	0.009434
50143	49963	1	0.009434
50143	49957	6	0.056604
50143	49998	6	0.056604
50146	50120	3	1.000000
50146	49996	6	2.000000
50146	49998	6	2.000000
50146	49905	6	2.000000
50146	50196	5	1.666667
50146	49876	3	1.000000
50146	50107	2	0.666667
50146	50174	3	1.000000
50149	50049	6	0.033520
50149	49921	6	0.033520
50149	50059	6	0.033520
50149	49933	6	0.033520
50149	49935	6	0.033520
50149	49941	6	0.033520
50149	49946	6	0.033520
50149	49954	6	0.033520
50149	49830	6	0.033520
50149	49832	6	0.033520
50149	50220	6	0.033520
50149	49841	6	0.033520
50149	49842	6	0.033520
50149	49849	6	0.033520
50149	49851	6	0.033520
50149	49981	9	0.050279
50149	50115	6	0.033520
50149	49866	6	0.033520
50149	49826	6	0.033520
50149	49869	6	0.033520
50149	49872	6	0.033520
50149	50135	6	0.033520
50149	49881	6	0.033520
50149	50139	6	0.033520
50149	50013	6	0.033520
50149	50146	2	0.011173
50149	49891	6	0.033520
50149	49899	6	0.033520
50149	50107	1	0.005587
50149	49908	6	0.033520
50149	50165	6	0.033520
50149	50166	6	0.033520
50150	50081	1	0.016393
50150	49841	3	0.049180
50150	49997	1	0.016393
50150	49998	1	0.016393
50150	50151	1	0.016393
50152	49853	34	4.250000
50153	50200	14	0.933333
50153	49841	65	4.333333
50153	50081	1	0.066667
50153	49998	14	0.933333
50153	50039	28	1.866667
50154	50201	2	0.008439
50154	50018	2	0.008439
50154	49915	1	0.004219
50154	50070	1	0.004219
50154	49998	1	0.004219
50155	50201	2	0.009804
50155	50018	2	0.009804
50155	49915	1	0.004902
50155	50070	1	0.004902
50155	49998	1	0.004902
50157	50107	3	0.250000
50157	49851	1	0.083333
50157	49872	1	0.083333
50157	49849	1	0.083333
50157	50201	13	1.083333
50157	50043	25	2.083333
50157	50174	12	1.000000
50160	50048	1	0.016949
50160	50050	2	0.033898
50160	50201	3	0.050847
50160	50200	1	0.016949
50160	49945	1	0.016949
50160	49946	2	0.033898
50160	49957	1	0.016949
50160	50094	2	0.033898
50160	49967	1	0.016949
50160	49841	1	0.016949
50160	49850	1	0.016949
50160	50107	2	0.033898
50160	50108	1	0.016949
50160	50113	1	0.016949
50160	50119	1	0.016949
50160	49996	2	0.033898
50160	49998	2	0.033898
50160	50004	1	0.016949
50160	50126	4	0.067797
50160	50146	2	0.033898
50160	50153	2	0.033898
50160	49905	4	0.067797
50160	50162	1	0.016949
50160	50039	5	0.084746
50160	49912	1	0.016949
50160	50172	1	0.016949
50162	50050	2	0.020833
50162	50120	88	0.916667
50162	50146	1	0.010417
50162	49998	538	5.604167
50162	50007	2	0.020833
50162	50107	1	0.010417
50162	50174	88	0.916667
50163	50078	146	0.764398
50163	50039	2	0.010471
50164	49899	1	0.055556
50165	50149	1	0.009091
50165	49998	3	0.027273
50165	49871	1	0.009091
50165	50039	6	0.054545
50165	49818	1	0.009091
50165	50107	4	0.036364
50166	50112	4	0.005642
50166	50091	2	0.002821
50166	49960	4	0.005642
50166	50185	104	0.146685
50166	50039	7	0.009873
50166	50125	4	0.005642
50166	49998	2	0.002821
50166	49871	3	0.004231
50166	49905	2	0.002821
50166	50007	6	0.008463
50166	50196	2	0.002821
50166	50153	5	0.007052
50166	49945	2	0.002821
50166	49850	3	0.004231
50166	50107	42	0.059238
50166	49823	6	0.008463
50167	50201	2	0.038462
50169	49992	3	0.002370
50169	49899	9	0.007109
50169	49998	2	0.001580
50169	49905	4	0.003160
50169	49912	7	0.005529
50169	50201	2	0.001580
50169	50107	2	0.001580
50169	49821	2	0.001580
50172	49992	1	0.015873
50172	50107	2	0.031746
50173	49945	2	0.037736
50173	50018	2	0.037736
50173	50036	2	0.037736
50173	49981	6	0.113208
50173	49998	2	0.037736
50174	50200	2	1.000000
50174	50120	2	1.000000
50174	49998	24	12.000000
50174	49847	2	1.000000
50175	49905	1	0.027778
50175	49996	1	0.027778
50175	49998	144	4.000000
50175	49967	1	0.027778
50175	49841	1	0.027778
50175	50003	1	0.027778
50175	50004	1	0.027778
50175	50039	1	0.027778
50175	50202	7	0.194444
50175	50108	1	0.027778
50175	50174	2	0.055556
