Src	Trg	LinkCount	RelLinkCount
2560	2573	1	0.003413
2560	2400	1	0.003413
2560	2706	2	0.006826
2560	2451	1	0.003413
2560	2708	3	0.010239
2560	2528	1	0.003413
2560	2463	1	0.003413
2560	2721	1	0.003413
2560	2722	1	0.003413
2560	2602	285	0.972696
2560	2604	1	0.003413
2560	2478	1	0.003413
2560	2745	1	0.003413
2560	2497	3	0.010239
2560	2371	2	0.006826
2560	2372	1	0.003413
2560	2757	1	0.003413
2560	2375	1	0.003413
2560	2504	1	0.003413
2560	2633	2	0.006826
2560	2768	2	0.006826
2560	2395	44	0.150171
2560	2784	3	0.010239
2560	2662	1	0.003413
2560	2407	2	0.006826
2560	2536	1	0.003413
2560	2674	1	0.003413
2560	2807	1	0.003413
2560	2429	1	0.003413
2561	2560	1	0.001135
2561	2692	1	0.001135
2561	2565	1	0.001135
2561	2567	1	0.001135
2561	2696	1	0.001135
2561	2573	2	0.002270
2561	2448	2	0.002270
2561	2451	26	0.029512
2561	2708	1	0.001135
2561	2715	1	0.001135
2561	2460	2	0.002270
2561	2784	2	0.002270
2561	2463	2	0.002270
2561	2465	2	0.002270
2561	2600	1	0.001135
2561	2602	157	0.178207
2561	2745	2	0.002270
2561	2497	7	0.007946
2561	2371	1	0.001135
2561	2633	2	0.002270
2561	2649	2	0.002270
2561	2395	106	0.120318
2561	2528	1	0.001135
2561	2802	5	0.005675
2561	2421	1	0.001135
2561	2422	1	0.001135
2561	2554	435	0.493757
2561	2429	2	0.002270
2562	2561	2	0.001139
2562	2694	353	0.201025
2562	2700	471	0.268223
2562	2576	601	0.342255
2562	2449	253	0.144077
2562	2453	358	0.203872
2562	2714	3	0.001708
2562	2460	1	0.000569
2562	2463	3	0.001708
2562	2464	1	0.000569
2562	2721	35	0.019932
2562	2599	21	0.011959
2562	2478	1	0.000569
2562	2419	2	0.001139
2562	2497	3	0.001708
2562	2657	83	0.047267
2562	2572	688	0.391800
2562	2380	890	0.506834
2562	2509	3	0.001708
2562	2390	5	0.002847
2562	2395	1	0.000569
2562	2652	547	0.311503
2562	2528	4	0.002278
2562	2448	1	0.000569
2562	2403	223	0.126993
2562	2662	2	0.001139
2562	2535	448	0.255125
2562	2538	19	0.010820
2562	2795	599	0.341116
2562	2668	30	0.017084
2562	2415	126	0.071754
2562	2802	4	0.002278
2562	2547	25	0.014237
2562	2809	559	0.318337
2562	2554	2	0.001139
2562	2556	7	0.003986
2562	2429	1	0.000569
2564	2785	24	0.017937
2564	2662	1	0.000747
2564	2602	2	0.001495
2564	2701	4	0.002990
2564	2478	8	0.005979
2564	2583	1	0.000747
2564	2429	3	0.002242
2564	2718	2	0.001495
2564	2463	1	0.000747
2565	2497	14	0.008023
2565	2561	1	0.000573
2565	2602	4	0.002292
2565	2573	41	0.023496
2565	2670	1759	1.008023
2565	2478	13	0.007450
2565	2680	4	0.002292
2565	2395	5	0.002865
2566	2656	2	0.003534
2566	2497	2	0.003534
2566	2596	2	0.003534
2566	2742	2	0.003534
2566	2663	2	0.003534
2566	2792	2	0.003534
2566	2602	16	0.028269
2566	2667	621	1.097173
2566	2664	2	0.003534
2566	2646	2	0.003534
2566	2455	2	0.003534
2566	2624	2	0.003534
2566	2395	1	0.001767
2566	2524	2	0.003534
2566	2429	11	0.019435
2567	2448	1	0.007874
2567	2561	1	0.007874
2567	2395	17	0.133858
2567	2451	58	0.456693
2567	2429	11	0.086614
2568	2562	1	0.006623
2568	2787	1	0.006623
2568	2692	1	0.006623
2568	2378	1	0.006623
2568	2478	1	0.006623
2568	2386	8	0.052980
2568	2451	146	0.966887
2568	2622	1	0.006623
2568	2774	1	0.006623
2568	2615	1	0.006623
2568	2776	1	0.006623
2568	2746	12395	82.086093
2568	2556	1	0.006623
2568	2429	875	5.794702
2568	2718	1	0.006623
2568	2463	1	0.006623
2569	2528	3	0.001330
2569	2497	2	0.000887
2569	2755	2	0.000887
2569	2599	3	0.001330
2569	2378	5	0.002217
2569	2461	13	0.005765
2569	2768	11	0.004878
2569	2387	4	0.001774
2569	2420	3	0.001330
2569	2616	3	0.001330
2569	2649	3	0.001330
2569	2397	3	0.001330
2570	2378	4	0.039604
2572	2721	1	0.333333
2572	2562	213	71.000000
2573	2560	1	0.000700
2573	2561	7	0.004899
2573	2565	27	0.018894
2573	2706	1	0.000700
2573	2451	13	0.009097
2573	2708	1	0.000700
2573	2784	3	0.002099
2573	2395	36	0.025192
2573	2602	19	0.013296
2573	2605	1	0.000700
2573	2478	3	0.002099
2573	2745	1	0.000700
2573	2497	9	0.006298
2573	2371	1	0.000700
2573	2633	1	0.000700
2573	2768	1	0.000700
2573	2651	1	0.000700
2573	2528	6	0.004199
2573	2407	1	0.000700
2573	2536	1	0.000700
2573	2670	2	0.001400
2573	2423	5	0.003499
2573	2680	3	0.002099
2573	2429	4	0.002799
2576	2721	1	0.333333
2576	2562	216	72.000000
2578	2768	2	0.023256
2578	2461	1	0.011628
2579	2701	192	0.676056
2581	2562	215	71.666667
2582	2562	1	0.006757
2582	2787	1	0.006757
2582	2692	1	0.006757
2582	2378	1	0.006757
2582	2478	1	0.006757
2582	2386	8	0.054054
2582	2451	143	0.966216
2582	2622	1	0.006757
2582	2774	1	0.006757
2582	2615	1	0.006757
2582	2776	1	0.006757
2582	2746	12091	81.695946
2582	2556	1	0.006757
2582	2429	857	5.790541
2582	2718	1	0.006757
2582	2463	1	0.006757
2583	2785	16	0.017917
2583	2564	12	0.013438
2583	2497	4	0.004479
2583	2536	32	0.035834
2583	2602	4	0.004479
2583	2567	2	0.002240
2583	2605	10	0.011198
2583	2448	2	0.002240
2583	2585	3	0.003359
2583	2395	4	0.004479
2583	2429	5	0.005599
2583	2718	907	1.015677
2585	2784	2	0.001720
2585	2497	952	0.818573
2585	2371	2	0.001720
2585	2605	4	0.003439
2585	2561	2	0.001720
2585	2536	1	0.000860
2585	2633	2	0.001720
2585	2602	71	0.061049
2585	2567	1	0.000860
2585	2573	2	0.001720
2585	2599	1	0.000860
2585	2644	1	0.000860
2585	2465	2	0.001720
2585	2451	1	0.000860
2585	2708	2	0.001720
2585	2528	1	0.000860
2585	2560	2	0.001720
2585	2745	2	0.001720
2585	2649	4	0.003439
2585	2395	1	0.000860
2585	2429	2	0.001720
2586	2528	592	0.998314
2587	2528	1	0.000391
2587	2593	7	0.002735
2587	2678	2	0.000782
2587	2785	1	0.000391
2587	2536	7	0.002735
2587	2602	8	0.003126
2587	2667	1	0.000391
2587	2478	2	0.000782
2587	2767	5	0.001954
2587	2451	2	0.000782
2587	2806	2	0.000782
2587	2649	2	0.000782
2587	2746	577	0.225479
2587	2671	2	0.000782
2587	2429	36	0.014068
2587	2685	3	0.001172
2587	2463	3	0.001172
2588	2528	2	0.038462
2588	2602	50	0.961538
2588	2526	4	0.076923
2589	2561	2	0.003571
2589	2567	2	0.003571
2589	2602	2	0.003571
2589	2541	2	0.003571
2589	2451	4	0.007143
2589	2649	2	0.003571
2589	2395	4	0.007143
2589	2429	6	0.010714
2591	2728	529	18.241379
2591	2487	17	0.586207
2593	2785	1	0.002174
2593	2438	1	0.002174
2593	2662	2	0.004348
2593	2439	2	0.004348
2593	2697	2	0.004348
2593	2507	2	0.004348
2593	2478	4	0.008696
2593	2737	2	0.004348
2593	2772	28	0.060870
2593	2713	4	0.008696
2593	2685	6	0.013043
2593	2463	1	0.002174
2595	2498	3	0.018868
2595	2515	3	0.018868
2597	2721	1	0.013514
2597	2755	33	0.445946
2597	2509	1	0.013514
2597	2662	1	0.013514
2597	2463	1	0.013514
2598	2662	1	0.000406
2598	2602	1	0.000406
2598	2478	124	0.050304
2598	2543	1	0.000406
2598	2706	9	0.003651
2598	2422	1	0.000406
2598	2520	2	0.000811
2598	2714	4	0.001623
2598	2395	2	0.000811
2598	2429	1	0.000406
2598	2463	7	0.002840
2599	2528	3	0.007958
2599	2721	145	0.384615
2599	2562	3	0.007958
2599	2497	6	0.015915
2599	2602	2	0.005305
2599	2802	1	0.002653
2599	2390	2	0.005305
2599	2649	1	0.002653
2599	2395	4	0.010610
2599	2556	1	0.002653
2600	2497	3	0.047619
2600	2644	6	0.095238
2600	2407	5	0.079365
2602	2528	15460	0.464432
2602	2714	2	0.000060
2602	2395	1	0.000030
2602	2509	1	0.000030
2604	2528	1	0.000801
2604	2400	1	0.000801
2604	2602	2	0.001601
2605	2528	72	1.000000
2605	2602	16	0.222222
2610	2528	1	0.002033
2610	2497	14	0.028455
2610	2598	1	0.002033
2610	2602	1	0.002033
2610	2451	2	0.004065
2610	2646	10	0.020325
2610	2713	5	0.010163
2610	2778	1	0.002033
2610	2395	2	0.004065
2610	2429	7	0.014228
2610	2463	1	0.002033
2614	2746	5	0.005376
2614	2429	2	0.002151
2615	2497	1	0.000657
2615	2626	1	0.000657
2615	2371	3	0.001972
2615	2662	1	0.000657
2615	2785	1	0.000657
2615	2696	3	0.001972
2615	2633	6	0.003945
2615	2674	1	0.000657
2615	2478	18	0.011834
2615	2737	2	0.001315
2615	2706	5	0.003287
2615	2518	1	0.000657
2615	2537	1	0.000657
2615	2680	1	0.000657
2615	2714	1	0.000657
2615	2523	2	0.001315
2615	2556	3	0.001972
2615	2461	5	0.003287
2615	2463	6	0.003945
2616	2528	2	0.006689
2616	2662	2	0.006689
2616	2599	2	0.006689
2616	2570	2	0.006689
2616	2509	2	0.006689
2616	2615	2	0.006689
2616	2649	5	0.016722
2616	2463	2	0.006689
2617	2602	1	0.012346
2620	2528	2	0.004695
2620	2633	5	0.011737
2620	2395	2	0.004695
2620	2765	4	0.009390
2622	2561	1	0.001427
2622	2692	1	0.001427
2622	2439	1	0.001427
2622	2697	1	0.001427
2622	2451	2	0.002853
2622	2713	2	0.002853
2622	2718	1	0.001427
2622	2463	1	0.001427
2622	2593	1	0.001427
2622	2602	1	0.001427
2622	2478	1	0.001427
2622	2737	6	0.008559
2622	2742	1	0.001427
2622	2746	1	0.001427
2622	2492	3	0.004280
2622	2497	2	0.002853
2622	2507	1	0.001427
2622	2776	1	0.001427
2622	2649	30	0.042796
2622	2395	1	0.001427
2622	2662	1	0.001427
2622	2540	1	0.001427
2622	2556	1	0.001427
2622	2685	1	0.001427
2624	2429	6	0.070588
2625	2515	36	2.000000
2626	2528	1	0.005714
2626	2371	1	0.005714
2626	2564	1	0.005714
2626	2463	4	0.022857
2628	2528	17	0.944444
2628	2602	19	1.055556
2629	2562	1	0.005650
2629	2787	1	0.005650
2629	2692	1	0.005650
2629	2378	1	0.005650
2629	2478	1	0.005650
2629	2386	552	3.118644
2629	2451	36	0.203390
2629	2622	1	0.005650
2629	2774	1	0.005650
2629	2615	1	0.005650
2629	2776	1	0.005650
2629	2746	12844	72.564972
2629	2556	1	0.005650
2629	2429	213	1.203390
2629	2718	1	0.005650
2629	2463	1	0.005650
2631	2562	1	0.005650
2631	2787	1	0.005650
2631	2692	1	0.005650
2631	2378	1	0.005650
2631	2478	1	0.005650
2631	2386	552	3.118644
2631	2451	36	0.203390
2631	2622	1	0.005650
2631	2774	1	0.005650
2631	2615	1	0.005650
2631	2776	1	0.005650
2631	2746	12844	72.564972
2631	2556	1	0.005650
2631	2429	213	1.203390
2631	2718	1	0.005650
2631	2463	1	0.005650
2632	2528	1	0.006289
2633	2602	2	1.000000
2633	2451	2	1.000000
2633	2620	2	1.000000
2633	2807	2	1.000000
2634	2528	1	0.029412
2634	2562	1	0.029412
2634	2627	1	0.029412
2634	2477	1	0.029412
2634	2446	2	0.058824
2634	2478	1	0.029412
2634	2518	1	0.029412
2634	2487	4	0.117647
2634	2744	1	0.029412
2634	2681	140	4.117647
2634	2622	2	0.058824
2635	2721	1	0.333333
2635	2562	210	70.000000
2638	2528	1	0.001437
2638	2529	1	0.001437
2638	2407	4	0.005747
2638	2497	1	0.001437
2638	2600	1	0.001437
2638	2602	2	0.002874
2638	2411	1	0.001437
2638	2644	1	0.001437
2638	2709	6	0.008621
2639	2407	7	0.070707
2640	2497	9	0.078947
2640	2742	1095	9.605263
2641	2520	1	0.013889
2641	2785	1	0.013889
2641	2515	1	0.013889
2644	2561	33	0.423077
2644	2407	3	0.038462
2644	2602	2	0.025641
2644	2448	4	0.051282
2644	2497	3	0.038462
2644	2451	4	0.051282
2644	2395	30	0.384615
2645	2528	3	0.011673
2645	2769	1	0.003891
2645	2728	160	0.622568
2645	2537	1	0.003891
2645	2602	37	0.143969
2645	2487	1	0.003891
2645	2577	1	0.003891
2645	2579	1	0.003891
2645	2580	1	0.003891
2645	2519	1	0.003891
2645	2392	1	0.003891
2645	2617	1	0.003891
2645	2705	60	0.233463
2645	2591	15	0.058366
2646	2602	2	0.018519
2646	2667	12	0.111111
2646	2610	4	0.037037
2648	2464	2	0.002736
2648	2562	7	0.009576
2648	2662	1	0.001368
2648	2537	1	0.001368
2648	2602	4	0.005472
2648	2572	1	0.001368
2649	2531	2	0.005900
2649	2692	2	0.005900
2649	2567	1	0.002950
2649	2602	23	0.067847
2649	2513	2	0.005900
2649	2742	1	0.002950
2649	2395	1	0.002950
2649	2429	5	0.014749
2649	2622	1	0.002950
2649	2463	1	0.002950
2650	2704	764	1.013263
2650	2706	32	0.042440
2650	2787	764	1.013263
2650	2653	764	1.013263
2650	2543	764	1.013263
2651	2680	1	0.004274
2651	2753	2	0.008547
2651	2573	2	0.008547
2651	2670	2	0.008547
2652	2721	1	0.250000
2652	2562	281	70.250000
2653	2528	1	0.004975
2653	2602	2	0.009950
2653	2573	2	0.009950
2653	2706	1	0.004975
2656	2528	1	0.000611
2656	2497	2	0.001222
2656	2792	6	0.003665
2656	2602	2	0.001222
2656	2667	7	0.004276
2656	2548	8	0.004887
2656	2746	4	0.002443
2656	2524	7	0.004276
2656	2429	1	0.000611
2657	2562	210	70.000000
2659	2562	1	0.005650
2659	2787	1	0.005650
2659	2692	1	0.005650
2659	2378	1	0.005650
2659	2478	1	0.005650
2659	2386	552	3.118644
2659	2451	36	0.203390
2659	2622	1	0.005650
2659	2774	1	0.005650
2659	2615	1	0.005650
2659	2776	1	0.005650
2659	2746	12844	72.564972
2659	2556	1	0.005650
2659	2429	213	1.203390
2659	2718	1	0.005650
2659	2463	1	0.005650
2660	2378	1	0.005263
2660	2509	1	0.005263
2661	2528	1	0.001890
2661	2497	17	0.032136
2661	2422	1	0.001890
2661	2598	1	0.001890
2661	2602	3	0.005671
2661	2667	1	0.001890
2661	2610	1204	2.275992
2661	2451	2	0.003781
2661	2646	10	0.018904
2661	2713	5	0.009452
2661	2778	1	0.001890
2661	2395	2	0.003781
2661	2429	9	0.017013
2661	2463	1	0.001890
2662	2464	6	0.089552
2662	2602	1	0.014925
2662	2682	1	0.014925
2663	2520	2	0.022222
2664	2497	3	0.010490
2664	2602	4	0.013986
2664	2395	6	0.020979
2664	2429	12	0.041958
2664	2567	4	0.013986
2667	2656	2	0.004141
2667	2624	2	0.004141
2667	2596	2	0.004141
2667	2742	2	0.004141
2667	2663	2	0.004141
2667	2792	2	0.004141
2667	2602	16	0.033126
2667	2664	2	0.004141
2667	2497	2	0.004141
2667	2646	2	0.004141
2667	2455	2	0.004141
2667	2395	1	0.002070
2667	2524	2	0.004141
2667	2429	11	0.022774
2668	2721	1	0.333333
2668	2562	210	70.000000
2669	2528	8	0.016949
2669	2497	12	0.025424
2669	2567	3	0.006356
2669	2602	43	0.091102
2669	2605	1	0.002119
2669	2448	3	0.006356
2669	2386	4	0.008475
2669	2775	432	0.915254
2669	2649	2	0.004237
2669	2746	100	0.211864
2669	2395	3	0.006356
2669	2429	31	0.065678
2670	2680	4	0.003562
2670	2565	2	0.001781
2670	2478	8	0.007124
2671	2528	2	0.008130
2671	2785	1	0.004065
2671	2602	3	0.012195
2672	2562	1	0.005650
2672	2787	1	0.005650
2672	2692	1	0.005650
2672	2378	1	0.005650
2672	2478	1	0.005650
2672	2386	552	3.118644
2672	2451	36	0.203390
2672	2622	1	0.005650
2672	2774	1	0.005650
2672	2615	1	0.005650
2672	2776	1	0.005650
2672	2746	12844	72.564972
2672	2556	1	0.005650
2672	2429	213	1.203390
2672	2718	1	0.005650
2672	2463	1	0.005650
2673	2528	30	2.000000
2673	2375	5	0.333333
2674	2528	3	0.001583
2674	2785	2	0.001055
2674	2722	1	0.000528
2674	2439	2	0.001055
2674	2602	1	0.000528
2674	2507	2	0.001055
2674	2604	1	0.000528
2674	2478	2	0.001055
2674	2737	2	0.001055
2674	2560	1	0.000528
2674	2400	3	0.001583
2674	2461	2	0.001055
2675	2721	1	0.250000
2675	2562	279	69.750000
2676	2528	1	0.050000
2676	2378	1	0.050000
2676	2387	2	0.100000
2680	2753	3	0.002982
2680	2565	3	0.002982
2680	2537	1	0.000994
2680	2573	4	0.003976
2680	2670	3	0.002982
2680	2478	39	0.038767
2680	2714	1	0.000994
2683	2562	1	0.005650
2683	2787	1	0.005650
2683	2692	1	0.005650
2683	2378	1	0.005650
2683	2478	1	0.005650
2683	2386	552	3.118644
2683	2451	36	0.203390
2683	2622	1	0.005650
2683	2774	1	0.005650
2683	2615	1	0.005650
2683	2776	1	0.005650
2683	2746	12844	72.564972
2683	2556	1	0.005650
2683	2429	213	1.203390
2683	2718	1	0.005650
2683	2463	1	0.005650
2685	2528	1	0.001248
2685	2692	1	0.001248
2685	2772	6	0.007491
2685	2454	2	0.002497
2685	2713	1	0.001248
2685	2649	2	0.002497
2685	2429	1	0.001248
2687	2464	1	0.000182
2687	2497	28	0.005101
2687	2785	2	0.000364
2687	2536	33	0.006012
2687	2602	5	0.000911
2687	2476	2	0.000364
2687	2767	2	0.000364
2687	2515	628	0.114411
2687	2678	2	0.000364
2687	2520	6	0.001093
2687	2671	2	0.000364
2687	2398	1	0.000182
2689	2528	1	0.016129
2689	2561	1	0.016129
2689	2602	2	0.032258
2689	2569	3	0.048387
2689	2570	2	0.032258
2689	2768	4	0.064516
2689	2387	2	0.032258
2689	2420	2	0.032258
2689	2395	1	0.016129
2689	2378	5	0.080645
2689	2461	1	0.016129
2691	2520	1	0.000949
2691	2737	1	0.000949
2691	2564	1	0.000949
2691	2429	23	0.021822
2691	2478	1	0.000949
2692	2720	22	0.003257
2692	2497	9	0.001333
2692	2567	2	0.000296
2692	2504	1	0.000148
2692	2505	1	0.000148
2692	2602	31	0.004590
2692	2540	4	0.000592
2692	2701	1	0.000148
2692	2429	18	0.002665
2692	2800	9	0.001333
2692	2513	2	0.000296
2692	2451	3	0.000444
2692	2512	1	0.000148
2692	2528	3	0.000444
2692	2806	1	0.000148
2692	2585	1	0.000148
2692	2649	5	0.000740
2692	2509	5	0.000740
2692	2395	3	0.000444
2692	2685	6	0.000888
2692	2463	9	0.001333
2694	2721	1	0.333333
2694	2562	210	70.000000
2696	2371	1	0.002551
2697	2369	1	0.001565
2697	2692	1	0.001565
2697	2662	3	0.004695
2697	2439	3	0.004695
2697	2602	1	0.001565
2697	2507	3	0.004695
2697	2540	3	0.004695
2697	2478	6	0.009390
2697	2685	2	0.003130
2697	2737	1	0.001565
2697	2429	6	0.009390
2697	2451	1	0.001565
2697	2772	3	0.004695
2697	2742	2	0.003130
2697	2713	4	0.006260
2697	2649	15	0.023474
2697	2513	1	0.001565
2697	2589	1	0.001565
2697	2463	4	0.006260
2700	2721	1	0.250000
2700	2562	279	69.750000
2701	2561	3	0.000125
2701	2564	5	0.000208
2701	2565	1	0.000042
2701	2412	8	0.000332
2701	2451	2	0.000083
2701	2583	1	0.000042
2701	2692	2	0.000083
2701	2463	17	0.000706
2701	2720	9	0.000374
2701	2467	4	0.000166
2701	2602	9	0.000374
2701	2478	10	0.000415
2701	2743	8	0.000332
2701	2746	1	0.000042
2701	2492	38	0.001577
2701	2622	1	0.000042
2701	2497	5	0.000208
2701	2504	2	0.000083
2701	2807	1	0.000042
2701	2767	4	0.000166
2701	2520	2	0.000083
2701	2778	1	0.000042
2701	2781	4	0.000166
2701	2528	1	0.000042
2701	2531	1	0.000042
2701	2662	5	0.000208
2701	2540	9	0.000374
2701	2671	4	0.000166
2701	2800	5	0.000208
2701	2806	1	0.000042
2701	2429	23	0.000955
2701	2685	2	0.000083
2702	2602	2	0.133333
2703	2562	1	0.005650
2703	2787	1	0.005650
2703	2692	1	0.005650
2703	2378	1	0.005650
2703	2478	1	0.005650
2703	2386	552	3.118644
2703	2451	36	0.203390
2703	2622	1	0.005650
2703	2774	1	0.005650
2703	2615	1	0.005650
2703	2776	1	0.005650
2703	2746	12844	72.564972
2703	2556	1	0.005650
2703	2429	213	1.203390
2703	2718	1	0.005650
2703	2463	1	0.005650
2704	2584	62	0.276786
2704	2497	1	0.004464
2704	2650	3	0.013393
2704	2653	3	0.013393
2704	2686	3	0.013393
2705	2728	3	0.050000
2705	2605	1	0.016667
2706	2560	1	0.001524
2706	2573	2	0.003049
2706	2704	1	0.001524
2706	2451	1	0.001524
2706	2708	1	0.001524
2706	2528	1	0.001524
2706	2465	1	0.001524
2706	2602	66	0.100610
2706	2475	3	0.004573
2706	2610	1	0.001524
2706	2745	1	0.001524
2706	2497	20	0.030488
2706	2371	1	0.001524
2706	2633	1	0.001524
2706	2768	1	0.001524
2706	2650	12	0.018293
2706	2395	2	0.003049
2706	2653	1	0.001524
2706	2784	2	0.003049
2706	2787	1	0.001524
2706	2407	2	0.003049
2706	2543	24	0.036585
2706	2804	1	0.001524
2706	2805	1	0.001524
2706	2422	12	0.018293
2706	2429	1	0.001524
2706	2686	1	0.001524
2707	2461	6	0.001461
2708	2528	1	0.007463
2708	2497	12	0.089552
2708	2602	2	0.014925
2708	2451	2	0.014925
2708	2395	2	0.014925
2710	2497	2	0.011236
2710	2602	1	0.005618
2710	2562	2	0.011236
2710	2429	1	0.005618
2711	2562	1	0.005650
2711	2787	1	0.005650
2711	2692	1	0.005650
2711	2378	1	0.005650
2711	2478	1	0.005650
2711	2386	552	3.118644
2711	2451	36	0.203390
2711	2622	1	0.005650
2711	2774	1	0.005650
2711	2615	1	0.005650
2711	2776	1	0.005650
2711	2746	12844	72.564972
2711	2556	1	0.005650
2711	2429	213	1.203390
2711	2718	1	0.005650
2711	2463	1	0.005650
2712	2478	1	0.038462
2712	2662	1	0.038462
2712	2463	1	0.038462
2713	2464	1	0.000871
2713	2692	1	0.000871
2713	2746	3	0.002613
2713	2792	1	0.000871
2713	2697	1	0.000871
2713	2602	1	0.000871
2713	2667	1	0.000871
2713	2478	2	0.001742
2713	2451	1	0.000871
2713	2548	1	0.000871
2713	2622	5	0.004355
2713	2742	2	0.001742
2713	2778	1	0.000871
2713	2776	1	0.000871
2713	2772	1	0.000871
2713	2549	1	0.000871
2713	2492	1	0.000871
2713	2524	2	0.001742
2713	2429	7	0.006098
2713	2526	1	0.000871
2713	2463	1	0.000871
2714	2785	1	0.027027
2714	2628	1	0.027027
2714	2598	2	0.054054
2714	2662	1	0.027027
2714	2537	1	0.027027
2714	2602	22	0.594595
2714	2411	1	0.027027
2714	2674	1	0.027027
2714	2518	1	0.027027
2714	2615	1	0.027027
2714	2680	1	0.027027
2714	2682	4	0.108108
2714	2461	1	0.027027
2714	2622	2	0.054054
2715	2528	2	0.012346
2715	2561	1	0.006173
2715	2602	2	0.012346
2715	2605	2	0.012346
2715	2512	1	0.006173
2715	2395	1	0.006173
2718	2785	34	0.850000
2718	2564	34	0.850000
2718	2790	1	0.025000
2718	2476	1	0.025000
2718	2583	67	1.675000
2718	2426	1	0.025000
2718	2463	1	0.025000
2720	2497	1	0.001153
2720	2692	24	0.027682
2720	2564	2	0.002307
2720	2478	1	0.001153
2720	2649	4	0.004614
2720	2429	1	0.001153
2720	2463	1	0.001153
2721	2560	2	0.000252
2721	2561	6	0.000755
2721	2562	28833	3.629989
2721	2435	3	0.000378
2721	2692	4	0.000504
2721	2565	2	0.000252
2721	2573	4	0.000504
2721	2706	6	0.000755
2721	2453	1	0.000126
2721	2784	2	0.000252
2721	2463	3	0.000378
2721	2464	2	0.000252
2721	2466	2	0.000252
2721	2599	9036	1.137605
2721	2602	62	0.007806
2721	2605	1	0.000126
2721	2486	3	0.000378
2721	2745	4	0.000504
2721	2495	9	0.001133
2721	2497	21	0.002644
2721	2371	6	0.000755
2721	2422	2	0.000252
2721	2768	2	0.000252
2721	2513	1	0.000126
2721	2390	56	0.007050
2721	2648	1	0.000126
2721	2649	3	0.000378
2721	2395	45	0.005665
2721	2528	15	0.001888
2721	2662	3	0.000378
2721	2536	2	0.000252
2721	2543	2	0.000252
2721	2792	2	0.000252
2721	2802	5250	0.660959
2721	2419	7	0.000881
2721	2806	2	0.000252
2721	2556	15	0.001888
2721	2429	8	0.001007
2722	2560	1	0.012987
2722	2721	1	0.012987
2722	2528	1	0.012987
2723	2528	2	0.006431
2723	2466	2	0.006431
2723	2564	1	0.003215
2723	2664	2	0.006431
2723	2602	1	0.003215
2723	2509	2	0.006431
2723	2478	1	0.003215
2723	2742	2	0.006431
2723	2778	1	0.003215
2723	2429	3	0.009646
2724	2528	3	0.007177
2724	2497	5	0.011962
2724	2567	445	1.064593
2724	2602	8	0.019139
2724	2369	1	0.002392
2724	2513	2	0.004785
2724	2770	2	0.004785
2724	2451	1	0.002392
2724	2743	1	0.002392
2724	2649	7	0.016746
2724	2395	1	0.002392
2724	2429	14	0.033493
2727	2507	1	0.058824
2727	2556	1	0.058824
2728	2705	2	0.005666
2728	2487	2	0.005666
2728	2645	8	0.022663
2728	2518	6	0.016997
2728	2591	352	0.997167
2730	2528	1133	0.999118
2732	2528	2	0.013423
2732	2497	5	0.033557
2732	2783	2	0.013423
2734	2411	2	0.013986
2734	2407	5	0.034965
2736	2652	6	0.022305
2736	2478	7	0.026022
2736	2463	7	0.026022
2737	2438	1	0.000806
2737	2439	1	0.000806
2737	2697	1	0.000806
2737	2713	1	0.000806
2737	2461	1	0.000806
2737	2463	4	0.003223
2737	2593	1	0.000806
2737	2598	1	0.000806
2737	2602	5	0.004029
2737	2478	7	0.005641
2737	2615	1	0.000806
2737	2622	7	0.005641
2737	2507	1	0.000806
2737	2518	1	0.000806
2737	2649	3	0.002417
2737	2785	1	0.000806
2737	2411	1	0.000806
2737	2540	8	0.006446
2737	2674	1	0.000806
2737	2680	1	0.000806
2737	2556	1	0.000806
2737	2685	1	0.000806
2738	2622	1	0.037037
2740	2602	1	0.009346
2740	2662	1	0.009346
2740	2463	1	0.009346
2741	2721	1	0.250000
2741	2562	284	71.000000
2742	2528	2	0.002215
2742	2497	607	0.672204
2742	2692	2	0.002215
2742	2567	1	0.001107
2742	2696	2	0.002215
2742	2602	2	0.002215
2742	2669	2	0.002215
2742	2451	3	0.003322
2742	2548	2	0.002215
2742	2806	2	0.002215
2742	2649	3	0.003322
2742	2524	2	0.002215
2742	2429	6	0.006645
2742	2526	2	0.002215
2743	2513	31	0.006519
2743	2602	39	0.008202
2743	2564	78	0.016404
2743	2429	114	0.023975
2744	2681	1	0.010753
2745	2721	1	0.001379
2745	2755	4	0.005517
2745	2569	1	0.001379
2745	2602	48	0.066207
2745	2451	2	0.002759
2745	2395	10	0.013793
2745	2397	1	0.001379
2746	2562	7	0.004281
2746	2692	21	0.012844
2746	2565	7	0.004281
2746	2696	7	0.004281
2746	2451	841	0.514373
2746	2583	14	0.008563
2746	2587	7	0.004281
2746	2718	7	0.004281
2746	2463	14	0.008563
2746	2478	7	0.004281
2746	2742	7	0.004281
2746	2615	7	0.004281
2746	2622	7	0.004281
2746	2378	7	0.004281
2746	2386	2270	1.388379
2746	2774	7	0.004281
2746	2776	7	0.004281
2746	2528	7	0.004281
2746	2787	7	0.004281
2746	2405	7	0.004281
2746	2792	7	0.004281
2746	2664	7	0.004281
2746	2548	7	0.004281
2746	2556	7	0.004281
2746	2429	4968	3.038532
2748	2602	1	0.001314
2748	2556	1	0.001314
2748	2622	1	0.001314
2753	2528	1	0.200000
2753	2448	1	0.200000
2753	2573	1	0.200000
2753	2670	12	2.400000
2753	2680	1	0.200000
2757	2528	3	0.009967
2757	2793	1	0.003322
2757	2464	1	0.003322
2757	2656	9	0.029900
2758	2701	1	0.009901
2759	2422	2	0.002220
2767	2528	1	0.002732
2767	2602	38	0.103825
2767	2509	1	0.002732
2767	2701	16	0.043716
2767	2800	1	0.002732
2767	2806	1	0.002732
2767	2776	1	0.002732
2767	2587	15	0.040984
2767	2429	1	0.002732
2768	2560	1	0.001016
2768	2561	8	0.008130
2768	2497	10	0.010163
2768	2569	3	0.003049
2768	2570	6	0.006098
2768	2571	1	0.001016
2768	2573	1	0.001016
2768	2706	1	0.001016
2768	2451	4	0.004065
2768	2708	1	0.001016
2768	2461	11	0.011179
2768	2721	76	0.077236
2768	2473	3	0.003049
2768	2602	2	0.002033
2768	2735	1	0.001016
2768	2745	1	0.001016
2768	2491	1	0.001016
2768	2623	1	0.001016
2768	2784	1	0.001016
2768	2630	2	0.002033
2768	2504	1	0.001016
2768	2633	1	0.001016
2768	2378	975	0.990854
2768	2383	2	0.002033
2768	2387	3	0.003049
2768	2520	3	0.003049
2768	2395	166	0.168699
2768	2396	2	0.002033
2768	2528	1	0.001016
2768	2786	1	0.001016
2768	2660	1	0.001016
2768	2407	1	0.001016
2768	2536	1	0.001016
2768	2707	2	0.002033
2768	2420	4	0.004065
2768	2807	1	0.001016
2768	2559	1	0.001016
2770	2564	1	0.000943
2770	2429	1	0.000943
2770	2622	1	0.000943
2772	2692	2	0.000844
2772	2438	3919	1.653586
2772	2439	8705	3.672996
2772	2697	4773	2.013924
2772	2713	9576	4.040506
2772	2463	2	0.000844
2772	2593	13	0.005485
2772	2466	2	0.000844
2772	2602	18	0.007595
2772	2478	10	0.004219
2772	2737	4795	2.023207
2772	2742	2	0.000844
2772	2492	1	0.000422
2772	2622	2	0.000844
2772	2507	8707	3.673840
2772	2513	3	0.001266
2772	2649	12	0.005063
2772	2778	3904	1.647257
2772	2524	2	0.000844
2772	2405	2	0.000844
2772	2540	3920	1.654008
2772	2429	2	0.000844
2772	2806	2	0.000844
2772	2685	3904	1.647257
2773	2562	1	0.005650
2773	2787	1	0.005650
2773	2692	1	0.005650
2773	2378	1	0.005650
2773	2478	1	0.005650
2773	2386	552	3.118644
2773	2451	36	0.203390
2773	2622	1	0.005650
2773	2774	1	0.005650
2773	2615	1	0.005650
2773	2776	1	0.005650
2773	2746	12844	72.564972
2773	2556	1	0.005650
2773	2429	213	1.203390
2773	2718	1	0.005650
2773	2463	1	0.005650
2774	2513	8	4.000000
2775	2466	3	1.000000
2775	2669	3	1.000000
2776	2562	1	0.004608
2776	2692	6	0.027650
2776	2567	1	0.004608
2776	2701	3	0.013825
2776	2451	3	0.013825
2776	2463	3	0.013825
2776	2593	1	0.004608
2776	2602	3	0.013825
2776	2478	1	0.004608
2776	2742	1	0.004608
2776	2746	2	0.009217
2776	2492	2	0.009217
2776	2622	1	0.004608
2776	2497	1	0.004608
2776	2513	1	0.004608
2776	2515	1	0.004608
2776	2649	1	0.004608
2776	2395	1	0.004608
2776	2528	3	0.013825
2776	2662	1	0.004608
2776	2806	176	0.811060
2776	2429	4	0.018433
2778	2602	4	0.001017
2778	2507	1	0.000254
2778	2540	1	0.000254
2778	2478	17	0.004321
2778	2742	1	0.000254
2778	2429	1	0.000254
2778	2463	3	0.000763
2779	2649	1	0.002101
2783	2784	3	0.044776
2783	2391	1	0.014925
2784	2528	1	0.006757
2784	2497	1	0.006757
2784	2371	1	0.006757
2784	2536	1	0.006757
2784	2796	148	1.000000
2784	2732	1	0.006757
2784	2573	2	0.013514
2784	2768	1	0.006757
2784	2802	1	0.006757
2784	2451	2	0.013514
2784	2706	1	0.006757
2784	2745	1	0.006757
2784	2395	9	0.060811
2785	2560	1	0.000386
2785	2433	1	0.000386
2785	2434	1	0.000386
2785	2565	1	0.000386
2785	2696	1	0.000386
2785	2573	1	0.000386
2785	2708	1	0.000386
2785	2583	1	0.000386
2785	2463	2	0.000772
2785	2728	1	0.000386
2785	2602	5	0.001930
2785	2476	2	0.000772
2785	2745	1	0.000386
2785	2784	1	0.000386
2785	2498	1	0.000386
2785	2633	1	0.000386
2785	2512	1	0.000386
2785	2528	1	0.000386
2785	2790	1	0.000386
2785	2536	2	0.000772
2785	2426	1	0.000386
2785	2556	1	0.000386
2785	2687	1	0.000386
2786	2768	8	0.235294
2786	2378	1	0.029412
2787	2602	2	0.012821
2787	2475	1	0.006410
2787	2650	1	0.006410
2787	2422	1250	8.012821
2789	2562	8	0.002706
2789	2662	2	0.000677
2789	2599	2	0.000677
2789	2602	2	0.000677
2789	2478	2	0.000677
2789	2556	4	0.001353
2789	2463	2	0.000677
2792	2451	9	0.005432
2792	2528	4	0.002414
2792	2713	5	0.003018
2792	2463	1	0.000604
2792	2602	165	0.099578
2792	2482	7	0.004225
2792	2742	3	0.001811
2792	2746	1	0.000604
2792	2496	1	0.000604
2792	2497	37	0.022330
2792	2509	3	0.001811
2792	2649	5	0.003018
2792	2395	11	0.006639
2792	2526	1	0.000604
2792	2656	4	0.002414
2792	2401	4	0.002414
2792	2662	1	0.000604
2792	2667	2	0.001207
2792	2685	2	0.001207
2792	2548	2	0.001207
2792	2549	8	0.004828
2792	2680	1	0.000604
2792	2429	55	0.033193
2794	2486	1	0.012821
2795	2721	1	0.333333
2795	2562	212	70.666667
2796	2784	62	31.000000
2796	2395	6	3.000000
2797	2451	1	0.090909
2800	2648	1	0.000700
2800	2692	26	0.018207
2800	2701	6	0.004202
2800	2622	1	0.000700
2800	2478	2	0.001401
2803	2562	1	0.005650
2803	2787	1	0.005650
2803	2692	1	0.005650
2803	2378	1	0.005650
2803	2478	1	0.005650
2803	2386	552	3.118644
2803	2451	36	0.203390
2803	2622	1	0.005650
2803	2774	1	0.005650
2803	2615	1	0.005650
2803	2776	1	0.005650
2803	2746	12842	72.553672
2803	2556	1	0.005650
2803	2429	213	1.203390
2803	2718	1	0.005650
2803	2463	1	0.005650
2805	2598	1	0.014085
2805	2543	1	0.014085
2805	2706	1	0.014085
2805	2422	1	0.014085
2805	2584	3	0.042254
2805	2649	1	0.014085
2806	2528	3	0.002264
2806	2497	6	0.004528
2806	2692	2	0.001509
2806	2614	1	0.000755
2806	2662	2	0.001509
2806	2567	1	0.000755
2806	2602	8	0.006038
2806	2667	1	0.000755
2806	2701	3	0.002264
2806	2478	2	0.001509
2806	2781	2	0.001509
2806	2513	3	0.002264
2806	2451	2	0.001509
2806	2742	1	0.000755
2806	2776	210	0.158491
2806	2649	1	0.000755
2806	2395	2	0.001509
2806	2429	52	0.039245
2806	2463	1	0.000755
2807	2692	4	0.000706
2807	2565	1	0.000176
2807	2696	2	0.000353
2807	2447	1	0.000176
2807	2705	1	0.000176
2807	2708	1	0.000176
2807	2463	6	0.001058
2807	2464	2	0.000353
2807	2724	1	0.000176
2807	2422	1	0.000176
2807	2614	1	0.000176
2807	2478	1	0.000176
2807	2486	1	0.000176
2807	2620	2	0.000353
2807	2498	1	0.000176
2807	2755	3	0.000529
2807	2742	1	0.000176
2807	2509	1	0.000176
2807	2513	3	0.000529
2807	2649	16	0.002822
2807	2524	4	0.000706
2807	2528	1	0.000176
2807	2662	1	0.000176
2807	2540	1	0.000176
2807	2543	1	0.000176
2807	2674	1	0.000176
2807	2804	1	0.000176
2807	2806	8	0.001411
2807	2423	1	0.000176
2807	2429	3	0.000529
2807	2686	1	0.000176
2808	2799	9	0.010740
2809	2721	1	0.333333
2809	2562	210	70.000000
2810	2528	1	0.003086
2810	2564	1	0.003086
2810	2792	2	0.006173
2810	2602	1	0.003086
2810	2701	1	0.003086
2810	2549	2	0.006173
2810	2429	2	0.006173
2368	2528	1	0.015873
2368	2561	1	0.015873
2368	2602	2	0.031746
2368	2569	3	0.047619
2368	2378	5	0.079365
2368	2461	1	0.015873
2368	2768	4	0.063492
2368	2387	2	0.031746
2368	2420	2	0.031746
2368	2395	1	0.015873
2368	2570	2	0.031746
2369	2497	1	0.002703
2369	2505	1	0.002703
2369	2429	34	0.091892
2369	2541	2	0.005405
2371	2560	2	0.000513
2371	2561	5	0.001284
2371	2696	9	0.002311
2371	2573	2	0.000513
2371	2706	3	0.000770
2371	2451	3	0.000770
2371	2708	2	0.000513
2371	2784	3	0.000770
2371	2721	2	0.000513
2371	2602	10	0.002567
2371	2605	1	0.000257
2371	2478	1	0.000257
2371	2484	50	0.012837
2371	2615	6	0.001540
2371	2745	2	0.000513
2371	2497	4	0.001027
2371	2504	1	0.000257
2371	2633	2	0.000513
2371	2768	2	0.000513
2371	2395	25	0.006418
2371	2528	6	0.001540
2371	2407	3	0.000770
2371	2536	2	0.000513
2371	2429	1	0.000257
2372	2398	3	0.002879
2375	2528	64	1.882353
2375	2585	1	0.029412
2375	2602	3	0.088235
2375	2398	3	0.088235
2375	2463	1	0.029412
2378	2528	1	0.015873
2378	2561	1	0.015873
2378	2602	2	0.031746
2378	2569	3	0.047619
2378	2570	2	0.031746
2378	2768	4	0.063492
2378	2387	2	0.031746
2378	2420	2	0.031746
2378	2395	1	0.015873
2378	2461	1	0.015873
2380	2721	1	0.200000
2380	2562	353	70.600000
2381	2648	1	0.004219
2381	2528	1	0.004219
2381	2602	1	0.004219
2385	2528	7	1.000000
2385	2452	7	1.000000
2386	2562	1	0.006944
2386	2787	1	0.006944
2386	2692	1	0.006944
2386	2378	1	0.006944
2386	2478	1	0.006944
2386	2451	139	0.965278
2386	2622	1	0.006944
2386	2774	1	0.006944
2386	2615	1	0.006944
2386	2776	1	0.006944
2386	2746	11814	82.041667
2386	2556	1	0.006944
2386	2429	832	5.777778
2386	2718	1	0.006944
2386	2463	1	0.006944
2387	2378	5	0.096154
2388	2662	2	0.032787
2389	2785	68	0.150442
2389	2439	1	0.002212
2389	2662	2	0.004425
2389	2593	1	0.002212
2389	2536	1	0.002212
2389	2697	1	0.002212
2389	2602	6	0.013274
2389	2507	1	0.002212
2389	2540	1	0.002212
2389	2605	1	0.002212
2389	2478	1	0.002212
2389	2737	1	0.002212
2389	2497	1	0.002212
2389	2685	1	0.002212
2389	2463	2	0.004425
2390	2464	6	0.017341
2390	2721	1	0.002890
2390	2562	2	0.005780
2390	2599	4	0.011561
2390	2605	2	0.005780
2390	2556	1	0.002890
2392	2537	1	0.022222
2392	2478	1	0.022222
2394	2721	1	0.333333
2394	2562	215	71.666667
2395	2560	6	0.001736
2395	2561	2524	0.730324
2395	2692	3	0.000868
2395	2567	4	0.001157
2395	2573	11	0.003183
2395	2451	39	0.011285
2395	2708	6	0.001736
2395	2460	145	0.041956
2395	2784	5	0.001447
2395	2602	75	0.021701
2395	2745	7	0.002025
2395	2497	18	0.005208
2395	2371	2	0.000579
2395	2633	5	0.001447
2395	2768	9	0.002604
2395	2513	2	0.000579
2395	2644	6	0.001736
2395	2390	2	0.000579
2395	2649	2	0.000579
2395	2398	1	0.000289
2395	2528	2493	0.721354
2395	2536	5	0.001447
2395	2796	2	0.000579
2395	2802	8	0.002315
2395	2421	76	0.021991
2395	2554	5	0.001447
2395	2556	1	0.000289
2395	2429	5	0.001447
2396	2570	1	0.003195
2399	2561	1	0.000318
2399	2692	1	0.000318
2399	2565	1	0.000318
2399	2567	2	0.000635
2399	2696	1	0.000318
2399	2569	1	0.000318
2399	2447	1	0.000318
2399	2451	6	0.001906
2399	2583	1	0.000318
2399	2715	1	0.000318
2399	2589	1	0.000318
2399	2587	1	0.000318
2399	2724	1	0.000318
2399	2600	1	0.000318
2399	2602	19	0.006036
2399	2610	1	0.000318
2399	2369	1	0.000318
2399	2498	1	0.000318
2399	2422	1	0.000318
2399	2509	2	0.000635
2399	2638	1	0.000318
2399	2513	1	0.000318
2399	2390	1	0.000318
2399	2649	7	0.002224
2399	2524	1	0.000318
2399	2526	1	0.000318
2399	2528	2	0.000635
2399	2529	1	0.000318
2399	2405	1	0.000318
2399	2792	1	0.000318
2399	2667	1	0.000318
2399	2669	1	0.000318
2399	2497	4	0.001271
2399	2548	1	0.000318
2399	2806	1	0.000318
2399	2429	43	0.013659
2400	2722	2	0.222222
2400	2604	2	0.222222
2401	2528	1	0.011905
2401	2792	2	0.023810
2401	2602	37	0.440476
2401	2772	1	0.011905
2401	2549	1	0.011905
2401	2713	1	0.011905
2401	2429	1	0.011905
2402	2520	3	0.027027
2402	2451	1	0.009009
2402	2564	1	0.009009
2402	2429	3	0.027027
2403	2721	1	0.333333
2403	2562	213	71.000000
2403	2390	2	0.666667
2405	2561	2	0.001068
2405	2692	2	0.001068
2405	2369	2	0.001068
2405	2451	2	0.001068
2405	2587	2	0.001068
2405	2589	2	0.001068
2405	2466	2	0.001068
2405	2602	14	0.007475
2405	2567	4	0.002136
2405	2610	2	0.001068
2405	2742	2	0.001068
2405	2497	6	0.003203
2405	2614	2	0.001068
2405	2395	6	0.003203
2405	2524	2	0.001068
2405	2526	2	0.001068
2405	2792	2	0.001068
2405	2667	2	0.001068
2405	2412	4	0.002136
2405	2669	2	0.001068
2405	2548	2	0.001068
2405	2806	2	0.001068
2405	2429	18	0.009610
2406	2528	291	0.996575
2406	2602	50	0.171233
2408	2562	1	0.006944
2408	2787	1	0.006944
2408	2692	1	0.006944
2408	2378	1	0.006944
2408	2478	1	0.006944
2408	2386	8	0.055556
2408	2451	139	0.965278
2408	2622	1	0.006944
2408	2774	1	0.006944
2408	2615	1	0.006944
2408	2776	1	0.006944
2408	2746	11814	82.041667
2408	2556	1	0.006944
2408	2429	832	5.777778
2408	2718	1	0.006944
2408	2463	1	0.006944
2410	2768	26	8.666667
2410	2378	3	1.000000
2411	2528	1	0.001479
2411	2529	3	0.004438
2411	2407	3	0.004438
2411	2600	3	0.004438
2411	2602	1	0.001479
2411	2638	2	0.002959
2412	2528	2	0.005935
2412	2405	70	0.207715
2412	2662	11	0.032641
2412	2439	9	0.026706
2412	2697	2	0.005935
2412	2602	50	0.148368
2412	2507	2	0.005935
2412	2478	118	0.350148
2412	2737	2	0.005935
2412	2772	31	0.091988
2412	2713	6	0.017804
2412	2429	2	0.005935
2412	2463	45	0.133531
2414	2648	2	0.066667
2414	2478	1	0.033333
2414	2662	1	0.033333
2414	2463	1	0.033333
2415	2562	144	72.000000
2418	2528	417	0.997608
2418	2602	419	1.002392
2418	2398	418	1.000000
2419	2528	21	0.017857
2419	2497	5	0.004252
2419	2390	1	0.000850
2419	2502	3	0.002551
2419	2721	13	0.011054
2419	2602	1	0.000850
2419	2415	1	0.000850
2419	2802	29	0.024660
2419	2710	3	0.002551
2419	2585	4	0.003401
2419	2395	30	0.025510
2420	2497	1	0.001613
2420	2378	4	0.006452
2420	2461	8	0.012903
2420	2768	2	0.003226
2420	2383	3	0.004839
2420	2602	2	0.003226
2421	2528	199	1.005051
2421	2561	199	1.005051
2421	2536	1	0.005051
2421	2602	2	0.010101
2421	2796	1	0.005051
2421	2573	1	0.005051
2421	2768	1	0.005051
2421	2802	1	0.005051
2421	2451	2	0.010101
2421	2708	1	0.005051
2421	2560	1	0.005051
2421	2745	1	0.005051
2421	2395	10380	52.424242
2421	2460	198	1.000000
2422	2497	8	0.015595
2422	2787	200	0.389864
2422	2598	2	0.003899
2422	2605	1	0.001949
2422	2513	1	0.001949
2422	2706	1	0.001949
2423	2753	182	0.588997
2423	2573	185	0.598706
2423	2605	3	0.009709
2426	2497	4	0.114286
2426	2476	3	0.085714
2426	2785	1	0.028571
2427	2602	3	0.157895
2429	2560	32	0.004928
2429	2561	1	0.000154
2429	2692	4874	0.750539
2429	2536	32	0.004928
2429	2567	63	0.009701
2429	2573	32	0.004928
2429	2706	32	0.004928
2429	2451	208	0.032030
2429	2784	32	0.004928
2429	2583	4866	0.749307
2429	2656	2	0.000308
2429	2587	4871	0.750077
2429	2589	4869	0.749769
2429	2466	3	0.000462
2429	2724	4868	0.749615
2429	2602	613	0.094395
2429	2418	1	0.000154
2429	2610	4875	0.750693
2429	2614	4871	0.750077
2429	2745	32	0.004928
2429	2746	18	0.002772
2429	2622	2	0.000308
2429	2369	4869	0.749769
2429	2498	1	0.000154
2429	2371	32	0.004928
2429	2372	1	0.000154
2429	2742	4880	0.751463
2429	2504	4	0.000616
2429	2633	32	0.004928
2429	2767	2	0.000308
2429	2768	32	0.004928
2429	2513	4876	0.750847
2429	2770	2	0.000308
2429	2520	2	0.000308
2429	2649	4887	0.752541
2429	2395	1	0.000154
2429	2524	7	0.001078
2429	2526	4874	0.750539
2429	2399	4868	0.749615
2429	2528	9	0.001386
2429	2531	1	0.000154
2429	2405	4870	0.749923
2429	2664	4872	0.750231
2429	2667	4876	0.750847
2429	2669	4873	0.750385
2429	2798	2	0.000308
2429	2701	2	0.000308
2429	2792	6	0.000924
2429	2497	9	0.001386
2429	2548	7	0.001078
2429	2806	4873	0.750385
2429	2708	32	0.004928
2429	2427	4870	0.749923
2431	2648	1	0.014085
2434	2785	4	0.002705
2434	2469	1	0.000676
2434	2662	1	0.000676
2434	2497	1	0.000676
2434	2536	62	0.041920
2434	2505	1	0.000676
2434	2602	168	0.113590
2434	2478	1	0.000676
2434	2515	69	0.046653
2434	2622	1	0.000676
2434	2806	1	0.000676
2434	2718	1	0.000676
2434	2463	1	0.000676
2436	2528	1	0.013158
2436	2509	1	0.013158
2437	2497	6	0.000601
2437	2697	12	0.001201
2437	2478	2	0.000200
2437	2649	19	0.001902
2437	2622	19	0.001902
2437	2463	5641	0.564665
2438	2692	1	0.000215
2438	2439	1	0.000215
2438	2451	1	0.000215
2438	2463	6	0.001287
2438	2466	1	0.000215
2438	2478	3	0.000644
2438	2737	1	0.000215
2438	2742	2	0.000429
2438	2746	1	0.000215
2438	2492	1	0.000215
2438	2622	3	0.000644
2438	2512	5	0.001073
2438	2513	1	0.000215
2438	2776	1	0.000215
2438	2649	5	0.001073
2438	2526	1	0.000215
2438	2528	1	0.000215
2438	2531	1	0.000215
2438	2662	4	0.000858
2438	2792	1	0.000215
2438	2667	1	0.000215
2438	2540	3	0.000644
2438	2429	1	0.000215
2438	2806	1	0.000215
2438	2685	1	0.000215
2439	2692	1	0.001600
2439	2806	1	0.001600
2439	2662	1	0.001600
2439	2599	1	0.001600
2439	2697	1	0.001600
2439	2602	2	0.003200
2439	2507	1	0.001600
2439	2540	2	0.003200
2439	2685	1	0.001600
2439	2513	5	0.008000
2439	2724	1	0.001600
2439	2742	1	0.001600
2439	2649	1	0.001600
2439	2713	1	0.001600
2439	2463	1	0.001600
2439	2429	2	0.003200
2439	2565	1	0.001600
2440	2528	259	0.996154
2443	2429	1	0.007752
2445	2544	1	0.004545
2445	2411	1	0.004545
2445	2478	3	0.013636
2445	2407	1	0.004545
2446	2649	6	0.013636
2446	2468	114	0.259091
2446	2565	3	0.006818
2446	2447	114	0.259091
2447	2680	1	0.001094
2447	2465	5	0.005470
2447	2518	1	0.001094
2448	2561	3	0.005693
2448	2395	3	0.005693
2448	2451	3	0.005693
2449	2721	1	0.333333
2449	2562	213	71.000000
2451	2560	3	0.002453
2451	2561	17	0.013900
2451	2434	1	0.000818
2451	2692	8	0.006541
2451	2536	3	0.002453
2451	2567	293	0.239575
2451	2696	1	0.000818
2451	2569	1	0.000818
2451	2570	2	0.001635
2451	2728	1	0.000818
2451	2573	4	0.003271
2451	2447	2	0.001635
2451	2448	6	0.004906
2451	2705	1	0.000818
2451	2708	3	0.002453
2451	2583	3	0.002453
2451	2584	1	0.000818
2451	2587	2	0.001635
2451	2460	4	0.003271
2451	2589	4	0.003271
2451	2565	2	0.001635
2451	2466	1	0.000818
2451	2724	6	0.004906
2451	2422	2	0.001635
2451	2600	1	0.000818
2451	2602	66	0.053966
2451	2475	1	0.000818
2451	2476	2	0.001635
2451	2802	4	0.003271
2451	2610	5	0.004088
2451	2548	1	0.000818
2451	2742	8	0.006541
2451	2745	2	0.001635
2451	2620	2	0.001635
2451	2369	4	0.003271
2451	2371	2	0.001635
2451	2614	1	0.000818
2451	2633	2	0.001635
2451	2638	1	0.000818
2451	2768	4	0.003271
2451	2513	5	0.004088
2451	2387	2	0.001635
2451	2644	1	0.000818
2451	2649	11	0.008994
2451	2395	40	0.032706
2451	2524	5	0.004088
2451	2426	2	0.001635
2451	2526	5	0.004088
2451	2399	1	0.000818
2451	2528	3	0.002453
2451	2529	1	0.000818
2451	2405	5	0.004088
2451	2790	2	0.001635
2451	2792	3	0.002453
2451	2667	4	0.003271
2451	2796	1	0.000818
2451	2669	5	0.004088
2451	2543	2	0.001635
2451	2664	4	0.003271
2451	2497	13	0.010630
2451	2420	2	0.001635
2451	2805	1	0.000818
2451	2806	5	0.004088
2451	2423	2	0.001635
2451	2784	3	0.002453
2451	2427	4	0.003271
2451	2429	11	0.008994
2451	2687	1	0.000818
2453	2721	2	0.076923
2453	2562	1843	70.884615
2453	2795	1	0.038462
2453	2599	2	0.076923
2454	2528	618	1.000000
2454	2520	618	1.000000
2454	2602	13	0.021036
2454	2398	618	1.000000
2455	2528	4	0.008386
2455	2667	9	0.018868
2455	2429	33	0.069182
2460	2768	2	0.009217
2460	2395	20	0.092166
2460	2451	1	0.004608
2461	2528	2	0.000573
2461	2473	7	0.002005
2461	2372	2	0.000573
2461	2662	2	0.000573
2461	2569	4	0.001145
2461	2602	10	0.002864
2461	2615	1	0.000286
2461	2378	2	0.000573
2461	2768	16	0.004582
2461	2737	1	0.000286
2461	2578	1	0.000286
2461	2387	6	0.001718
2461	2420	2	0.000573
2461	2697	1	0.000286
2461	2396	1	0.000286
2461	2713	1	0.000286
2461	2556	1	0.000286
2461	2570	2	0.000573
2461	2463	1	0.000286
2463	2497	1	0.002915
2463	2692	1	0.002915
2463	2662	1	0.002915
2463	2478	1	0.002915
2463	2451	2	0.005831
2463	2682	25	0.072886
2464	2435	2	0.001641
2464	2662	1126	0.923708
2464	2602	2	0.001641
2464	2649	3	0.002461
2464	2622	1	0.000820
2464	2463	1	0.000820
2465	2560	3	0.002849
2465	2561	1	0.000950
2465	2567	2	0.001899
2465	2573	3	0.002849
2465	2446	1	0.000950
2465	2447	6	0.005698
2465	2577	1	0.000950
2465	2451	2	0.001899
2465	2708	3	0.002849
2465	2728	7	0.006648
2465	2602	15	0.014245
2465	2605	1	0.000950
2465	2487	5	0.004748
2465	2744	1	0.000950
2465	2617	1	0.000950
2465	2784	4	0.003799
2465	2627	1	0.000950
2465	2504	1	0.000950
2465	2633	3	0.002849
2465	2371	3	0.002849
2465	2517	1	0.000950
2465	2518	1	0.000950
2465	2745	3	0.002849
2465	2392	1	0.000950
2465	2395	21	0.019943
2465	2783	1	0.000950
2465	2528	10	0.009497
2465	2534	1	0.000950
2465	2705	2	0.001899
2465	2429	3	0.002849
2466	2528	14	0.005164
2466	2497	2	0.000738
2466	2602	17	0.006271
2466	2451	16	0.005902
2466	2742	1	0.000369
2466	2649	4	0.001475
2466	2746	15	0.005533
2466	2395	12	0.004426
2466	2429	34	0.012541
2468	2487	13	1.300000
2469	2649	4	0.014981
2469	2478	4	0.014981
2470	2562	1	0.006711
2470	2787	1	0.006711
2470	2692	1	0.006711
2470	2378	1	0.006711
2470	2478	1	0.006711
2470	2386	8	0.053691
2470	2451	144	0.966443
2470	2622	1	0.006711
2470	2774	1	0.006711
2470	2615	1	0.006711
2470	2776	1	0.006711
2470	2746	12175	81.711409
2470	2556	1	0.006711
2470	2429	863	5.791946
2470	2718	1	0.006711
2470	2463	1	0.006711
2472	2564	1	0.004115
2472	2577	1	0.004115
2472	2578	1	0.004115
2472	2579	1	0.004115
2472	2580	1	0.004115
2472	2588	1	0.004115
2472	2590	1	0.004115
2472	2596	1	0.004115
2472	2597	1	0.004115
2472	2602	87	0.358025
2472	2609	1	0.004115
2472	2617	1	0.004115
2472	2622	2	0.008230
2472	2623	1	0.004115
2472	2624	1	0.004115
2472	2626	1	0.004115
2472	2627	1	0.004115
2472	2630	1	0.004115
2472	2632	1	0.004115
2472	2639	1	0.004115
2472	2641	1	0.004115
2472	2645	1	0.004115
2472	2646	1	0.004115
2472	2647	1	0.004115
2472	2648	1	0.004115
2472	2656	1	0.004115
2472	2658	1	0.004115
2472	2660	1	0.004115
2472	2663	1	0.004115
2472	2671	1	0.004115
2472	2678	1	0.004115
2472	2691	1	0.004115
2472	2698	1	0.004115
2472	2699	1	0.004115
2472	2701	1	0.004115
2472	2702	1	0.004115
2472	2707	1	0.004115
2472	2709	1	0.004115
2472	2712	1	0.004115
2472	2716	1	0.004115
2472	2720	1	0.004115
2472	2722	1	0.004115
2472	2723	1	0.004115
2472	2735	1	0.004115
2472	2736	1	0.004115
2472	2740	1	0.004115
2472	2744	1	0.004115
2472	2746	2	0.008230
2472	2748	1	0.004115
2472	2757	1	0.004115
2472	2759	1	0.004115
2472	2765	1	0.004115
2472	2767	1	0.004115
2472	2769	1	0.004115
2472	2770	1	0.004115
2472	2779	1	0.004115
2472	2783	1	0.004115
2472	2786	1	0.004115
2472	2791	1	0.004115
2472	2798	1	0.004115
2472	2808	1	0.004115
2472	2810	1	0.004115
2472	2374	1	0.004115
2472	2379	1	0.004115
2472	2383	1	0.004115
2472	2388	1	0.004115
2472	2391	1	0.004115
2472	2392	1	0.004115
2472	2393	1	0.004115
2472	2396	1	0.004115
2472	2400	1	0.004115
2472	2401	1	0.004115
2472	2404	1	0.004115
2472	2407	1	0.004115
2472	2409	1	0.004115
2472	2414	1	0.004115
2472	2425	1	0.004115
2472	2429	105	0.432099
2472	2431	1	0.004115
2472	2437	1	0.004115
2472	2443	1	0.004115
2472	2445	1	0.004115
2472	2446	1	0.004115
2472	2452	1	0.004115
2472	2455	1	0.004115
2472	2469	1	0.004115
2472	2473	1	0.004115
2472	2477	1	0.004115
2472	2480	1	0.004115
2472	2482	1	0.004115
2472	2491	1	0.004115
2472	2494	1	0.004115
2472	2495	1	0.004115
2472	2496	1	0.004115
2472	2501	1	0.004115
2472	2502	1	0.004115
2472	2506	1	0.004115
2472	2511	1	0.004115
2472	2517	1	0.004115
2472	2519	1	0.004115
2472	2522	1	0.004115
2472	2523	1	0.004115
2472	2525	1	0.004115
2472	2528	2	0.008230
2472	2530	1	0.004115
2472	2532	1	0.004115
2472	2534	1	0.004115
2472	2544	1	0.004115
2472	2552	1	0.004115
2473	2602	5	0.000388
2474	2528	1	0.016129
2474	2561	1	0.016129
2474	2602	2	0.032258
2474	2569	3	0.048387
2474	2570	2	0.032258
2474	2768	4	0.064516
2474	2387	2	0.032258
2474	2420	2	0.032258
2474	2395	1	0.016129
2474	2378	5	0.080645
2474	2461	1	0.016129
2475	2497	11	0.139241
2475	2530	2	0.025316
2475	2602	2	0.025316
2475	2598	1	0.012658
2475	2706	6	0.075949
2476	2497	2	0.007194
2476	2718	1	0.003597
2477	2726	694	0.728227
2478	2565	1	0.006098
2479	2562	213	71.000000
2482	2497	4	0.004630
2482	2564	2	0.002315
2482	2792	3	0.003472
2482	2648	2	0.002315
2482	2548	3	0.003472
2482	2520	6	0.006944
2482	2524	3	0.003472
2482	2429	2	0.002315
2484	2696	3	0.063830
2484	2371	2	0.042553
2486	2794	6	0.027907
2487	2561	1	0.005348
2487	2573	1	0.005348
2487	2446	3	0.016043
2487	2447	3	0.016043
2487	2448	1	0.005348
2487	2705	1	0.005348
2487	2627	1	0.005348
2487	2528	1	0.005348
2487	2464	1	0.005348
2487	2468	1	0.005348
2487	2728	2	0.010695
2487	2602	2	0.010695
2487	2477	1	0.005348
2487	2744	1	0.005348
2487	2617	1	0.005348
2487	2497	1	0.005348
2487	2371	1	0.005348
2487	2633	1	0.005348
2487	2634	2	0.010695
2487	2768	1	0.005348
2487	2517	2	0.010695
2487	2518	2	0.010695
2487	2519	1	0.005348
2487	2395	1	0.005348
2487	2784	1	0.005348
2487	2429	1	0.005348
2487	2558	2	0.010695
2489	2562	1	0.006623
2489	2787	1	0.006623
2489	2692	1	0.006623
2489	2378	1	0.006623
2489	2478	1	0.006623
2489	2386	8	0.052980
2489	2451	146	0.966887
2489	2622	1	0.006623
2489	2774	1	0.006623
2489	2615	1	0.006623
2489	2776	1	0.006623
2489	2746	12395	82.086093
2489	2556	1	0.006623
2489	2429	875	5.794702
2489	2718	1	0.006623
2489	2463	1	0.006623
2491	2528	1	0.002242
2491	2497	3	0.006726
2491	2662	1	0.002242
2491	2407	1	0.002242
2491	2600	11	0.024664
2491	2602	4	0.008969
2491	2411	2	0.004484
2491	2701	1	0.002242
2491	2734	1	0.002242
2491	2520	1	0.002242
2492	2540	2	0.011976
2492	2531	7	0.041916
2492	2451	2	0.011976
2492	2701	5	0.029940
2492	2463	2	0.011976
2493	2721	1	0.333333
2493	2562	213	71.000000
2494	2745	1	0.020833
2495	2556	1	0.002890
2496	2649	3	0.020548
2496	2742	2	0.013699
2496	2463	1	0.006849
2497	2784	2	0.001609
2497	2561	2	0.001609
2497	2371	2	0.001609
2497	2567	1	0.000805
2497	2536	1	0.000805
2497	2633	2	0.001609
2497	2602	71	0.057120
2497	2599	1	0.000805
2497	2573	2	0.001609
2497	2605	4	0.003218
2497	2644	1	0.000805
2497	2465	2	0.001609
2497	2451	1	0.000805
2497	2708	2	0.001609
2497	2528	1	0.000805
2497	2560	2	0.001609
2497	2745	2	0.001609
2497	2649	4	0.003218
2497	2395	1	0.000805
2497	2429	2	0.001609
2499	2411	2	0.019802
2499	2734	31	0.306931
2499	2407	5	0.049505
2500	2721	1	0.333333
2500	2562	213	71.000000
2502	2528	1	0.016667
2502	2721	4	0.066667
2502	2562	156	2.600000
2502	2599	11	0.183333
2502	2802	1	0.016667
2502	2419	2	0.033333
2502	2429	1	0.016667
2505	2528	100	0.943396
2505	2649	1	0.009434
2505	2692	1	0.009434
2506	2528	2	0.034483
2506	2649	1	0.017241
2506	2602	1	0.017241
2506	2706	40	0.689655
2507	2497	1	0.000898
2507	2692	1	0.000898
2507	2512	1	0.000898
2507	2742	1	0.000898
2507	2649	4	0.003594
2507	2714	1	0.000898
2507	2492	1	0.000898
2507	2429	4	0.003594
2509	2528	658	2.000000
2509	2616	1	0.003040
2509	2482	1	0.003040
2509	2662	4	0.012158
2509	2649	4	0.012158
2511	2564	1	0.014493
2511	2565	1	0.014493
2511	2569	1	0.014493
2511	2570	1	0.014493
2511	2573	2	0.028986
2511	2577	1	0.014493
2511	2578	1	0.014493
2511	2579	1	0.014493
2511	2583	1	0.014493
2511	2584	1	0.014493
2511	2587	1	0.014493
2511	2588	1	0.014493
2511	2589	1	0.014493
2511	2596	1	0.014493
2511	2597	1	0.014493
2511	2598	1	0.014493
2511	2600	1	0.014493
2511	2604	1	0.014493
2511	2609	1	0.014493
2511	2610	1	0.014493
2511	2612	1	0.014493
2511	2614	1	0.014493
2511	2617	1	0.014493
2511	2620	1	0.014493
2511	2623	1	0.014493
2511	2627	1	0.014493
2511	2630	2	0.028986
2511	2632	1	0.014493
2511	2633	1	0.014493
2511	2638	1	0.014493
2511	2641	1	0.014493
2511	2646	1	0.014493
2511	2648	2	0.028986
2511	2651	1	0.014493
2511	2656	1	0.014493
2511	2658	1	0.014493
2511	2663	1	0.014493
2511	2664	1	0.014493
2511	2667	1	0.014493
2511	2669	1	0.014493
2511	2671	1	0.014493
2511	2674	1	0.014493
2511	2680	1	0.014493
2511	2691	1	0.014493
2511	2692	1	0.014493
2511	2698	1	0.014493
2511	2699	1	0.014493
2511	2701	9	0.130435
2511	2702	1	0.014493
2511	2705	1	0.014493
2511	2707	1	0.014493
2511	2709	1	0.014493
2511	2712	1	0.014493
2511	2722	1	0.014493
2511	2724	1	0.014493
2511	2736	1	0.014493
2511	2742	1	0.014493
2511	2743	1	0.014493
2511	2744	1	0.014493
2511	2748	1	0.014493
2511	2757	1	0.014493
2511	2765	1	0.014493
2511	2767	1	0.014493
2511	2783	1	0.014493
2511	2784	1	0.014493
2511	2785	1	0.014493
2511	2786	1	0.014493
2511	2790	1	0.014493
2511	2791	1	0.014493
2511	2792	1	0.014493
2511	2804	1	0.014493
2511	2805	1	0.014493
2511	2806	1	0.014493
2511	2369	1	0.014493
2511	2379	1	0.014493
2511	2381	1	0.014493
2511	2387	1	0.014493
2511	2390	1	0.014493
2511	2392	1	0.014493
2511	2395	1	0.014493
2511	2397	1	0.014493
2511	2401	1	0.014493
2511	2405	1	0.014493
2511	2411	1	0.014493
2511	2412	1	0.014493
2511	2414	1	0.014493
2511	2422	1	0.014493
2511	2423	1	0.014493
2511	2425	1	0.014493
2511	2426	2	0.028986
2511	2427	1	0.014493
2511	2429	4	0.057971
2511	2435	1	0.014493
2511	2437	1	0.014493
2511	2443	1	0.014493
2511	2446	1	0.014493
2511	2451	1	0.014493
2511	2452	1	0.014493
2511	2461	2	0.028986
2511	2475	1	0.014493
2511	2476	1	0.014493
2511	2477	1	0.014493
2511	2480	1	0.014493
2511	2482	1	0.014493
2511	2491	1	0.014493
2511	2494	1	0.014493
2511	2496	1	0.014493
2511	2498	1	0.014493
2511	2502	1	0.014493
2511	2515	2	0.028986
2511	2517	1	0.014493
2511	2518	1	0.014493
2511	2519	1	0.014493
2511	2522	1	0.014493
2511	2524	1	0.014493
2511	2526	1	0.014493
2511	2529	1	0.014493
2511	2530	1	0.014493
2511	2532	1	0.014493
2511	2534	1	0.014493
2511	2536	1	0.014493
2511	2537	1	0.014493
2511	2543	1	0.014493
2511	2544	1	0.014493
2511	2548	1	0.014493
2511	2556	1	0.014493
2511	2558	1	0.014493
2512	2602	79	0.831579
2513	2528	19	0.007871
2513	2497	1	0.000414
2513	2464	1	0.000414
2513	2561	1	0.000414
2513	2806	2	0.000829
2513	2567	6	0.002486
2513	2602	12	0.004971
2513	2439	1	0.000414
2513	2412	2	0.000829
2513	2742	3	0.001243
2513	2448	1	0.000414
2513	2451	21	0.008699
2513	2772	2	0.000829
2513	2774	15	0.006214
2513	2743	4	0.001657
2513	2649	16	0.006628
2513	2395	8	0.003314
2513	2429	98	0.040597
2513	2463	2	0.000829
2516	2528	299	0.996667
2516	2785	2	0.006667
2516	2662	2	0.006667
2516	2438	2	0.006667
2516	2375	2	0.006667
2516	2602	6	0.020000
2516	2478	2	0.006667
2516	2772	2	0.006667
2516	2556	2	0.006667
2516	2398	5	0.016667
2516	2463	2	0.006667
2518	2528	3	0.001204
2518	2784	1	0.000401
2518	2628	1	0.000401
2518	2565	1	0.000401
2518	2726	1	0.000401
2518	2504	1	0.000401
2518	2602	10	0.004013
2518	2728	1	0.000401
2518	2732	1	0.000401
2518	2605	1	0.000401
2518	2478	2	0.000803
2518	2447	1	0.000401
2518	2705	1	0.000401
2518	2464	1	0.000401
2518	2487	17	0.006822
2518	2681	5	0.002006
2518	2714	2	0.000803
2518	2395	1	0.000401
2520	2528	8	0.008403
2520	2561	1	0.001050
2520	2602	226	0.237395
2520	2395	141	0.148109
2521	2562	1	0.006667
2521	2787	1	0.006667
2521	2692	1	0.006667
2521	2378	1	0.006667
2521	2478	1	0.006667
2521	2386	8	0.053333
2521	2451	145	0.966667
2521	2622	1	0.006667
2521	2774	1	0.006667
2521	2615	1	0.006667
2521	2776	1	0.006667
2521	2746	12312	82.080000
2521	2556	1	0.006667
2521	2429	868	5.786667
2521	2718	1	0.006667
2521	2463	1	0.006667
2522	2662	3	0.011070
2522	2478	3	0.011070
2522	2463	4	0.014760
2524	2656	13	0.019202
2524	2528	4	0.005908
2524	2497	2	0.002954
2524	2664	1	0.001477
2524	2667	6	0.008863
2524	2513	4	0.005908
2524	2548	4	0.005908
2524	2742	4	0.005908
2524	2583	5	0.007386
2524	2649	7	0.010340
2524	2746	7	0.010340
2524	2587	4	0.005908
2524	2429	33	0.048744
2525	2497	1	0.025000
2525	2602	4	0.100000
2525	2451	1	0.025000
2525	2620	1	0.025000
2525	2807	1	0.025000
2526	2528	2	0.004831
2526	2561	3	0.007246
2526	2692	1	0.002415
2526	2497	2	0.004831
2526	2602	13	0.031401
2526	2567	1	0.002415
2526	2573	1	0.002415
2526	2513	1	0.002415
2526	2802	1	0.002415
2526	2451	1	0.002415
2526	2644	1	0.002415
2526	2390	1	0.002415
2526	2649	1	0.002415
2526	2395	140	0.338164
2526	2429	3	0.007246
2528	2560	87	0.282468
2528	2561	4	0.012987
2528	2565	1	0.003247
2528	2567	2	0.006494
2528	2569	2	0.006494
2528	2573	11	0.035714
2528	2577	7	0.022727
2528	2578	3	0.009740
2528	2583	2	0.006494
2528	2584	3	0.009740
2528	2587	2	0.006494
2528	2589	2	0.006494
2528	2597	2	0.006494
2528	2600	2	0.006494
2528	2602	62	0.201299
2528	2605	1	0.003247
2528	2610	2	0.006494
2528	2614	2	0.006494
2528	2616	1	0.003247
2528	2620	2	0.006494
2528	2626	6	0.019481
2528	2627	1	0.003247
2528	2633	5	0.016234
2528	2638	1	0.003247
2528	2644	2	0.006494
2528	2645	1	0.003247
2528	2648	16	0.051948
2528	2649	2	0.006494
2528	2656	2	0.006494
2528	2658	7	0.022727
2528	2662	2	0.006494
2528	2664	2	0.006494
2528	2667	3	0.009740
2528	2669	2	0.006494
2528	2671	1	0.003247
2528	2673	3	0.009740
2528	2686	2	0.006494
2528	2687	2	0.006494
2528	2691	8	0.025974
2528	2692	3	0.009740
2528	2696	2	0.006494
2528	2698	2	0.006494
2528	2699	1	0.003247
2528	2701	49	0.159091
2528	2705	2	0.006494
2528	2708	9	0.029221
2528	2710	2	0.006494
2528	2712	1	0.003247
2528	2714	1	0.003247
2528	2720	11	0.035714
2528	2722	1	0.003247
2528	2724	2	0.006494
2528	2735	1	0.003247
2528	2742	2	0.006494
2528	2744	1	0.003247
2528	2745	7	0.022727
2528	2748	3	0.009740
2528	2755	2	0.006494
2528	2759	1	0.003247
2528	2765	1	0.003247
2528	2766	2	0.006494
2528	2768	62	0.201299
2528	2770	5	0.016234
2528	2783	3	0.009740
2528	2784	6	0.019481
2528	2789	1	0.003247
2528	2790	2	0.006494
2528	2792	1	0.003247
2528	2796	2	0.006494
2528	2798	1	0.003247
2528	2802	1	0.003247
2528	2805	2	0.006494
2528	2806	2	0.006494
2528	2810	2	0.006494
2528	2369	2	0.006494
2528	2371	7	0.022727
2528	2374	1	0.003247
2528	2375	3	0.009740
2528	2378	3	0.009740
2528	2387	3	0.009740
2528	2390	2	0.006494
2528	2391	4	0.012987
2528	2393	1	0.003247
2528	2395	14	0.045455
2528	2396	9	0.029221
2528	2397	1	0.003247
2528	2398	11	0.035714
2528	2400	1	0.003247
2528	2405	4	0.012987
2528	2407	2	0.006494
2528	2409	14	0.045455
2528	2420	1	0.003247
2528	2421	1	0.003247
2528	2422	2	0.006494
2528	2423	2	0.006494
2528	2425	8	0.025974
2528	2426	2	0.006494
2528	2427	2	0.006494
2528	2429	8	0.025974
2528	2433	2	0.006494
2528	2434	2	0.006494
2528	2435	4	0.012987
2528	2437	1	0.003247
2528	2438	1	0.003247
2528	2445	5	0.016234
2528	2446	1	0.003247
2528	2447	2	0.006494
2528	2448	2	0.006494
2528	2451	2	0.006494
2528	2454	1	0.003247
2528	2463	2	0.006494
2528	2464	7	0.022727
2528	2465	1	0.003247
2528	2472	1	0.003247
2528	2473	1	0.003247
2528	2475	2	0.006494
2528	2476	2	0.006494
2528	2478	5	0.016234
2528	2482	8	0.025974
2528	2484	2	0.006494
2528	2486	2	0.006494
2528	2491	9	0.029221
2528	2494	4	0.012987
2528	2496	14	0.045455
2528	2497	29	0.094156
2528	2498	2	0.006494
2528	2501	2	0.006494
2528	2509	5	0.016234
2528	2513	3	0.009740
2528	2516	12	0.038961
2528	2519	1	0.003247
2528	2520	17	0.055195
2528	2522	1	0.003247
2528	2523	1	0.003247
2528	2524	2	0.006494
2528	2526	3	0.009740
2528	2530	8	0.025974
2528	2534	2	0.006494
2528	2536	5	0.016234
2528	2540	1	0.003247
2528	2543	2	0.006494
2528	2544	2	0.006494
2528	2548	2	0.006494
2528	2554	2	0.006494
2529	2600	1	0.002410
2529	2644	412	0.992771
2529	2638	1	0.002410
2529	2407	2	0.004819
2530	2602	1	0.000690
2530	2543	2	0.001380
2531	2492	2	0.400000
2532	2649	1	0.015385
2533	2625	1	0.018868
2533	2602	1	0.018868
2533	2515	2	0.037736
2533	2790	4	0.075472
2535	2721	1	0.333333
2535	2562	215	71.666667
2536	2560	2	0.001679
2536	2561	3	0.002519
2536	2434	2	0.001679
2536	2451	11	0.009236
2536	2583	8	0.006717
2536	2587	7	0.005877
2536	2718	3	0.002519
2536	2463	2	0.001679
2536	2721	2	0.001679
2536	2595	1	0.000840
2536	2602	53	0.044500
2536	2476	32	0.026868
2536	2605	2	0.001679
2536	2497	7	0.005877
2536	2498	6	0.005038
2536	2513	4	0.003359
2536	2515	124	0.104114
2536	2390	6	0.005038
2536	2520	2	0.001679
2536	2649	1	0.000840
2536	2395	26	0.021830
2536	2528	3	0.002519
2536	2785	2	0.001679
2536	2790	11	0.009236
2536	2685	2	0.001679
2536	2802	2	0.001679
2536	2806	2	0.001679
2536	2426	7	0.005877
2536	2556	2	0.001679
2536	2429	6	0.005038
2536	2687	5	0.004198
2538	2721	1	0.250000
2538	2562	283	70.750000
2540	2691	1	0.000237
2540	2692	4	0.000947
2540	2439	4	0.000947
2540	2697	4	0.000947
2540	2701	6	0.001420
2540	2451	2	0.000473
2540	2713	5	0.001184
2540	2714	3	0.000710
2540	2463	9	0.002131
2540	2593	1	0.000237
2540	2602	1	0.000237
2540	2478	11	0.002604
2540	2737	3	0.000710
2540	2742	2	0.000473
2540	2615	1	0.000237
2540	2746	1	0.000237
2540	2492	1	0.000237
2540	2622	1	0.000237
2540	2507	2	0.000473
2540	2513	3	0.000710
2540	2772	1	0.000237
2540	2776	1	0.000237
2540	2649	6	0.001420
2540	2778	2	0.000473
2540	2662	3	0.000710
2540	2429	1	0.000237
2540	2806	2	0.000473
2540	2682	1	0.000237
2540	2556	1	0.000237
2540	2685	10	0.002367
2543	2528	2	0.003328
2543	2497	2	0.003328
2543	2530	9	0.014975
2543	2565	1	0.001664
2543	2602	2	0.003328
2543	2509	1	0.001664
2543	2573	1	0.001664
2543	2706	57	0.094842
2543	2429	1	0.001664
2544	2520	6	0.034483
2544	2497	5	0.028736
2544	2491	2	0.011494
2544	2638	9	0.051724
2546	2560	58	0.132723
2546	2497	4	0.009153
2546	2602	3	0.006865
2546	2604	2	0.004577
2546	2674	4	0.009153
2546	2528	4	0.009153
2547	2721	1	0.333333
2547	2562	213	71.000000
2548	2656	1	0.000410
2548	2497	1	0.000410
2548	2692	1	0.000410
2548	2792	1	0.000410
2548	2602	1	0.000410
2548	2482	1	0.000410
2548	2451	1	0.000410
2548	2649	3	0.001229
2548	2746	2	0.000819
2548	2395	1	0.000410
2548	2429	23	0.009419
2548	2463	1	0.000410
2549	2496	3	0.010345
2549	2401	3	0.010345
2549	2792	370	1.275862
2549	2685	3	0.010345
2549	2482	3	0.010345
2549	2713	3	0.010345
2549	2429	3	0.010345
2551	2562	213	71.000000
2552	2429	1	0.002198
2554	2768	2	0.009346
2554	2395	17	0.079439
2554	2460	16	0.074766
2554	2451	1	0.004673
2556	2528	1	0.000929
2556	2721	4	0.003714
2556	2562	1	0.000929
2556	2497	4	0.003714
2556	2602	5	0.004643
2556	2599	8	0.007428
2556	2478	2	0.001857
2556	2802	1	0.000929
2556	2419	1	0.000929
2556	2561	3	0.002786
2556	2390	1	0.000929
2556	2778	1	0.000929
2557	2528	130	0.984848
2557	2375	130	0.984848
2558	2528	1	0.004310
