Src	Trg	LinkCount	RelLinkCount
45056	44681	2	0.133333
45056	45194	1	0.066667
45056	44876	1	0.066667
45056	44973	2	0.133333
45056	45174	1	0.066667
45056	45081	13	0.866667
45056	44890	2	0.133333
45056	44734	13	0.866667
45056	44735	2	0.133333
45057	45120	1	0.001048
45057	44697	7	0.007338
45060	44897	2003	0.849089
45060	44966	4	0.001696
45060	45030	3	0.001272
45060	44881	1	0.000424
45060	44840	2005	0.849936
45060	44873	2028	0.859686
45060	44825	3	0.001272
45060	44715	3	0.001272
45060	44908	2001	0.848241
45060	45199	15	0.006359
45060	44977	2004	0.849513
45060	44754	2040	0.864773
45060	44727	2005	0.849936
45060	44953	2008	0.851208
45060	44730	52	0.022043
45060	45116	2004	0.849513
45060	45018	3	0.001272
45060	44703	2027	0.859262
45062	44768	158	1.000000
45062	44917	158	1.000000
45062	45199	159	1.006329
45064	44768	4	0.166667
45064	44897	4	0.166667
45064	44840	3	0.125000
45064	44873	6	0.250000
45064	44908	1	0.041667
45064	45199	12	0.500000
45064	44754	1	0.041667
45064	44727	2	0.083333
45064	44953	4	0.166667
45064	45116	3	0.125000
45064	44703	4	0.166667
45065	45184	1	0.002674
45065	44864	1	0.002674
45065	45187	2	0.005348
45065	45196	12	0.032086
45065	45122	1	0.002674
45065	44826	1	0.002674
45065	44703	5	0.013369
45065	44966	35	0.093583
45065	44976	2	0.005348
45065	44852	81	0.216578
45065	44985	1	0.002674
45065	45002	1	0.002674
45065	45120	4	0.010695
45065	44866	7	0.018717
45065	44996	1	0.002674
45065	44746	3	0.008021
45065	45005	1	0.002674
45065	44881	10	0.026738
45065	45139	1	0.002674
45065	45144	1	0.002674
45065	45017	1	0.002674
45065	45018	9	0.024064
45065	45025	1	0.002674
45065	45027	1	0.002674
45065	44655	2	0.005348
45065	45172	2	0.005348
45065	45174	5	0.013369
45065	45048	4	0.010695
45065	44922	1	0.002674
45066	44768	1	0.014706
45066	44966	76	1.117647
45066	44647	1	0.014706
45066	45000	68	1.000000
45066	44858	4	0.058824
45066	45040	1	0.014706
45066	44881	2	0.029412
45066	45139	2	0.029412
45066	44852	26	0.382353
45066	45174	1	0.014706
45066	45018	1	0.014706
45066	44890	5	0.073529
45066	45022	1	0.014706
45068	44917	28	1.000000
45068	44654	28	1.000000
45068	45199	28	1.000000
45071	45000	19	1.000000
45071	44966	19	1.000000
45073	45184	2	0.048780
45073	44722	3	0.073171
45073	44966	1	0.024390
45074	45157	2	0.002920
45074	45000	4	0.005839
45074	44845	2	0.002920
45074	45174	17	0.024818
45074	44858	2	0.002920
45074	44730	1	0.001460
45074	44766	4	0.005839
45076	45000	11	1.000000
45076	45018	8	0.727273
45076	44966	11	1.000000
45078	44786	2	0.200000
45078	44827	2	0.200000
45078	44652	45	4.500000
45078	44966	2	0.200000
45079	45000	9	1.000000
45079	44966	12	1.333333
45081	45056	13	0.866667
45081	44681	2	0.133333
45081	45194	1	0.066667
45081	44876	1	0.066667
45081	44973	2	0.133333
45081	45174	1	0.066667
45081	44890	2	0.133333
45081	44734	13	0.866667
45081	44735	2	0.133333
45082	44866	2	1.000000
45083	45120	2	0.003992
45083	44866	2	0.003992
45083	44966	2	0.003992
45083	45158	6	0.011976
45083	45000	5	0.009980
45083	45129	2	0.003992
45083	44937	3	0.005988
45083	45018	2	0.003992
45083	44703	4	0.007984
45085	44966	460	3.458647
45085	45041	1	0.007519
45085	45000	133	1.000000
45085	44716	133	1.000000
45085	44973	1	0.007519
45085	44881	1	0.007519
45085	44852	24	0.180451
45085	44825	1	0.007519
45085	44735	1	0.007519
45086	45120	3	0.090909
45086	44721	6	0.181818
45086	45000	1	0.030303
45086	44973	1	0.030303
45086	44703	1	0.030303
45087	45184	36	0.129964
45087	44803	12	0.043321
45087	44939	12	0.043321
45087	45197	4	0.014440
45087	44703	8	0.028881
45087	44966	16	0.057762
45087	44711	12	0.043321
45087	44840	20	0.072202
45087	44970	4	0.014440
45087	44973	8	0.028881
45087	44980	4	0.014440
45087	44726	4	0.014440
45087	44984	155	0.559567
45087	44852	4	0.014440
45087	44986	4	0.014440
45087	45118	4	0.014440
45087	44863	4	0.014440
45087	45120	32	0.115523
45087	44866	24	0.086643
45087	45000	40	0.144404
45087	45006	4	0.014440
45087	45139	4	0.014440
45087	44890	171	0.617329
45087	44858	4	0.014440
45087	44649	4	0.014440
45087	44778	4	0.014440
45087	45095	12	0.043321
45087	44653	156	0.563177
45087	44912	4	0.014440
45087	45174	20	0.072202
45087	45048	4	0.014440
45087	44991	4	0.014440
45087	44842	12	0.043321
45087	44798	4	0.014440
45088	45098	899	27.242424
45091	44917	2	1.000000
45092	45184	2	0.004090
45093	44713	2	0.125000
45094	45184	3	0.428571
45094	44866	6	0.857143
45094	44966	5	0.714286
45094	44977	2	0.285714
45094	44649	1	0.142857
45094	44746	1	0.142857
45094	44779	28	4.000000
45094	44881	5	0.714286
45094	44852	1	0.142857
45094	44949	11	1.571429
45094	45174	1	0.142857
45094	44890	1	0.142857
45094	45066	1	0.142857
45095	45197	1	0.008065
45095	44984	1	0.008065
45095	44827	2	0.016129
45095	44917	115	0.927419
45095	45199	5	0.040323
45096	45120	3	0.016304
45096	44897	4	0.021739
45096	44866	2	0.010870
45096	44966	13	0.070652
45096	45030	3	0.016304
45096	45098	513	2.788043
45096	44716	2	0.010870
45096	44858	2	0.010870
45097	44827	1	0.005376
45097	45199	5	0.026882
45098	45120	1	0.000765
45098	44897	14	0.010712
45098	44866	11	0.008416
45098	44966	4	0.003060
45098	45096	10	0.007651
45098	45066	1	0.000765
45098	44890	3	0.002295
45098	44845	5	0.003826
45098	44881	4	0.003060
45098	45139	4	0.003060
45098	44852	9	0.006886
45098	45174	49	0.037490
45098	45018	12	0.009181
45098	44829	6	0.004591
45103	44995	3	0.011494
45103	44966	491	1.881226
45103	44649	1	0.003831
45103	45000	240	0.919540
45103	45129	4	0.015326
45103	45066	2	0.007663
45103	44754	1	0.003831
45103	45006	1	0.003831
45103	44753	1	0.003831
45103	44722	1	0.003831
45103	45139	3	0.011494
45103	44852	1	0.003831
45103	44727	3	0.011494
45103	45083	1	0.003831
45103	44849	1	0.003831
45103	44703	1	0.003831
45104	44852	2	0.200000
45107	45123	2	0.083333
45107	44900	1	0.041667
45107	44838	1	0.041667
45107	44966	4	0.166667
45107	45191	1	0.041667
45107	45160	2	0.083333
45107	44686	1	0.041667
45107	44951	1	0.041667
45107	45018	22	0.916667
45107	44671	1	0.041667
45111	45120	6	0.015000
45111	44866	4	0.010000
45111	44966	28	0.070000
45111	44871	2	0.005000
45111	44969	2	0.005000
45111	44845	2	0.005000
45111	44973	14	0.035000
45111	44976	6	0.015000
45111	45139	2	0.005000
45111	44852	2	0.005000
45111	45174	16	0.040000
45111	45204	4	0.010000
45111	45018	12	0.030000
45111	44735	22	0.055000
45111	44890	6	0.015000
45111	44703	4	0.010000
45112	45129	1	0.076923
45112	44844	2	0.153846
45112	45101	2	0.153846
45112	45133	3	0.230769
45112	45141	2	0.153846
45112	44861	2	0.153846
45112	45013	3	0.230769
45113	44768	3	0.058824
45113	44930	2	0.039216
45113	44923	1	0.019608
45113	45060	1	0.019608
45113	44873	1	0.019608
45113	44908	1	0.019608
45113	45199	4	0.078431
45113	44977	1	0.019608
45113	44754	1	0.019608
45113	44917	1	0.019608
45113	44727	1	0.019608
45113	44825	1	0.019608
45113	44890	1	0.019608
45113	44827	2	0.039216
45113	44703	1	0.019608
45116	45184	4	0.006601
45116	45120	4	0.006601
45116	44795	2	0.003300
45116	45060	2	0.003300
45116	44966	1	0.001650
45116	44647	2	0.003300
45116	45129	1	0.001650
45116	44715	2	0.003300
45116	45199	1	0.001650
45116	44852	2	0.003300
45116	44727	1	0.001650
45116	44890	1	0.001650
45116	44827	2	0.003300
45116	45018	3	0.004950
45116	44703	3	0.004950
45117	44866	27	0.843750
45117	44917	27	0.843750
45117	45206	27	0.843750
45119	45120	1	0.038462
45119	44966	4	0.153846
45119	44844	24	0.923077
45119	44783	24	0.923077
45119	44881	2	0.076923
45119	45139	2	0.076923
45120	45184	4	0.006015
45120	44866	1	0.001504
45120	44902	1	0.001504
45120	44966	11	0.016541
45120	45000	1	0.001504
45120	45129	1	0.001504
45120	44976	3	0.004511
45120	45202	1	0.001504
45120	44852	55	0.082707
45120	45018	3	0.004511
45120	44959	1	0.001504
45120	44703	1	0.001504
45121	44917	5	1.000000
45121	45199	5	1.000000
45122	44768	1	0.021739
45122	44827	60	1.304348
45122	44917	60	1.304348
45122	44966	1	0.021739
45122	45199	3	0.065217
45123	45152	3	0.002676
45123	44838	3	0.002676
45123	44966	785	0.700268
45123	45000	777	0.693131
45123	44649	4	0.003568
45123	45002	63	0.056200
45123	45165	3	0.002676
45123	45199	2	0.001784
45123	44712	3	0.002676
45123	45107	3	0.002676
45123	45044	3	0.002676
45123	45174	5	0.004460
45123	45111	6	0.005352
45123	44980	3	0.002676
45123	45018	44	0.039251
45123	45211	7	0.006244
45123	44764	3	0.002676
45123	44826	1	0.000892
45126	45199	1	0.015625
45127	45000	26	1.000000
45127	44966	92	3.538462
45128	44866	14	1.000000
45129	44994	1	0.000730
45129	44966	3	0.002190
45129	44647	5	0.003650
45129	45000	1346	0.982482
45129	44653	1	0.000730
45129	44719	2	0.001460
45129	44852	4	0.002920
45129	45141	12	0.008759
45129	45048	2	0.001460
45129	45018	2	0.001460
45130	44768	4	0.013289
45132	45000	48	1.000000
45132	45139	1	0.020833
45132	44966	49	1.020833
45132	45199	2	0.041667
45134	45120	7	0.027344
45134	44866	4	0.015625
45134	44966	257	1.003906
45134	44647	1	0.003906
45134	45000	258	1.007812
45134	45068	1	0.003906
45134	44654	1	0.003906
45134	44694	266	1.039062
45134	44890	1	0.003906
45134	45018	1	0.003906
45134	44958	1	0.003906
45135	45139	2	0.004566
45135	44900	5	0.011416
45135	45078	2	0.004566
45135	44966	4	0.009132
45135	45000	394	0.899543
45135	44746	2	0.004566
45135	44652	8	0.018265
45135	44866	2	0.004566
45135	45107	2	0.004566
45135	44852	16	0.036530
45135	45174	4	0.009132
45135	45018	2	0.004566
45135	44890	1	0.002283
45135	45150	29	0.066210
45135	44703	62	0.141553
45136	45000	1	0.020000
45138	44866	2	0.019417
45138	44902	2	0.019417
45138	44966	119	1.155340
45138	45000	103	1.000000
45138	44649	4	0.038835
45138	45066	10	0.097087
45138	45132	4	0.038835
45138	45199	12	0.116505
45138	44881	2	0.019417
45138	45139	51	0.495146
45138	44852	46	0.446602
45138	45174	1	0.009709
45138	45018	6	0.058252
45138	45162	4	0.038835
45138	44799	8	0.077670
45139	44966	287	0.953488
45139	44647	2	0.006645
45139	45000	274	0.910299
45139	44649	10	0.033223
45139	44691	2	0.006645
45139	44852	11	0.036545
45139	45174	2	0.006645
45139	44890	1	0.003322
45139	45018	2	0.006645
45140	45120	1	0.002304
45140	45184	1	0.002304
45140	44966	401	0.923963
45140	44647	6	0.013825
45140	45000	397	0.914747
45140	45066	1	0.002304
45140	44915	1	0.002304
45140	44852	56	0.129032
45140	45098	1	0.002304
45140	45022	1	0.002304
45140	44703	1	0.002304
45141	45000	1	0.011236
45141	45129	2	0.022472
45142	45000	1	0.004149
45142	44917	1	0.004149
45142	45101	205	0.850622
45142	44966	1	0.004149
45142	45199	205	0.850622
45143	45199	45	0.918367
45144	45184	3	0.000815
45144	45187	3	0.000815
45144	44804	15012	4.080457
45144	44937	3	0.000815
45144	45196	3	0.000815
45144	44817	3	0.000815
45144	44826	3	0.000815
45144	44703	6	0.001631
45144	44966	2604	0.707801
45144	45098	3	0.000815
45144	44852	3	0.000815
45144	45065	4	0.001087
45144	44985	3	0.000815
45144	44866	6	0.001631
45144	44897	6	0.001631
45144	45000	3	0.000815
45144	45015	6	0.001631
45144	45017	3	0.000815
45144	45025	3	0.000815
45144	45027	3	0.000815
45144	44649	3	0.000815
45144	44908	6	0.001631
45144	44662	3	0.000815
45144	44670	3	0.000815
45145	44768	1	0.002151
45145	44932	1	0.002151
45145	45095	1	0.002151
45145	45199	4	0.008602
45145	44847	1	0.002151
45145	44916	2	0.004301
45145	45080	1	0.002151
45145	44827	1	0.002151
45145	44764	3	0.006452
45147	44682	1	0.021739
45147	45118	1	0.021739
45147	44991	1	0.021739
45148	44768	1	0.007299
45148	44966	1	0.007299
45148	45000	1	0.007299
45148	45199	293	2.138686
45148	44917	98	0.715328
45148	44827	1	0.007299
45149	44966	37	1.000000
45149	45030	3	0.081081
45149	44647	5	0.135135
45149	45000	37	1.000000
45149	44715	1	0.027027
45149	45073	1	0.027027
45149	45139	2	0.054054
45149	45018	3	0.081081
45150	45018	2	0.044444
45150	45135	1	0.022222
45150	45022	1	0.022222
45150	44966	2	0.044444
45150	44703	2	0.044444
45151	44768	1	0.001013
45151	44866	1	0.001013
45151	44966	2	0.002026
45151	45000	1	0.001013
45151	45199	4	0.004053
45151	44917	21	0.021277
45151	44827	4	0.004053
45152	45018	2	0.142857
45152	45123	1	0.071429
45153	45028	157	5.064516
45153	44966	86	2.774194
45153	45000	25	0.806452
45153	44649	22	0.709677
45153	44876	1	0.032258
45153	44653	9	0.290323
45153	45070	1	0.032258
45153	44881	1	0.032258
45153	44852	7	0.225806
45153	44830	8	0.258065
45153	44735	7	0.225806
45154	44852	9	0.126761
45155	44917	50	0.925926
45157	44866	4	0.078431
45157	45030	2	0.039216
45157	44966	8	0.156863
45157	45036	2	0.039216
45157	45165	1	0.019608
45157	44881	2	0.039216
45157	45074	2	0.039216
45157	45174	6	0.117647
45157	45048	2	0.039216
45157	45018	2	0.039216
45157	44890	2	0.039216
45159	45184	4	0.007299
45159	45188	3	0.005474
45159	44680	3	0.005474
45159	45199	2	0.003650
45159	44690	3	0.005474
45159	44966	30	0.054745
45159	44715	2	0.003650
45159	44852	6	0.010949
45159	44983	1	0.001825
45159	45120	34	0.062044
45159	44866	23	0.041971
45159	44995	6	0.010949
45159	45139	4	0.007299
45159	44759	5	0.009124
45159	45018	6	0.010949
45159	45149	2	0.003650
45159	44649	3	0.005474
45159	44788	6	0.010949
45159	44917	2	0.003650
45159	45174	3	0.005474
45159	45048	6	0.010949
45159	45054	4	0.007299
45160	44848	2	0.019802
45160	45107	2	0.019802
45160	44866	1	0.009901
45160	44979	2	0.019802
45160	44966	16	0.158416
45162	45000	6	1.000000
45162	44890	4	0.666667
45162	44966	6	1.000000
45162	44647	4	0.666667
45163	44682	1	0.015873
45163	44827	1	0.015873
45163	44725	3	0.047619
45164	45000	23	1.000000
45164	44852	1	0.043478
45164	44966	23	1.000000
45165	45123	2	0.086957
45165	45157	1	0.043478
45165	44966	2	0.086957
45165	45002	1	0.043478
45165	45139	3	0.130435
45165	45018	11	0.478261
45165	44703	1	0.043478
45167	45174	2	0.010256
45167	44715	2	0.010256
45167	45149	2	0.010256
45167	45030	2	0.010256
45167	44966	2	0.010256
45168	44827	1	0.125000
45169	45168	399	5.050633
45169	45000	158	2.000000
45169	44850	82	1.037975
45170	44852	5	0.138889
45172	44804	11	0.008289
45172	44806	2	0.001507
45172	45065	8	0.006029
45172	45066	1	0.000754
45172	45196	1	0.000754
45172	44973	1	0.000754
45172	44827	2	0.001507
45172	45018	19	0.014318
45172	44703	6	0.004521
45172	44966	15	0.011304
45172	44713	14	0.010550
45172	45098	1	0.000754
45172	44845	3	0.002261
45172	44976	1	0.000754
45172	44977	1	0.000754
45172	44852	43	0.032404
45172	44983	2	0.001507
45172	44857	1	0.000754
45172	44858	1	0.000754
45172	44866	11	0.008289
45172	45123	3	0.002261
45172	44872	1	0.000754
45172	45129	4	0.003014
45172	45002	12	0.009043
45172	44876	12	0.009043
45172	44881	7	0.005275
45172	45139	2	0.001507
45172	44885	2	0.001507
45172	44890	2	0.001507
45172	44765	4	0.003014
45172	45022	1	0.000754
45172	44915	1	0.000754
45172	45174	6	0.004521
45172	45048	2	0.001507
45174	45000	164	1.000000
45174	44966	165	1.006098
45175	45000	4	0.222222
45177	44966	1	0.020408
45177	45000	1	0.020408
45177	44780	92	1.877551
45177	45199	28	0.571429
45177	44917	1	0.020408
45177	44827	1	0.020408
45178	44866	22	0.265060
45178	44966	23	0.277108
45178	45000	1	0.012048
45178	45199	4	0.048193
45178	45138	2	0.024096
45178	44917	1	0.012048
45180	44817	56	1.142857
45184	45000	4	1.000000
45184	44966	4	1.000000
45185	45120	3	0.023077
45185	44866	2	0.015385
45185	45123	1	0.007692
45185	44966	27	0.207692
45185	44648	13	0.100000
45185	45034	13	0.100000
45185	44654	13	0.100000
45185	45139	4	0.030769
45185	45134	14	0.107692
45185	44890	1	0.007692
45185	45018	17	0.130769
45186	45018	16	1.333333
45186	45123	1	0.083333
45187	45065	17	0.044737
45187	44845	2	0.005263
45187	44966	1	0.002632
45188	45159	1	0.017857
45190	45009	3	0.103448
45190	44890	1	0.034483
45190	44939	5	0.172414
45190	44876	2	0.068966
45193	44768	1	0.003597
45193	44890	1	0.003597
45193	44735	1	0.003597
45193	44917	1	0.003597
45193	44703	1	0.003597
45194	44720	1	0.009524
45194	44852	3	0.028571
45194	44966	2	0.019048
45196	45172	1	0.001541
45196	44834	626	0.964561
45196	44836	1	0.001541
45196	44966	9	0.013867
45196	44647	1	0.001541
45196	45000	3	0.004622
45196	45098	1	0.001541
45196	44866	2	0.003082
45196	44881	6	0.009245
45196	45074	1	0.001541
45196	45139	1	0.001541
45196	44852	101	0.155624
45196	45174	29	0.044684
45196	44804	624	0.961479
45196	45018	2	0.003082
45196	44890	2	0.003082
45196	45022	1	0.001541
45196	44735	2	0.003082
45197	44890	1	0.015152
45197	44866	1	0.015152
45197	44966	2	0.030303
45197	45087	1	0.015152
45198	44853	1	0.001855
45198	44825	1	0.001855
45198	45199	27	0.050093
45198	44917	526	0.975881
45198	44735	2	0.003711
45199	44929	4	0.007220
45199	45060	2	0.003610
45199	44953	1	0.001805
45199	44890	2	0.003610
45199	44703	3	0.005415
45199	44966	567	1.023466
45199	44840	1	0.001805
45199	44716	4	0.007220
45199	44847	1	0.001805
45199	44976	2	0.003610
45199	44852	109	0.196751
45199	44727	2	0.003610
45199	44866	4	0.007220
45199	45123	1	0.001805
45199	45000	553	0.998195
45199	44983	1	0.001805
45199	45132	319	0.575812
45199	44881	4	0.007220
45199	45138	1	0.001805
45199	45139	21	0.037906
45199	45018	32	0.057762
45199	44766	3	0.005415
45199	44768	5	0.009025
45199	44897	1	0.001805
45199	44649	1	0.001805
45199	44917	1	0.001805
45199	44663	1	0.001805
45199	44796	1	0.001805
45199	44799	1	0.001805
45200	44881	1	0.029412
45200	45174	3	0.088235
45201	44866	2	0.008584
45201	44966	1	0.004292
45201	45000	1	0.004292
45201	45199	13	0.055794
45201	45139	1	0.004292
45201	44917	231	0.991416
45202	45028	261	1.000000
45202	44966	261	1.000000
45202	45000	261	1.000000
45202	44653	306	1.172414
45202	44976	4	0.015326
45202	44852	27	0.103448
45202	44959	261	1.000000
45203	44890	1	0.002232
45203	44973	2	0.004464
45203	44647	1	0.002232
45204	44768	1	0.007937
45204	45184	1	0.007937
45204	44966	128	1.015873
45204	45000	390	3.095238
45204	45199	2	0.015873
45204	45139	1	0.007937
45204	45141	1	0.007937
45204	44918	1	0.007937
45204	44727	2	0.015873
45204	44825	126	1.000000
45204	44890	8	0.063492
45204	45116	1	0.007937
45204	44730	2	0.015873
45205	44953	1	0.011765
45205	44897	1	0.011765
45205	44652	14	0.164706
45205	45199	4	0.047059
45206	44768	1	0.009901
45206	44738	1	0.009901
45206	45158	1	0.009901
45206	44936	3	0.029703
45206	45068	4	0.039604
45206	44972	1	0.009901
45206	44974	3	0.029703
45206	45199	3	0.029703
45206	44958	2	0.019802
45206	44694	2	0.019802
45206	44763	2	0.019802
45206	45117	4	0.039604
45206	44766	2	0.019802
45208	44866	92	1.000000
45211	45018	23	1.352941
45211	45123	3	0.176471
45212	45184	5	0.016892
45212	45120	1	0.003378
45212	44866	369	1.246622
45212	44966	333	1.125000
45212	44647	1	0.003378
45212	45000	296	1.000000
45212	45065	1	0.003378
45212	45098	1	0.003378
45212	44715	1	0.003378
45212	44716	1	0.003378
45212	44881	12	0.040541
45212	44915	1	0.003378
45212	44852	61	0.206081
45212	45048	3	0.010135
45212	45174	3	0.010135
45212	44984	1	0.003378
45212	45172	1	0.003378
45212	45018	3	0.010135
45212	45022	1	0.003378
45214	44890	1	0.008000
45214	44948	11	0.088000
45214	44917	11	0.088000
44646	44860	1	0.058824
44647	44966	130	1.048387
44647	45000	124	1.000000
44647	44649	8	0.064516
44647	45066	2	0.016129
44647	44716	5	0.040323
44647	44719	1	0.008065
44647	44852	119	0.959677
44647	44983	7	0.056452
44648	45185	1234	1.004886
44648	44966	3	0.002443
44648	45000	1229	1.000814
44648	44937	1	0.000814
44648	44881	1	0.000814
44648	44852	1	0.000814
44648	44694	1229	1.000814
44649	45120	3	0.002595
44649	44929	3	0.002595
44649	44866	1	0.000865
44649	44716	3	0.002595
44649	44966	1176	1.017301
44649	45000	1156	1.000000
44649	45129	1157	1.000865
44649	45066	3	0.002595
44649	44876	1157	1.000865
44649	44973	1156	1.000000
44649	44655	3	0.002595
44649	45041	3	0.002595
44649	45139	4	0.003460
44649	44825	1	0.000865
44649	44890	3	0.002595
44649	44858	3	0.002595
44649	45184	3	0.002595
44650	44966	1	0.005952
44650	44977	1	0.005952
44650	45000	1	0.005952
44650	44908	1	0.005952
44650	45199	6	0.035714
44650	44840	1	0.005952
44650	44660	1	0.005952
44650	44917	2	0.011905
44650	44727	1	0.005952
44650	44953	1	0.005952
44650	44753	1	0.005952
44650	45116	1	0.005952
44650	44861	2	0.011905
44650	44703	1	0.005952
44651	44966	1	0.052632
44651	45199	1	0.052632
44652	44672	1	0.002237
44652	45078	2	0.004474
44652	45198	1	0.002237
44652	45199	31	0.069351
44652	44821	1	0.002237
44652	44822	2	0.004474
44652	44953	2	0.004474
44652	44827	1	0.002237
44652	44833	1	0.002237
44652	44966	3	0.006711
44652	45107	7	0.015660
44652	44730	2	0.004474
44652	44735	1	0.002237
44652	44865	1	0.002237
44652	44866	53	0.118568
44652	44747	2	0.004474
44652	45135	4	0.008949
44652	44760	1	0.002237
44652	44890	4	0.008949
44652	45007	1	0.002237
44652	44768	4	0.008949
44652	44897	1	0.002237
44652	45158	1	0.002237
44652	44782	2	0.004474
44652	44917	8	0.017897
44653	45000	12	1.000000
44653	44966	12	1.000000
44654	44866	1	0.005128
44654	45068	1	0.005128
44655	45000	3	1.000000
44655	44966	3	1.000000
44657	44646	1	0.055556
44658	44849	14	1.000000
44659	44915	1	0.003460
44659	44966	1	0.003460
44660	44966	1	0.008197
44660	45199	1	0.008197
44662	44856	7	0.142857
44662	45000	1	0.020408
44662	44866	2	0.040816
44662	44908	12	0.244898
44662	44703	1	0.020408
44663	45121	1	0.024390
44663	45195	1	0.024390
44663	44683	1	0.024390
44663	44966	1	0.024390
44663	44903	1	0.024390
44663	44651	1	0.024390
44663	44780	1	0.024390
44663	45199	6	0.146341
44663	44884	1	0.024390
44663	44823	1	0.024390
44663	45177	1	0.024390
44663	45007	1	0.024390
44664	45120	3	0.036145
44664	45177	5	0.060241
44664	44988	4	0.048193
44664	44966	1	0.012048
44667	45000	1	0.000417
44667	44917	2399	0.999583
44667	44966	1	0.000417
44668	44929	1	0.026316
44668	44761	1	0.026316
44668	44852	1	0.026316
44668	45126	1	0.026316
44668	45175	1	0.026316
44669	44768	23	1.000000
44669	44866	1	0.043478
44669	45062	1	0.043478
44669	44908	1	0.043478
44669	44652	1	0.043478
44669	45199	23	1.000000
44669	44917	23	1.000000
44669	45206	1	0.043478
44669	45161	1	0.043478
44669	44927	1	0.043478
44670	44890	1	0.015873
44670	44735	3	0.047619
44670	44676	4	0.063492
44670	44789	3	0.047619
44670	44973	3	0.047619
44671	45018	5	0.833333
44671	45107	12	2.000000
44672	44719	1	0.017241
44672	44917	39	0.672414
44672	45199	4	0.068966
44674	45000	28	1.000000
44674	44966	111	3.964286
44675	44866	2	0.005102
44675	44966	8	0.020408
44675	44647	2	0.005102
44675	45035	2	0.005102
44675	44881	2	0.005102
44675	45139	4	0.010204
44675	44852	2	0.005102
44675	45174	4	0.010204
44675	45018	2	0.005102
44676	44789	40	1.000000
44676	44917	80	2.000000
44676	45199	80	2.000000
44677	44966	258	3.685714
44677	44647	8	0.114286
44677	45000	68	0.971429
44677	44716	1	0.014286
44677	44719	2	0.028571
44677	44881	2	0.028571
44677	44852	14	0.200000
44677	44858	4	0.057143
44677	45018	16	0.228571
44679	44966	2203	1.362400
44679	44647	1	0.000618
44679	45000	1617	1.000000
44679	45139	7	0.004329
44679	44852	55	0.034014
44679	45174	2	0.001237
44679	44983	1	0.000618
44679	45018	1	0.000618
44680	45129	2	0.002370
44680	44866	2	0.002370
44680	45159	2	0.002370
44681	45000	1	0.006711
44681	45022	1	0.006711
44681	44917	1	0.006711
44681	44966	1	0.006711
44681	45199	1	0.006711
44682	45120	5	0.116279
44682	44852	1	0.023256
44682	44966	8	0.186047
44683	44853	1	0.111111
44683	45199	3	0.333333
44683	44917	3	0.333333
44683	45007	3	0.333333
44683	44663	3	0.333333
44684	44966	1	0.001905
44684	45000	1	0.001905
44684	44873	2	0.003810
44684	44780	525	1.000000
44684	44917	526	1.001905
44684	44663	524	0.998095
44684	44953	1	0.001905
44684	44703	3	0.005714
44684	45116	3	0.005714
44684	44735	7	0.013333
44687	44866	1	0.041667
44687	45174	2	0.083333
44687	44966	1	0.041667
44690	45120	6	0.352941
44690	44995	1	0.058824
44690	45188	1	0.058824
44690	44966	1	0.058824
44690	45159	2	0.117647
44690	44759	2	0.117647
44691	44736	1	0.000156
44691	44866	1	0.000156
44691	44966	6430	1.000000
44691	45000	6429	0.999844
44691	44881	1	0.000156
44691	44852	3	0.000467
44691	44726	1	0.000156
44691	45015	1	0.000156
44694	44768	2	0.027778
44694	44866	1	0.013889
44694	45060	1	0.013889
44694	45199	3	0.041667
44694	44890	1	0.013889
44694	44735	1	0.013889
44696	45020	3	0.051724
44697	45000	2	0.062500
44697	44917	32	1.000000
44697	44966	2	0.062500
44698	45120	2	0.008230
44698	44866	4	0.016461
44698	45123	8	0.032922
44698	44708	2	0.008230
44698	45030	17	0.069959
44698	44966	19	0.078189
44698	45128	2	0.008230
44698	44802	2	0.008230
44698	45199	2	0.008230
44698	45000	1	0.004115
44698	45139	8	0.032922
44698	45018	93	0.382716
44699	45000	2	0.018692
44699	44835	1	0.009346
44699	44703	1	0.009346
44699	44783	1	0.009346
44700	45000	170	1.000000
44700	44852	2	0.011765
44700	44908	2	0.011765
44700	44966	182	1.070588
44700	44703	2	0.011765
44702	45120	1	0.052632
44702	45021	4	0.210526
44703	44929	2	0.000702
44703	45060	22	0.007725
44703	45199	8	0.002809
44703	44825	3	0.001053
44703	44953	3	0.001053
44703	45018	6	0.002107
44703	44966	34	0.011938
44703	44715	3	0.001053
44703	44716	2	0.000702
44703	44973	1	0.000351
44703	44977	1	0.000351
44703	44852	7	0.002458
44703	44983	4	0.001404
44703	44730	3	0.001053
44703	45116	1	0.000351
44703	44866	7	0.002458
44703	45000	3	0.001053
44703	44873	1	0.000351
44703	45002	1	0.000351
44703	44727	1	0.000351
44703	44754	1	0.000351
44703	45139	4	0.001404
44703	44890	2	0.000702
44703	44858	2	0.000702
44703	44897	4	0.001404
44703	44649	2	0.000702
44703	45162	2	0.000702
44703	44908	1	0.000351
44703	45042	18	0.006320
44703	45172	1	0.000351
44703	44917	2	0.000702
44703	45174	1	0.000351
44703	44791	1	0.000351
44703	44799	3	0.001053
44704	44827	5	0.014706
44704	44892	1	0.002941
44706	44917	2	0.086957
44706	45199	2	0.086957
44707	44897	1391	55.640000
44707	45098	25	1.000000
44707	45018	2	0.080000
44709	45014	1	0.052632
44710	44827	3	0.009585
44710	44917	10	0.031949
44710	45199	13	0.041534
44711	45120	2	0.013889
44711	45033	3	0.020833
44711	44890	2	0.013889
44711	44973	2	0.013889
44711	44966	2	0.013889
44713	44804	1	0.008000
44713	44966	1	0.008000
44713	44806	1	0.008000
44713	45129	1	0.008000
44713	44885	1	0.008000
44713	44857	1	0.008000
44713	44827	2	0.016000
44713	44765	1	0.008000
44714	45000	44	0.138365
44714	44917	45	0.141509
44714	44966	44	0.138365
44714	45199	2	0.006289
44715	44929	1	0.000746
44715	44804	1	0.000746
44715	45065	5	0.003731
44715	44866	13	0.009701
44715	45073	1	0.000746
44715	44953	1	0.000746
44715	44890	4	0.002985
44715	44703	22	0.016418
44715	45092	3	0.002239
44715	45094	4	0.002985
44715	45098	2	0.001493
44715	44977	1	0.000746
44715	44852	9	0.006716
44715	45129	3	0.002239
44715	44916	1	0.000746
44715	45087	1	0.000746
44715	45002	2	0.001493
44715	44735	2	0.001493
44715	45122	1	0.000746
44715	44739	1	0.000746
44715	45000	1	0.000746
44715	44873	1	0.000746
44715	44874	2	0.001493
44715	44727	2	0.001493
44715	44876	2	0.001493
44715	44881	1	0.000746
44715	45145	1	0.000746
44715	45018	6	0.004478
44715	45149	7	0.005224
44715	45022	14	0.010448
44715	44897	9	0.006716
44715	44966	43	0.032090
44715	45030	5	0.003731
44715	44647	1	0.000746
44715	44649	152	0.113433
44715	44778	1	0.000746
44715	44653	1	0.000746
44715	44915	2	0.001493
44715	45172	4	0.002985
44715	45048	1	0.000746
44715	45179	2	0.001493
44715	44668	2	0.001493
44715	44906	1	0.000746
44715	45054	1	0.000746
44716	45060	2	0.000925
44716	45199	1	0.000463
44716	44703	2	0.000925
44716	44836	6	0.002776
44716	44966	2242	1.037483
44716	45095	1	0.000463
44716	44719	2	0.000925
44716	44976	36	0.016659
44716	44852	80	0.037020
44716	44983	20	0.009255
44716	44730	2	0.000925
44716	44735	2	0.000925
44716	45000	2161	1.000000
44716	45129	1	0.000463
44716	44881	22	0.010180
44716	45139	3	0.001388
44716	44890	2	0.000925
44716	44897	2	0.000925
44716	44647	4	0.001851
44716	44649	22	0.010180
44716	44655	2	0.000925
44716	44917	9	0.004165
44716	44669	1	0.000463
44717	44810	1	0.047619
44718	45120	3	0.008798
44718	44682	3	0.008798
44719	45000	29	1.000000
44719	44966	32	1.103448
44720	45018	14	0.026266
44720	45123	19	0.035647
44720	44966	7	0.013133
44720	44703	7	0.013133
44721	44768	4	0.039216
44721	45060	2	0.019608
44721	44966	1	0.009804
44721	45000	1	0.009804
44721	45199	4	0.039216
44721	44917	2	0.019608
44721	44827	4	0.039216
44721	45086	2	0.019608
44722	45184	2	0.004796
44722	45073	3	0.007194
44722	44703	2	0.004796
44722	44966	5	0.011990
44722	45191	3	0.007194
44725	44966	2	0.006515
44725	45000	2	0.006515
44725	45163	3	0.009772
44725	45199	19	0.061889
44725	44917	2	0.006515
44725	44827	3	0.009772
44727	45139	3	0.002473
44727	45060	6	0.004946
44727	44966	3	0.002473
44727	44778	1	0.000824
44727	44715	2	0.001649
44727	44866	1	0.000824
44727	45199	1	0.000824
44727	44915	1	0.000824
44727	44852	1	0.000824
44727	44703	2	0.001649
44727	44735	1	0.000824
44728	44739	259	7.000000
44728	44917	37	1.000000
44729	44966	19	0.162393
44729	45000	5	0.042735
44729	45199	14	0.119658
44729	44917	5	0.042735
44729	45145	14	0.119658
44729	44669	14	0.119658
44730	44897	2	0.003086
44730	44866	1	0.001543
44730	45060	2	0.003086
44730	44966	1	0.001543
44730	44647	4	0.006173
44730	44908	1	0.001543
44730	45074	1	0.001543
44730	44852	1	0.001543
44730	45174	1	0.001543
44730	44953	1	0.001543
44730	45018	1	0.001543
44730	44827	1	0.001543
44730	44766	1	0.001543
44730	44703	4	0.006173
44732	44866	54	1.000000
44734	45056	13	0.866667
44734	44681	2	0.133333
44734	45194	1	0.066667
44734	44876	1	0.066667
44734	44973	2	0.133333
44734	45174	1	0.066667
44734	45081	13	0.866667
44734	44890	2	0.133333
44734	44735	2	0.133333
44735	45000	3	0.750000
44735	44966	3	0.750000
44736	45015	1	0.016129
44736	45173	2	0.032258
44736	44726	1	0.016129
44736	44703	1	0.016129
44737	44917	111	3.000000
44739	44873	1	0.024390
44739	44827	1	0.024390
44739	44917	40	0.975610
44739	44735	2	0.048780
44741	45000	256	1.000000
44741	44966	256	1.000000
44741	44655	1	0.003906
44743	45048	2	0.048780
44744	45184	3	0.001217
44744	44929	4	0.001623
44744	45066	3	0.001217
44744	44845	1	0.000406
44744	45204	1	0.000406
44744	44825	1	0.000406
44744	44827	1	0.000406
44744	44966	2497	1.012982
44744	44716	4	0.001623
44744	44973	1010	0.409736
44744	44852	24	0.009736
44744	45129	1011	0.410142
44744	44858	3	0.001217
44744	45120	3	0.001217
44744	45123	1	0.000406
44744	45000	2465	1.000000
44744	45004	1	0.000406
44744	44876	1010	0.409736
44744	44881	1	0.000406
44744	45139	9	0.003651
44744	44890	4	0.001623
44744	45028	2	0.000811
44744	44649	5640	2.288032
44744	45162	2	0.000811
44744	44655	3	0.001217
44744	45041	3	0.001217
44744	45173	1	0.000406
44746	44730	5	0.096154
44746	45204	2	0.038462
44746	44966	2	0.038462
44747	44852	13	0.050000
44748	45184	3	0.750000
44748	44872	3	0.750000
44748	45129	6	1.500000
44748	44978	9	2.250000
44748	45075	3	0.750000
44748	45051	3	0.750000
44748	45021	3	0.750000
44748	44702	3	0.750000
44749	44768	3	0.004539
44749	44866	1	0.001513
44749	44966	1	0.001513
44749	44917	48	0.072617
44749	44890	1	0.001513
44749	44827	1	0.001513
44750	45096	44	0.023784
44750	44897	2	0.001081
44750	44866	44	0.023784
44750	45098	38	0.020541
44750	44730	120	0.064865
44751	45000	26	1.000000
44751	44881	1	0.038462
44751	44966	26	1.000000
44752	44866	3	0.012346
44752	44966	3	0.012346
44752	45000	3	0.012346
44752	45129	3	0.012346
44752	44729	3	0.012346
44752	44764	6	0.024691
44753	44866	2	1.000000
44753	44966	2	1.000000
44753	44650	2	1.000000
44753	44973	2	1.000000
44753	45102	2	1.000000
44753	45018	2	1.000000
44753	44827	2	1.000000
44753	44861	2	1.000000
44754	44768	1	0.001650
44754	44866	1	0.001650
44754	45060	19	0.031353
44754	44966	6	0.009901
44754	44647	1	0.001650
44754	45000	1	0.001650
44754	45129	1	0.001650
44754	45199	1	0.001650
44754	45040	371	0.612211
44754	44852	4	0.006601
44754	44825	1	0.001650
44754	44847	1	0.001650
44754	44703	5	0.008251
44757	44768	1	0.001116
44757	44865	3	0.003348
44757	44966	2	0.002232
44757	45000	2	0.002232
44757	44825	2	0.002232
44757	45199	28	0.031250
44757	45018	12	0.013393
44757	44852	2	0.002232
44757	44917	4	0.004464
44757	44983	6	0.006696
44757	44953	2	0.002232
44757	44858	2	0.002232
44757	44827	4	0.004464
44757	44890	2	0.002232
44757	45022	4	0.004464
44759	45129	2	0.080000
44759	44866	2	0.080000
44759	45199	2	0.080000
44760	45199	2	0.285714
44761	44917	1	0.041667
44761	45199	5	0.208333
44762	45120	69	0.049748
44762	44866	8	0.005768
44762	44966	33	0.023792
44762	45000	6	0.004326
44762	44973	5	0.003605
44762	44942	982	0.708003
44762	44881	4	0.002884
44762	44852	9	0.006489
44762	45174	995	0.717376
44762	45048	4	0.002884
44762	44825	18	0.012978
44762	45018	27	0.019466
44762	44890	5	0.003605
44762	44735	6	0.004326
44763	44827	1	0.038462
44763	45036	2	0.076923
44763	44917	26	1.000000
44764	45184	6	0.004882
44764	45120	6	0.004882
44764	44866	4	0.003255
44764	45123	2	0.001627
44764	44774	1	0.000814
44764	44966	15	0.012205
44764	44977	1	0.000814
44764	45000	4	0.003255
44764	45199	1	0.000814
44764	45200	4	0.003255
44764	44881	6	0.004882
44764	45139	1	0.000814
44764	44916	1811	1.473556
44764	45174	4	0.003255
44764	44852	3	0.002441
44764	44752	2	0.001627
44764	44835	1	0.000814
44764	45018	50	0.040683
44764	44668	3	0.002441
44764	45022	5	0.004068
44764	44831	1	0.000814
44766	44966	1	0.000641
44766	45165	1	0.000641
44766	45199	2	0.001283
44766	45074	1	0.000641
44766	44917	2	0.001283
44766	44953	2	0.001283
44766	45018	1	0.000641
44766	44703	1	0.000641
44768	44966	113	1.066038
44768	44647	1	0.009434
44768	45000	106	1.000000
44768	44873	2	0.018868
44768	44730	2	0.018868
44768	45199	121	1.141509
44768	44977	1	0.009434
44768	44735	3	0.028302
44768	44852	2	0.018868
44768	44917	2	0.018868
44768	45206	1	0.009434
44768	44840	1	0.009434
44768	45204	6	0.056604
44768	44890	2	0.018868
44768	44927	1	0.009434
44768	45116	1	0.009434
44768	44669	1	0.009434
44768	44703	1	0.009434
44769	44827	2	0.166667
44769	44917	2	0.166667
44770	44866	1	0.002577
44770	44837	1	0.002577
44770	44966	2	0.005155
44770	45000	2	0.005155
44770	45199	6	0.015464
44770	44917	24	0.061856
44771	44936	2	0.025974
44771	45199	3	0.038961
44773	44897	8	0.007098
44773	44852	56	0.049689
44773	44966	4	0.003549
44773	44881	4	0.003549
44774	45120	22	0.015850
44774	45139	120	0.086455
44774	45123	3	0.002161
44774	44966	329	0.237032
44774	44916	6	0.004323
44774	44906	8	0.005764
44774	44715	3	0.002161
44774	44890	9	0.006484
44774	44866	23	0.016571
44774	44881	25	0.018012
44774	45043	5	0.003602
44774	44948	5	0.003602
44774	45162	6	0.004323
44774	45174	32	0.023055
44774	44983	6	0.004323
44774	44852	17	0.012248
44774	45018	159	0.114553
44774	44915	3	0.002161
44774	44764	9	0.006484
44774	44746	3	0.002161
44774	45022	49	0.035303
44775	44866	6	0.127660
44775	44966	62	1.319149
44775	45127	47	1.000000
44775	45000	47	1.000000
44775	45066	2	0.042553
44775	44716	4	0.085106
44775	44881	2	0.042553
44775	44852	42	0.893617
44775	44917	2	0.042553
44777	44836	1	0.012821
44777	44966	2	0.025641
44777	44655	3	0.038462
44778	44736	3	0.002024
44778	44897	1	0.000675
44778	44966	1	0.000675
44778	45000	3	0.002024
44778	44840	2	0.001350
44778	44853	2	0.001350
44778	45015	1	0.000675
44778	44703	3	0.002024
44779	45203	1	0.001656
44779	44852	1	0.001656
44779	45174	1	0.001656
44779	44966	4	0.006623
44780	45116	2	0.060606
44780	45199	12	0.363636
44781	45000	13	1.000000
44781	44852	14	1.076923
44781	44966	26	2.000000
44782	45116	61	0.924242
44782	44821	1	0.015152
44783	45120	2	0.400000
44788	45120	2	0.001080
44788	45184	2	0.001080
44788	44866	1	0.000540
44788	44966	7	0.003782
44788	45159	13	0.007023
44788	45000	4	0.002161
44788	45129	2	0.001080
44788	44759	6	0.003241
44788	45018	4	0.002161
44789	45120	2	0.018182
44789	44866	7	0.063636
44789	45123	1	0.009091
44789	44966	9	0.081818
44789	45030	1	0.009091
44789	45199	1	0.009091
44789	45139	10	0.090909
44789	44852	1	0.009091
44789	45172	1	0.009091
44789	45018	10	0.090909
44790	45000	10	0.238095
44790	44966	10	0.238095
44792	45064	1	0.111111
44792	44827	5	0.555556
44793	44768	2	0.037037
44793	44953	2	0.037037
44793	44917	1	0.018519
44794	44917	2	0.062500
44795	45184	1	0.016129
44795	45116	1	0.016129
44795	45082	14	0.225806
44795	45195	7	0.112903
44795	44684	1	0.016129
44796	45000	35	1.000000
44796	45132	2	0.057143
44796	44966	37	1.057143
44798	44904	1	0.000651
44798	44653	1537	1.001303
44798	44870	1	0.000651
44799	44902	1	0.002160
44799	44876	1	0.002160
44799	45162	9	0.019438
44799	45132	2	0.004320
44799	45199	3	0.006479
44799	45138	1	0.002160
44799	45139	5	0.010799
44799	44852	1	0.002160
44799	44827	4	0.008639
44799	44703	1	0.002160
44800	44866	3	0.008380
44800	44966	9	0.025140
44800	44745	3	0.008380
44800	45018	6	0.016760
44800	44881	6	0.016760
44800	45139	3	0.008380
44800	44852	3	0.008380
44800	45174	13	0.036313
44800	44698	246	0.687151
44800	44890	3	0.008380
44802	45120	3	0.002646
44802	44866	6	0.005291
44802	44966	3	0.002646
44802	45000	3	0.002646
44802	45199	6	0.005291
44802	44755	3	0.002646
44802	44890	3	0.002646
44803	44944	4	0.307692
44803	45000	3	0.230769
44803	45120	1	0.076923
44804	44768	5	0.012315
44804	44834	15	0.036946
44804	44713	14	0.034483
44804	45199	21	0.051724
44804	45139	1	0.002463
44804	44852	1	0.002463
44804	44917	4	0.009852
44804	44730	1	0.002463
44804	45018	3	0.007389
44805	44904	3	0.375000
44805	45000	1	0.125000
44808	44917	3	1.000000
44810	45184	20	1.000000
44810	45139	2	0.100000
44810	45174	3	0.150000
44810	44966	1	0.050000
44810	44721	1	0.050000
44810	45030	1	0.050000
44810	44890	1	0.050000
44810	44943	1	0.050000
44810	45208	1	0.050000
44810	45171	1	0.050000
44810	44822	1	0.050000
44810	45048	2	0.100000
44810	44697	1	0.050000
44810	45018	1	0.050000
44810	45199	1	0.050000
44810	45149	1	0.050000
44813	44866	1	0.058824
44813	45199	6	0.352941
44815	45120	3	0.005941
44815	44707	1	0.001980
44815	44726	3	0.005941
44815	44966	2710	5.366337
44815	45000	506	1.001980
44815	44649	1	0.001980
44815	44781	1	0.001980
44815	45170	3	0.005941
44815	44852	364	0.720792
44815	44790	3	0.005941
44815	45018	7	0.013861
44815	44735	1	0.001980
44815	44703	1	0.001980
44819	44994	1	0.058824
44819	44966	39	2.294118
44819	45127	4	0.235294
44819	45000	17	1.000000
44819	44649	2	0.117647
44819	44719	10	0.588235
44819	44945	3	0.176471
44819	44983	2	0.117647
44821	44768	1	0.002183
44821	44804	1	0.002183
44821	45158	1	0.002183
44821	44966	2	0.004367
44821	45000	2	0.004367
44821	44652	1	0.002183
44821	45199	31	0.067686
44821	44917	683	1.491266
44821	44953	2	0.004367
44821	44703	19	0.041485
44822	44866	3	0.025641
44822	44652	1	0.008547
44822	44917	1	0.008547
44822	45199	8	0.068376
44823	44917	1	0.200000
44823	45199	5	1.000000
44824	45000	11	1.000000
44824	44647	1	0.090909
44824	44852	1	0.090909
44824	44966	13	1.181818
44824	44719	1	0.090909
44825	45184	1	0.004425
44825	45060	1	0.004425
44825	44845	16	0.070796
44825	45204	5	0.022124
44825	44703	4	0.017699
44825	44966	231	1.022124
44825	44973	235	1.039823
44825	44872	1	0.004425
44825	44722	1	0.004425
44825	44852	2	0.008850
44825	44727	5	0.022124
44825	44858	1	0.004425
44825	45116	2	0.008850
44825	44735	1	0.004425
44825	45120	1	0.004425
44825	44866	1	0.004425
44825	45000	278	1.230088
44825	44873	1	0.004425
44825	45141	1	0.004425
44825	44890	1	0.004425
44825	44768	1	0.004425
44825	44897	1	0.004425
44825	44649	1	0.004425
44826	44866	15	0.022796
44826	45027	15	0.022796
44826	44966	18	0.027356
44826	45000	3	0.004559
44826	45172	15	0.022796
44826	44983	2	0.003040
44827	45184	1	0.012987
44827	44966	70	0.909091
44827	44647	2	0.025974
44827	45000	70	0.909091
44827	45162	1	0.012987
44827	45132	1	0.012987
44827	45199	71	0.922078
44827	44852	2	0.025974
44827	44799	1	0.012987
44828	45000	225	0.995575
44828	44852	8	0.035398
44828	44966	229	1.013274
44830	45000	13	1.000000
44830	45028	1	0.076923
44830	44966	13	1.000000
44831	45152	1	0.007042
44831	45139	2	0.014085
44831	45156	1	0.007042
44831	44966	143	1.007042
44831	45000	142	1.000000
44831	45098	1	0.007042
44831	44866	1	0.007042
44831	45107	1	0.007042
44831	44852	1	0.007042
44831	44789	1	0.007042
44831	45018	39	0.274648
44831	45179	1	0.007042
44831	44764	2	0.014085
44831	45022	1	0.007042
44831	44671	1	0.007042
44832	44966	1	0.013158
44832	45191	1	0.013158
44832	44845	2	0.026316
44832	44910	1	0.013158
44832	44881	33	0.434211
44832	44953	3	0.039474
44832	44890	1	0.013158
44833	44917	2	0.031746
44833	45199	1	0.015873
44834	44804	8	0.005563
44834	45065	2	0.001391
44834	45196	7	0.004868
44834	45199	2	0.001391
44834	45129	2	0.001391
44834	44953	4	0.002782
44834	44827	1244	0.865090
44834	45018	2	0.001391
44834	44703	4	0.002782
44834	44840	2	0.001391
44834	44713	2	0.001391
44834	44977	2	0.001391
44834	44852	16	0.011127
44834	44727	2	0.001391
44834	45116	2	0.001391
44834	44873	2	0.001391
44834	44754	2	0.001391
44834	45139	26	0.018081
44834	44890	2	0.001391
44834	44768	2	0.001391
44834	44897	2	0.001391
44834	45030	6	0.004172
44834	44908	2	0.001391
44834	45174	2	0.001391
44834	45048	2	0.001391
44834	44799	2	0.001391
44835	45120	2	0.015038
44835	44966	13	0.097744
44835	45000	1	0.007519
44835	44719	2	0.015038
44835	45139	4	0.030075
44835	44852	4	0.030075
44835	45018	12	0.090226
44835	44764	58	0.436090
44836	45000	6	1.000000
44836	44966	6	1.000000
44838	45107	4	1.000000
44840	44768	6	0.004011
44840	44866	6	0.004011
44840	45060	1492	0.997326
44840	44799	1	0.000668
44840	44966	3	0.002005
44840	44647	2	0.001337
44840	45000	1	0.000668
44840	45199	3	0.002005
44840	45139	1	0.000668
44840	44852	1	0.000668
44840	45174	1	0.000668
44840	44890	1	0.000668
44840	44827	1	0.000668
44840	44735	1	0.000668
44841	44682	3	0.015152
44841	44851	3	0.015152
44841	44866	3	0.015152
44842	45120	1	0.016667
44842	44984	1	0.016667
44845	44736	1	0.005495
44845	45184	1	0.005495
44845	45028	4	0.021978
44845	44966	184	1.010989
44845	45000	558	3.065934
44845	44746	1	0.005495
44845	44727	2	0.010989
44845	44876	2	0.010989
44845	44973	181	0.994505
44845	45139	1	0.005495
44845	45204	180	0.989011
44845	45141	1	0.005495
44845	45174	2	0.010989
44845	44852	2	0.010989
44845	44825	182	1.000000
44845	45018	1	0.005495
44845	45116	1	0.005495
44847	44966	2	0.666667
44848	44703	1	0.020000
44848	45199	1	0.020000
44849	44808	2	0.074074
44849	45044	2	0.074074
44850	44768	1	0.003774
44850	45000	1	0.003774
44850	44917	1	0.003774
44850	44966	1	0.003774
44850	45199	3	0.011321
44852	45184	1	0.000214
44852	44929	1	0.000214
44852	45060	1	0.000214
44852	45066	1	0.000214
44852	45070	1	0.000214
44852	45199	1	0.000214
44852	44691	1	0.000214
44852	44953	1	0.000214
44852	44754	1	0.000214
44852	44825	1	0.000214
44852	44827	1	0.000214
44852	45018	1	0.000214
44852	44703	2	0.000429
44852	44962	1	0.000214
44852	44707	1	0.000214
44852	44966	4495	0.963145
44852	44840	1	0.000214
44852	44715	1	0.000214
44852	44716	1	0.000214
44852	44976	2	0.000429
44852	44977	1	0.000214
44852	44727	1	0.000214
44852	44858	1	0.000214
44852	44959	1	0.000214
44852	45116	1	0.000214
44852	44990	1	0.000214
44852	44735	1	0.000214
44852	45120	1	0.000214
44852	44865	1	0.000214
44852	44866	1	0.000214
44852	45123	1	0.000214
44852	45174	1	0.000214
44852	45000	4466	0.956932
44852	45129	1	0.000214
44852	44983	1	0.000214
44852	44876	1	0.000214
44852	44881	1	0.000214
44852	45138	3	0.000643
44852	44883	94	0.020141
44852	44890	1	0.000214
44852	45149	1	0.000214
44852	44768	1	0.000214
44852	44897	1	0.000214
44852	45028	1	0.000214
44852	45030	1	0.000214
44852	44649	6	0.001286
44852	44778	1	0.000214
44852	44907	1	0.000214
44852	44908	1	0.000214
44852	44781	1	0.000214
44852	44655	1	0.000214
44852	45132	1	0.000214
44852	45041	1	0.000214
44852	44873	1	0.000214
44852	45139	1	0.000214
44852	44790	1	0.000214
44852	45048	1	0.000214
44852	45054	1	0.000214
44853	45120	2	0.006024
44853	44768	1	0.003012
44853	44866	1	0.003012
44853	44966	1	0.003012
44853	44897	2	0.006024
44853	45000	2	0.006024
44853	45129	3	0.009036
44853	44778	2	0.006024
44853	44908	1	0.003012
44853	44873	1	0.003012
44853	45199	1	0.003012
44853	44881	1	0.003012
44853	44754	1	0.003012
44853	44915	5	0.015060
44853	44852	1	0.003012
44853	44840	1	0.003012
44853	45174	1	0.003012
44853	44727	3	0.009036
44853	44953	1	0.003012
44853	44890	1	0.003012
44853	45116	1	0.003012
44855	44917	2	1.000000
44856	44908	2	0.039216
44856	44662	2	0.039216
44856	45199	11	0.215686
44858	44768	1	0.003425
44858	44966	296	1.013699
44858	44647	1	0.003425
44858	45000	290	0.993151
44858	45066	10	0.034247
44858	44852	33	0.113014
44858	44730	2	0.006849
44858	44890	2	0.006849
44858	45150	2	0.006849
44858	44799	1	0.003425
44859	44801	2	0.006494
44859	44675	4	0.012987
44859	44845	4	0.012987
44859	45185	6	0.019481
44859	44937	2	0.006494
44859	44682	2	0.006494
44859	44687	4	0.012987
44859	45073	2	0.006494
44859	45082	2	0.006494
44859	45094	2	0.006494
44859	44951	4	0.012987
44859	44698	4	0.012987
44859	45159	4	0.012987
44859	44762	4	0.012987
44859	45087	2	0.006494
44859	44881	6	0.019481
44859	44835	4	0.012987
44859	45057	2	0.006494
44859	44861	4	0.012987
44859	44966	922	2.993506
44859	45169	2	0.006494
44859	44712	4	0.012987
44859	45098	2	0.006494
44859	45191	4	0.012987
44859	45101	2	0.006494
44859	44795	4	0.012987
44859	45083	2	0.006494
44859	44904	6	0.019481
44859	44722	4	0.012987
44859	44852	6	0.019481
44859	45032	2	0.006494
44859	45194	4	0.012987
44859	45111	4	0.012987
44859	44984	4	0.012987
44859	44916	2	0.006494
44859	44987	4	0.012987
44859	44988	2	0.006494
44859	44810	4	0.012987
44859	45119	4	0.012987
44859	44864	2	0.006494
44859	44866	2	0.006494
44859	45160	4	0.012987
44859	44871	2	0.006494
44859	45000	307	0.996753
44859	44876	2	0.006494
44859	44874	4	0.012987
44859	44748	4	0.012987
44859	45134	2	0.006494
44859	45112	2	0.006494
44859	44754	2	0.006494
44859	44899	4	0.012987
44859	45065	2	0.006494
44859	44888	2	0.006494
44859	44964	2	0.006494
44859	45018	5	0.016234
44859	45147	2	0.006494
44859	44764	4	0.012987
44859	44735	2	0.006494
44859	45022	2	0.006494
44859	44901	2	0.006494
44859	45024	4	0.012987
44859	44774	6	0.019481
44859	44923	4	0.012987
44859	44900	4	0.012987
44859	45157	4	0.012987
44859	44646	4	0.012987
44859	44647	4	0.012987
44859	44648	2	0.006494
44859	44777	4	0.012987
44859	45034	2	0.006494
44859	44779	4	0.012987
44859	44653	2	0.006494
44859	44654	2	0.006494
44859	45167	4	0.012987
44859	45040	2	0.006494
44859	45096	2	0.006494
44859	44915	2	0.006494
44859	45044	4	0.012987
44859	44789	4	0.012987
44859	45179	6	0.019481
44859	44668	4	0.012987
44859	44798	2	0.006494
44861	45120	4	0.015748
44861	44866	8	0.031496
44861	45123	1	0.003937
44861	44900	1	0.003937
44861	44966	10	0.039370
44861	45129	1	0.003937
44861	44650	1	0.003937
44861	45102	5	0.019685
44861	44881	4	0.015748
44861	45139	11	0.043307
44861	45174	6	0.023622
44861	44983	1	0.003937
44861	45048	2	0.007874
44861	44890	41	0.161417
44861	44703	1	0.003937
44861	45018	8	0.031496
44861	44735	2	0.007874
44863	44803	1	0.055556
44863	45179	1	0.055556
44865	45000	7	1.000000
44865	45139	1	0.142857
44865	44966	9	1.285714
44865	44983	1	0.142857
44866	45184	15	0.118110
44866	44902	1	0.007874
44866	44966	141	1.110236
44866	45000	142	1.118110
44866	44716	2	0.015748
44866	44881	3	0.023622
44866	44852	8	0.062992
44866	45174	2	0.015748
44866	45018	4	0.031496
44866	45022	2	0.015748
44868	45184	4	0.003226
44868	44682	2	0.001613
44868	45080	4	0.003226
44868	45018	77	0.062097
44868	44703	1	0.000806
44868	44962	4	0.003226
44868	44966	58	0.046774
44868	44716	5	0.004032
44868	44845	2	0.001613
44868	44976	12	0.009677
44868	44852	23	0.018548
44868	45022	1298	1.046774
44868	45129	6	0.004839
44868	44916	10	0.008065
44868	44866	44	0.035484
44868	45123	1	0.000806
44868	44999	4	0.003226
44868	45000	1	0.000806
44868	44873	5	0.004032
44868	44881	34	0.027419
44868	45139	7	0.005645
44868	44890	18	0.014516
44868	44764	7	0.005645
44868	45150	8	0.006452
44868	44774	14	0.011290
44868	44647	7	0.005645
44868	44906	12	0.009677
44868	44660	4	0.003226
44868	45174	31	0.025000
44868	45048	15	0.012097
44870	45060	22	0.027673
44870	44780	3	0.003774
44870	45132	1	0.001258
44870	44910	1	0.001258
44870	45199	5	0.006289
44870	44953	2	0.002516
44870	44735	22	0.027673
44872	44866	2	0.010582
44873	45060	10	0.002873
44873	45199	8	0.002298
44873	45204	2	0.000575
44873	45018	6	0.001724
44873	44703	20	0.005745
44873	44966	13	0.003735
44873	44976	2	0.000575
44873	44852	6	0.001724
44873	44727	1	0.000287
44873	44735	49	0.014076
44873	45120	2	0.000575
44873	44874	2	0.000575
44873	44983	22	0.006320
44873	45139	2	0.000575
44873	44890	3	0.000862
44873	44764	2	0.000575
44873	44768	2	0.000575
44873	44897	7	0.002011
44873	45030	4	0.001149
44873	44647	10	0.002873
44873	44918	2	0.000575
44873	45179	2	0.000575
44873	44668	2	0.000575
44874	45139	1	0.020833
44874	45075	1	0.020833
44875	44966	1	0.005556
44875	45000	1	0.005556
44875	45102	12	0.066667
44875	45199	15	0.083333
44875	44917	180	1.000000
44875	44890	1	0.005556
44875	44827	8	0.044444
44878	45120	1	0.018182
44878	44866	5	0.090909
44878	45123	1	0.018182
44878	44900	1	0.018182
44878	44966	8	0.145455
44878	45102	2	0.036364
44878	44881	4	0.072727
44878	45139	11	0.200000
44878	45174	6	0.109091
44878	44983	1	0.018182
44878	45048	2	0.036364
44878	45018	4	0.072727
44878	44861	6	0.109091
44878	44703	1	0.018182
44880	44917	130	2.000000
44880	45199	1	0.015385
44881	45000	3	1.000000
44881	44966	3	1.000000
44882	45120	1	0.002451
44882	44897	9	0.022059
44882	44966	1	0.002451
44882	45094	1	0.002451
44882	45000	1	0.002451
44882	45129	1	0.002451
44882	44715	2	0.004902
44882	44977	2758	6.759804
44882	45139	1	0.002451
44882	44983	1	0.002451
44882	44858	1	0.002451
44882	44890	1	0.002451
44883	45184	1	0.000296
44883	44929	1	0.000296
44883	45060	1	0.000296
44883	45066	1	0.000296
44883	45070	1	0.000296
44883	45199	1	0.000296
44883	44691	1	0.000296
44883	44953	1	0.000296
44883	44754	1	0.000296
44883	44825	1	0.000296
44883	44827	1	0.000296
44883	45018	1	0.000296
44883	44703	2	0.000591
44883	44962	1	0.000296
44883	44707	1	0.000296
44883	44966	3206	0.947960
44883	44840	1	0.000296
44883	44715	1	0.000296
44883	44716	1	0.000296
44883	44976	1	0.000296
44883	44977	1	0.000296
44883	44852	93561	27.664400
44883	44727	1	0.000296
44883	44858	1	0.000296
44883	44959	1	0.000296
44883	45116	1	0.000296
44883	44990	1	0.000296
44883	44735	1	0.000296
44883	45120	1	0.000296
44883	44865	1	0.000296
44883	44866	1	0.000296
44883	45123	1	0.000296
44883	45174	1	0.000296
44883	45000	3181	0.940568
44883	45129	1	0.000296
44883	44983	1	0.000296
44883	44876	1	0.000296
44883	44881	1	0.000296
44883	45138	2	0.000591
44883	45139	1	0.000296
44883	44890	1	0.000296
44883	45149	1	0.000296
44883	44768	1	0.000296
44883	44897	1	0.000296
44883	45028	1	0.000296
44883	45030	1	0.000296
44883	44649	4	0.001183
44883	44778	1	0.000296
44883	44907	1	0.000296
44883	44908	1	0.000296
44883	44781	1	0.000296
44883	44655	1	0.000296
44883	45132	1	0.000296
44883	45041	1	0.000296
44883	44873	1	0.000296
44883	44790	1	0.000296
44883	45048	1	0.000296
44883	45054	1	0.000296
44884	45199	2	0.015873
44885	45018	2	0.012346
44885	44804	1	0.006173
44885	44806	1	0.006173
44886	45000	170	1.000000
44886	45139	19	0.111765
44886	44852	12	0.070588
44886	44966	175	1.029412
44887	45120	2	0.105263
44887	44866	4	0.210526
44887	44966	2	0.105263
44887	44743	2	0.105263
44887	45046	2	0.105263
44887	45211	2	0.105263
44890	44866	2	0.007092
44890	45030	1	0.003546
44890	44966	289	1.024823
44890	44647	1	0.003546
44890	45000	283	1.003546
44890	44649	2	0.007092
44890	45098	1	0.003546
44890	44858	1	0.003546
44890	44881	1	0.003546
44890	45139	4	0.014184
44890	44852	3	0.010638
44890	45174	1	0.003546
44890	45018	1	0.003546
44890	45066	2	0.007092
44892	45199	10	0.833333
44897	45184	6	0.000914
44897	45060	59	0.008991
44897	45199	17	0.002591
44897	44953	2	0.000305
44897	44825	9	0.001372
44897	44827	22	0.003353
44897	45018	21	0.003200
44897	44703	29	0.004419
44897	44707	2	0.000305
44897	44966	123	0.018744
44897	45096	3	0.000457
44897	45098	6385	0.973027
44897	44715	1	0.000152
44897	44829	1	0.000152
44897	44976	1	0.000152
44897	44977	1	0.000152
44897	44852	18	0.002743
44897	44983	12	0.001829
44897	44858	2	0.000305
44897	44735	1	0.000152
44897	44866	11	0.001676
44897	44873	4	0.000610
44897	44874	2	0.000305
44897	44727	2	0.000305
44897	44881	3	0.000457
44897	44754	1	0.000152
44897	45139	5	0.000762
44897	44757	1	0.000152
44897	44890	7	0.001067
44897	44773	14	0.002133
44897	44902	1	0.000152
44897	45030	1	0.000152
44897	44647	1	0.000152
44897	44649	2	0.000305
44897	44908	2	0.000305
44897	44653	7	0.001067
44897	44917	1	0.000152
44897	45174	11	0.001676
44897	45048	19	0.002895
44897	45179	2	0.000305
44897	44668	2	0.000305
44899	45120	2	0.047619
44899	44866	9	0.214286
44899	44836	1	0.023810
44899	44966	8	0.190476
44899	44681	1	0.023810
44899	45194	1	0.023810
44899	44881	8	0.190476
44899	45139	16	0.380952
44899	44852	8	0.190476
44899	45018	3	0.071429
44899	44890	1	0.023810
44899	44734	1	0.023810
44900	44866	2	0.030769
44900	44966	8	0.123077
44900	44655	1	0.015385
44900	44881	3	0.046154
44900	45139	10	0.153846
44900	45018	2	0.030769
44900	45135	1	0.015385
44900	44890	1	0.015385
44901	45120	2	0.004357
44901	44866	2	0.004357
44902	45000	19	1.000000
44902	44966	20	1.052632
44903	44917	6	0.400000
44903	45199	1	0.066667
44904	44952	1	0.037037
44904	44931	1	0.037037
44904	44710	1	0.037037
44904	45199	1	0.037037
44906	44881	3	0.083333
44906	45022	1	0.027778
44906	45174	2	0.055556
44908	44897	1	0.001151
44908	44866	8	0.009206
44908	45030	1	0.001151
44908	44647	1	0.001151
44908	44873	1	0.001151
44908	45199	1	0.001151
44908	45204	1	0.001151
44908	44789	1	0.001151
44908	44662	2	0.002301
44908	44890	1	0.001151
44908	44703	1	0.001151
44908	44917	1	0.001151
44910	44953	6	0.059406
44910	44866	1	0.009901
44910	44771	1	0.009901
44910	44917	6	0.059406
44910	45199	1	0.009901
44911	44866	50	1.000000
44911	45091	1	0.020000
44911	45094	1	0.020000
44911	44966	51	1.020000
44911	45000	50	1.000000
44911	44902	2	0.040000
44911	45132	1	0.020000
44911	45199	2	0.040000
44911	44852	3	0.060000
44911	44917	1	0.020000
44911	44796	1	0.020000
44912	44851	2	0.333333
44913	44768	1	0.012658
44913	45009	2	0.025316
44913	44827	1	0.012658
44913	45199	2	0.025316
44915	44866	4	0.018519
44915	44862	18	0.083333
44915	45174	9	0.041667
44915	44966	21	0.097222
44915	44649	2	0.009259
44915	45000	2	0.009259
44915	45129	3	0.013889
44915	44778	4	0.018519
44915	44845	1	0.004630
44915	44881	15	0.069444
44915	45139	1	0.004630
44915	44852	3	0.013889
44915	44853	201	0.930556
44915	44950	1	0.004630
44915	44727	44	0.203704
44915	45018	8	0.037037
44915	44890	3	0.013889
44915	45150	1	0.004630
44916	45184	2	0.001959
44916	44900	1041	1.019589
44916	44966	12	0.011753
44916	45000	1	0.000979
44916	44715	1	0.000979
44916	44973	3	0.002938
44916	44845	1	0.000979
44916	44852	1	0.000979
44916	45174	10	0.009794
44916	45145	2	0.001959
44916	45018	11	0.010774
44916	44764	1760	1.723800
44916	45022	9	0.008815
44916	44735	1	0.000979
44917	45059	1	0.000515
44917	45062	1	0.000515
44917	45064	1	0.000515
44917	45067	1	0.000515
44917	45068	1	0.000515
44917	45078	1	0.000515
44917	45080	1	0.000515
44917	45095	1	0.000515
44917	45102	1	0.000515
44917	45110	6	0.003088
44917	45117	66	0.033968
44917	45121	1	0.000515
44917	45122	1	0.000515
44917	45126	1	0.000515
44917	45129	3	0.001544
44917	45130	1	0.000515
44917	45132	1	0.000515
44917	45142	2	0.001029
44917	45143	1	0.000515
44917	45145	1	0.000515
44917	45148	1	0.000515
44917	45151	2	0.001029
44917	45155	1	0.000515
44917	45156	1	0.000515
44917	45158	1	0.000515
44917	45159	1	0.000515
44917	44650	1	0.000515
44917	44651	1	0.000515
44917	44652	1	0.000515
44917	44655	1	0.000515
44917	45171	1	0.000515
44917	44660	1	0.000515
44917	44663	1	0.000515
44917	45177	3	0.001544
44917	45178	3	0.001544
44917	44667	1	0.000515
44917	45183	1	0.000515
44917	44672	2	0.001029
44917	44681	1	0.000515
44917	45195	1	0.000515
44917	44684	2	0.001029
44917	45198	1	0.000515
44917	45199	28	0.014411
44917	44688	1	0.000515
44917	45203	1	0.000515
44917	45205	1	0.000515
44917	44694	1	0.000515
44917	45208	1	0.000515
44917	44697	1	0.000515
44917	45214	1	0.000515
44917	44703	2	0.001029
44917	44704	1	0.000515
44917	44706	1	0.000515
44917	44710	2	0.001029
44917	44712	1	0.000515
44917	44714	2	0.001029
44917	44716	12	0.006176
44917	44721	3	0.001544
44917	44725	6	0.003088
44917	44728	4	0.002059
44917	44729	1	0.000515
44917	44737	1	0.000515
44917	44739	3	0.001544
44917	45175	1	0.000515
44917	44748	1	0.000515
44917	44759	1	0.000515
44917	44760	2	0.001029
44917	44761	1	0.000515
44917	44763	1	0.000515
44917	44766	1	0.000515
44917	44769	1	0.000515
44917	44770	4	0.002059
44917	44771	1	0.000515
44917	44777	1	0.000515
44917	44779	1	0.000515
44917	44780	1	0.000515
44917	44782	3	0.001544
44917	44792	1	0.000515
44917	44794	1	0.000515
44917	44804	1	0.000515
44917	44814	1	0.000515
44917	44821	66	0.033968
44917	44822	1	0.000515
44917	44823	1	0.000515
44917	44827	5	0.002573
44917	44847	1	0.000515
44917	44848	1	0.000515
44917	44850	2	0.001029
44917	44852	5	0.002573
44917	44856	1	0.000515
44917	44857	1	0.000515
44917	44683	1	0.000515
44917	44869	1	0.000515
44917	44870	5	0.002573
44917	44875	3	0.001544
44917	44880	1	0.000515
44917	44881	1	0.000515
44917	44884	1	0.000515
44917	44885	1	0.000515
44917	44889	1	0.000515
44917	44892	1	0.000515
44917	44894	1	0.000515
44917	44898	1	0.000515
44917	44903	1	0.000515
44917	44919	1	0.000515
44917	44924	1	0.000515
44917	44927	1	0.000515
44917	44930	3	0.001544
44917	45206	1	0.000515
44917	44935	2	0.001029
44917	44936	4	0.002059
44917	44647	23	0.011837
44917	44942	1	0.000515
44917	44943	1	0.000515
44917	44944	1	0.000515
44917	44947	1	0.000515
44917	44953	3	0.001544
44917	44954	1	0.000515
44917	44957	1	0.000515
44917	44958	5	0.002573
44917	44966	1851	0.952651
44917	44972	1	0.000515
44917	44976	1	0.000515
44917	44978	1	0.000515
44917	44986	1	0.000515
44917	44989	1	0.000515
44917	44999	1	0.000515
44917	45000	1843	0.948533
44917	45007	2	0.001029
44917	45010	5	0.002573
44917	45011	1	0.000515
44917	45012	1	0.000515
44917	45016	1	0.000515
44917	45021	1	0.000515
44917	45037	1	0.000515
44917	45038	1	0.000515
44917	45044	1	0.000515
44917	45045	1	0.000515
44917	45046	1	0.000515
44917	45051	1	0.000515
44917	45055	5	0.002573
44918	44897	2	0.666667
44918	44840	2	0.666667
44918	44873	2	0.666667
44918	44908	2	0.666667
44918	44977	2	0.666667
44918	44754	2	0.666667
44918	44727	2	0.666667
44918	44953	2	0.666667
44918	45116	2	0.666667
44918	44703	2	0.666667
44919	44917	3	0.040000
44919	45199	3	0.040000
44919	44925	68	0.906667
44919	44789	69	0.920000
44921	45184	2	0.001695
44921	44682	2	0.001695
44921	45080	3	0.002542
44921	44890	15	0.012712
44921	44831	1	0.000847
44921	44962	3	0.002542
44921	44966	46	0.038983
44921	44716	4	0.003390
44921	44845	2	0.001695
44921	44976	12	0.010169
44921	44852	18	0.015254
44921	45022	1211	1.026271
44921	44873	4	0.003390
44921	44660	3	0.002542
44921	44703	1	0.000847
44921	44866	34	0.028814
44921	45123	1	0.000847
44921	44999	3	0.002542
44921	45000	2	0.001695
44921	45129	6	0.005085
44921	44881	27	0.022881
44921	45139	12	0.010169
44921	45018	55	0.046610
44921	44764	5	0.004237
44921	45150	6	0.005085
44921	44774	11	0.009322
44921	44647	6	0.005085
44921	44649	3	0.002542
44921	44906	10	0.008475
44921	44916	8	0.006780
44921	45174	29	0.024576
44921	45048	12	0.010169
44922	44826	2	1.000000
44923	45120	1	0.052632
44923	45000	1	0.052632
44923	45113	1	0.052632
44924	45121	91	0.978495
44924	44998	91	0.978495
44924	45199	185	1.989247
44926	44966	2134	3.398089
44926	45000	498	0.792994
44926	45129	362	0.576433
44926	44973	1	0.001592
44926	44881	2	0.003185
44926	44852	85	0.135350
44926	45174	3	0.004777
44926	44649	2	0.003185
44926	45018	1	0.001592
44927	45021	3	0.750000
44927	44966	3	0.750000
44927	45199	3	0.750000
44928	44966	144	2.880000
44928	44647	5	0.100000
44928	45000	48	0.960000
44928	45129	1	0.020000
44928	44649	3	0.060000
44928	45048	1	0.020000
44929	45056	1	0.002688
44929	45057	1	0.002688
44929	45058	1	0.002688
44929	45060	4	0.010753
44929	45063	1	0.002688
44929	45066	26	0.069892
44929	45070	1	0.002688
44929	45073	1	0.002688
44929	45074	1	0.002688
44929	45081	1	0.002688
44929	45083	1	0.002688
44929	45086	1	0.002688
44929	45087	1	0.002688
44929	45089	1	0.002688
44929	45092	1	0.002688
44929	45098	1	0.002688
44929	45101	1	0.002688
44929	45112	1	0.002688
44929	45116	3	0.008065
44929	45118	1	0.002688
44929	45120	49	0.131720
44929	45123	1	0.002688
44929	45127	2	0.005376
44929	45128	1	0.002688
44929	45129	57	0.153226
44929	45132	1	0.002688
44929	45134	1	0.002688
44929	45138	1	0.002688
44929	45139	117	0.314516
44929	45141	1	0.002688
44929	45144	1	0.002688
44929	45149	3	0.008065
44929	45150	1	0.002688
44929	44647	8	0.021505
44929	44648	1	0.002688
44929	44649	54	0.145161
44929	45162	2	0.005376
44929	45163	1	0.002688
44929	45164	1	0.002688
44929	44653	2	0.005376
44929	44654	1	0.002688
44929	44655	11	0.029570
44929	44657	1	0.002688
44929	44658	1	0.002688
44929	44659	1	0.002688
44929	45172	1	0.002688
44929	44661	1	0.002688
44929	45174	72	0.193548
44929	44664	1	0.002688
44929	44666	1	0.002688
44929	45179	6	0.016129
44929	44668	6	0.016129
44929	44670	1	0.002688
44929	45184	35	0.094086
44929	45187	1	0.002688
44929	45188	1	0.002688
44929	44680	1	0.002688
44929	45196	1	0.002688
44929	45199	23	0.061828
44929	45200	1	0.002688
44929	44690	1	0.002688
44929	44691	13	0.034946
44929	45204	1	0.002688
44929	44695	1	0.002688
44929	44696	1	0.002688
44929	44699	1	0.002688
44929	44701	1	0.002688
44929	44702	1	0.002688
44929	44703	8	0.021505
44929	44708	1	0.002688
44929	44709	1	0.002688
44929	45170	1	0.002688
44929	45169	1	0.002688
44929	44715	7	0.018817
44929	44716	55	0.147849
44929	44717	1	0.002688
44929	44718	1	0.002688
44929	44719	12	0.032258
44929	44726	1	0.002688
44929	44727	3	0.008065
44929	44735	19	0.051075
44929	44736	1	0.002688
44929	44740	1	0.002688
44929	44662	2	0.005376
44929	44743	1	0.002688
44929	44746	5	0.013441
44929	44750	1	0.002688
44929	44752	1	0.002688
44929	44754	3	0.008065
44929	44760	3	0.008065
44929	44762	1	0.002688
44929	44768	30	0.080645
44929	44773	1	0.002688
44929	44778	3	0.008065
44929	44781	1	0.002688
44929	44783	1	0.002688
44929	44787	1	0.002688
44929	44788	1	0.002688
44929	44790	1	0.002688
44929	44791	1	0.002688
44929	44795	1	0.002688
44929	44796	1	0.002688
44929	44798	1	0.002688
44929	44799	1	0.002688
44929	44800	1	0.002688
44929	44801	1	0.002688
44929	44802	1	0.002688
44929	44803	1	0.002688
44929	44805	1	0.002688
44929	44741	1	0.002688
44929	44811	1	0.002688
44929	44817	1	0.002688
44929	44825	26	0.069892
44929	44826	1	0.002688
44929	44827	24	0.064516
44929	44830	2	0.005376
44929	44831	1	0.002688
44929	44832	1	0.002688
44929	44836	19	0.051075
44929	44837	1	0.002688
44929	44840	2	0.005376
44929	44841	1	0.002688
44929	44842	1	0.002688
44929	44844	1	0.002688
44929	44845	25	0.067204
44929	44849	1	0.002688
44929	44852	81	0.217742
44929	44858	17	0.045699
44929	44861	1	0.002688
44929	44863	1	0.002688
44929	44864	1	0.002688
44929	44865	10	0.026882
44929	44866	65	0.174731
44929	44871	1	0.002688
44929	44872	1	0.002688
44929	44873	9	0.024194
44929	44874	5	0.013441
44929	44876	9	0.024194
44929	44881	34	0.091398
44929	44883	6	0.016129
44929	44888	1	0.002688
44929	44890	34	0.091398
44929	44897	4	0.010753
44929	44901	1	0.002688
44929	44902	3	0.008065
44929	44906	1	0.002688
44929	44907	1	0.002688
44929	44908	3	0.008065
44929	45202	1	0.002688
44929	44912	1	0.002688
44929	44915	1	0.002688
44929	44916	1	0.002688
44929	44917	7	0.018817
44929	44918	1	0.002688
44929	44923	1	0.002688
44929	44925	1	0.002688
44929	44926	58	0.155914
44929	44928	1	0.002688
44929	44931	1	0.002688
44929	44937	1	0.002688
44929	44945	1	0.002688
44929	44946	1	0.002688
44929	44948	1	0.002688
44929	44949	1	0.002688
44929	44953	2	0.005376
44929	44959	20	0.053763
44929	44960	1	0.002688
44929	44962	2	0.005376
44929	44963	1	0.002688
44929	44964	1	0.002688
44929	44966	822	2.209677
44929	44969	1	0.002688
44929	44970	1	0.002688
44929	44971	1	0.002688
44929	44973	1	0.002688
44929	44975	1	0.002688
44929	44976	14	0.037634
44929	44977	3	0.008065
44929	44979	1	0.002688
44929	44983	16	0.043011
44929	44985	1	0.002688
44929	44990	1	0.002688
44929	44994	1	0.002688
44929	44995	1	0.002688
44929	44996	1	0.002688
44929	44997	1	0.002688
44929	44998	1	0.002688
44929	45000	295	0.793011
44929	45003	1	0.002688
44929	45004	1	0.002688
44929	45005	1	0.002688
44929	45006	1	0.002688
44929	45008	1	0.002688
44929	45013	1	0.002688
44929	45015	4	0.010753
44929	45017	1	0.002688
44929	45018	68	0.182796
44929	45022	1	0.002688
44929	45025	1	0.002688
44929	45027	1	0.002688
44929	45028	11	0.029570
44929	45029	1	0.002688
44929	45030	11	0.029570
44929	45031	1	0.002688
44929	45032	1	0.002688
44929	45034	1	0.002688
44929	44711	1	0.002688
44929	45036	1	0.002688
44929	45040	1	0.002688
44929	45041	5	0.013441
44929	45043	1	0.002688
44929	45048	7	0.018817
44929	45053	2	0.005376
44929	45054	11	0.029570
44930	45113	8	1.000000
44931	45184	4	0.003929
44931	45018	1	0.000982
44931	44691	1	0.000982
44931	44852	2	0.001965
44931	44735	4	0.003929
44932	44917	1	1.000000
44933	44897	2	0.021505
44935	45120	1	0.006494
44935	44735	2	0.012987
44935	44703	1	0.006494
44935	45199	3	0.019481
44936	44917	1	0.010417
44936	45206	97	1.010417
44936	45199	1	0.010417
44937	44966	2	0.013889
44937	45000	3	0.020833
44937	45129	1	0.006944
44937	44845	1	0.006944
44937	44973	1	0.006944
44937	44936	1	0.006944
44937	45206	1	0.006944
44939	45120	2	0.021978
44939	44866	1	0.010989
44939	45190	91	1.000000
44939	44966	1	0.010989
44939	45000	1	0.010989
44939	45129	1	0.010989
44939	45130	1	0.010989
44939	45179	2	0.021978
44939	45087	1	0.010989
44942	44966	1	0.003448
44942	45000	1	0.003448
44942	45199	1	0.003448
44942	44917	1	0.003448
44942	44890	1	0.003448
44942	44827	283	0.975862
44943	44866	46	1.000000
44943	45199	1	0.021739
44943	44917	47	1.021739
44943	44735	1	0.021739
44944	44768	16	0.516129
44944	44803	1	0.032258
44944	44917	1	0.032258
44944	45199	1	0.032258
44945	45000	20	1.000000
44945	44852	1	0.050000
44945	44966	21	1.050000
44947	44963	128	0.085333
44947	44966	1	0.000667
44947	45000	1	0.000667
44947	45199	1379	0.919333
44947	44917	1	0.000667
44947	45208	1499	0.999333
44947	44827	1401	0.934000
44949	45184	3	0.037500
44949	44866	8	0.100000
44949	45091	1	0.012500
44949	45094	17	0.212500
44949	44966	14	0.175000
44949	44881	5	0.062500
44949	44649	2	0.025000
44949	44746	1	0.012500
44949	44779	29	0.362500
44949	44977	4	0.050000
44949	45066	1	0.012500
44949	45123	1	0.012500
44949	44852	3	0.037500
44949	45174	1	0.012500
44949	45139	1	0.012500
44949	44890	2	0.025000
44949	44827	1	0.012500
44949	45018	3	0.037500
44949	44927	5	0.062500
44950	44931	4	0.003666
44950	45189	3	0.002750
44950	45192	3	0.002750
44950	45199	6	0.005500
44950	44695	3	0.002750
44950	44959	1	0.000917
44950	44966	294	0.269478
44950	44845	3	0.002750
44950	44915	28	0.025665
44950	44852	39	0.035747
44950	44703	10	0.009166
44950	45120	1	0.000917
44950	44866	7	0.006416
44950	44746	1	0.000917
44950	44880	3	0.002750
44950	44881	3	0.002750
44950	45139	6	0.005500
44950	45018	2	0.001833
44950	45149	2	0.001833
44950	45136	3	0.002750
44950	45156	3	0.002750
44950	45030	3	0.002750
44950	44649	1	0.000917
44950	44655	12	0.010999
44950	44659	3	0.002750
44950	45045	3	0.002750
44950	45048	1	0.000917
44951	45184	1	0.028571
44951	44866	2	0.057143
44951	44964	1	0.028571
44951	44901	1	0.028571
44951	44966	1	0.028571
44951	45174	15	0.428571
44951	44671	1	0.028571
44952	44890	1	0.038462
44953	45060	24	0.038523
44953	45191	1	0.001605
44953	45199	14	0.022472
44953	44825	1	0.001605
44953	44890	25	0.040128
44953	44703	3	0.004815
44953	44832	1	0.001605
44953	44966	16	0.025682
44953	44719	1	0.001605
44953	44852	1	0.001605
44953	44983	8	0.012841
44953	45116	5	0.008026
44953	45120	1	0.001605
44953	44866	3	0.004815
44953	45000	6	0.009631
44953	45139	1	0.001605
44953	45018	11	0.017657
44953	45022	1	0.001605
44953	44768	1	0.001605
44953	44897	1	0.001605
44953	44829	1	0.001605
44953	45172	1	0.001605
44953	44917	1	0.001605
44953	45174	1	0.001605
44955	45000	10	1.000000
44955	44966	23	2.300000
44957	45018	2	0.083333
44957	44852	1	0.041667
44957	44917	3	0.125000
44957	45199	11	0.458333
44958	44768	2	0.005249
44958	44866	1	0.002625
44958	44966	7	0.018373
44958	45000	7	0.018373
44958	44873	5	0.013123
44958	45034	1	0.002625
44958	45199	155	0.406824
44958	44917	401	1.052493
44958	44730	4	0.010499
44958	44735	80	0.209974
44959	45120	3	0.026316
44959	44966	231	2.026316
44959	45000	114	1.000000
44959	44653	1	0.008772
44959	45199	1	0.008772
44959	44881	1	0.008772
44959	44852	5	0.043860
44959	45018	1	0.008772
44960	45000	3	0.003736
44962	45000	23	1.000000
44962	44852	2	0.086957
44962	44966	29	1.260870
44962	44719	2	0.086957
44966	45056	3	0.000830
44966	45057	3	0.000830
44966	45058	3	0.000830
44966	45060	9	0.002489
44966	45063	3	0.000830
44966	45065	1	0.000277
44966	45066	63	0.017423
44966	45070	3	0.000830
44966	44717	3	0.000830
44966	45073	4	0.001106
44966	45074	3	0.000830
44966	45081	3	0.000830
44966	45083	3	0.000830
44966	45086	3	0.000830
44966	45087	3	0.000830
44966	45089	3	0.000830
44966	45091	1	0.000277
44966	45092	2	0.000553
44966	45094	1	0.000277
44966	45098	4	0.001106
44966	45101	3	0.000830
44966	45173	1	0.000277
44966	45112	3	0.000830
44966	45116	7	0.001936
44966	45118	3	0.000830
44966	45120	558	0.154314
44966	45123	5	0.001383
44966	45127	37	0.010232
44966	45128	3	0.000830
44966	45129	663	0.183352
44966	45132	5	0.001383
44966	45134	3	0.000830
44966	45138	2	0.000553
44966	45139	249	0.068861
44966	45140	1	0.000277
44966	45141	4	0.001106
44966	45144	3	0.000830
44966	45149	6	0.001659
44966	45150	2	0.000553
44966	44647	70	0.019358
44966	44648	3	0.000830
44966	44649	1093	0.302268
44966	45162	10	0.002765
44966	45163	3	0.000830
44966	45164	2	0.000553
44966	44653	18	0.004978
44966	44654	3	0.000830
44966	44655	25	0.006914
44966	45169	3	0.000830
44966	45170	3	0.000830
44966	44659	3	0.000830
44966	45172	4	0.001106
44966	44661	3	0.000830
44966	45174	212	0.058628
44966	44664	3	0.000830
44966	44666	3	0.000830
44966	45179	7	0.001936
44966	44668	7	0.001936
44966	44670	3	0.000830
44966	45184	287	0.079369
44966	45187	3	0.000830
44966	45188	3	0.000830
44966	44680	3	0.000830
44966	45196	3	0.000830
44966	45199	122	0.033739
44966	45200	3	0.000830
44966	45202	2	0.000553
44966	44691	487	0.134679
44966	45204	64	0.017699
44966	44695	3	0.000830
44966	44696	3	0.000830
44966	44699	3	0.000830
44966	44701	3	0.000830
44966	44702	3	0.000830
44966	44703	21	0.005808
44966	44708	3	0.000830
44966	44709	3	0.000830
44966	44657	3	0.000830
44966	44715	17	0.004701
44966	44716	538	0.148783
44966	44658	3	0.000830
44966	44718	3	0.000830
44966	44719	37	0.010232
44966	44722	2	0.000553
44966	44726	5	0.001383
44966	44727	10	0.002765
44966	44735	60	0.016593
44966	44736	2	0.000553
44966	44740	3	0.000830
44966	44741	4	0.001106
44966	44743	3	0.000830
44966	44746	12	0.003319
44966	44750	3	0.000830
44966	44752	3	0.000830
44966	44754	7	0.001936
44966	44760	6	0.001659
44966	44762	3	0.000830
44966	44768	248	0.068584
44966	44773	2	0.000553
44966	44778	6	0.001659
44966	44781	2	0.000553
44966	44783	3	0.000830
44966	44787	3	0.000830
44966	44788	3	0.000830
44966	44790	3	0.000830
44966	44791	2	0.000553
44966	44795	3	0.000830
44966	44796	3	0.000830
44966	44798	3	0.000830
44966	44799	5	0.001383
44966	44800	3	0.000830
44966	44801	3	0.000830
44966	44802	3	0.000830
44966	44803	3	0.000830
44966	44805	3	0.000830
44966	44811	3	0.000830
44966	44817	3	0.000830
44966	44825	164	0.045354
44966	44826	3	0.000830
44966	44827	58	0.016040
44966	44830	10	0.002765
44966	44831	2	0.000553
44966	44832	3	0.000830
44966	44836	70	0.019358
44966	44837	3	0.000830
44966	44840	5	0.001383
44966	44841	3	0.000830
44966	44842	3	0.000830
44966	44844	3	0.000830
44966	44845	120	0.033186
44966	44849	3	0.000830
44966	44852	2062	0.570243
44966	44858	43	0.011892
44966	44861	3	0.000830
44966	44863	3	0.000830
44966	44864	3	0.000830
44966	44865	26	0.007190
44966	44866	1057	0.292312
44966	44871	3	0.000830
44966	44872	3	0.000830
44966	44873	19	0.005254
44966	44874	7	0.001936
44966	44876	303	0.083794
44966	44662	6	0.001659
44966	44881	104	0.028761
44966	44883	18	0.004978
44966	44888	3	0.000830
44966	44890	80	0.022124
44966	44897	10	0.002765
44966	44901	3	0.000830
44966	44902	9	0.002489
44966	44906	3	0.000830
44966	44907	2	0.000553
44966	44908	7	0.001936
44966	44690	3	0.000830
44966	44912	3	0.000830
44966	44915	5	0.001383
44966	44916	3	0.000830
44966	44917	17	0.004701
44966	44918	2	0.000553
44966	44923	3	0.000830
44966	44925	3	0.000830
44966	44926	249	0.068861
44966	44928	2	0.000553
44966	44929	14	0.003872
44966	44931	3	0.000830
44966	44937	3	0.000830
44966	44945	5	0.001383
44966	44946	3	0.000830
44966	44948	3	0.000830
44966	44949	3	0.000830
44966	44953	5	0.001383
44966	44959	90	0.024889
44966	44960	3	0.000830
44966	44962	4	0.001106
44966	44963	3	0.000830
44966	44964	3	0.000830
44966	44969	3	0.000830
44966	44970	3	0.000830
44966	44971	3	0.000830
44966	44973	381	0.105365
44966	44975	3	0.000830
44966	44976	40	0.011062
44966	44977	9	0.002489
44966	44979	3	0.000830
44966	44983	79	0.021847
44966	44984	1	0.000277
44966	44985	3	0.000830
44966	44990	3	0.000830
44966	44994	3	0.000830
44966	44995	3	0.000830
44966	44996	3	0.000830
44966	44997	3	0.000830
44966	44998	3	0.000830
44966	45000	3179	0.879148
44966	45003	3	0.000830
44966	45004	8	0.002212
44966	45005	3	0.000830
44966	45006	3	0.000830
44966	45008	3	0.000830
44966	45013	3	0.000830
44966	45015	8	0.002212
44966	45017	3	0.000830
44966	45018	167	0.046184
44966	45022	8	0.002212
44966	45025	3	0.000830
44966	45027	3	0.000830
44966	45028	98	0.027102
44966	45029	3	0.000830
44966	45030	135	0.037334
44966	45031	3	0.000830
44966	45032	3	0.000830
44966	45034	3	0.000830
44966	44711	3	0.000830
44966	45036	3	0.000830
44966	45040	4	0.001106
44966	45041	13	0.003595
44966	45043	3	0.000830
44966	45048	17	0.004701
44966	45053	5	0.001383
44966	45054	122	0.033739
44969	45000	2	0.002766
44969	45129	2	0.002766
44969	44866	2	0.002766
44969	44966	4	0.005533
44969	45111	2	0.002766
44970	45058	1	0.090909
44970	44805	1	0.090909
44970	44966	1	0.090909
44970	44904	2	0.181818
44970	45000	1	0.090909
44970	45052	1	0.090909
44971	44866	2	0.166667
44973	45184	2	0.009852
44973	45066	1	0.004926
44973	45199	3	0.014778
44973	45204	204	1.004926
44973	44825	411	2.024631
44973	45018	1	0.004926
44973	44830	1	0.004926
44973	44703	2	0.009852
44973	44966	215	1.059113
44973	44845	202	0.995074
44973	44977	3	0.014778
44973	44852	2	0.009852
44973	44727	2	0.009852
44973	44858	2	0.009852
44973	45116	1	0.004926
44973	44735	22	0.108374
44973	44866	2	0.009852
44973	45000	419	2.064039
44973	44881	1	0.004926
44973	45141	1	0.004926
44973	44890	6	0.029557
44973	44897	3	0.014778
44973	45028	2	0.009852
44973	44649	4	0.019704
44973	45174	11	0.054187
44974	44917	3	0.028302
44974	45199	2	0.018868
44975	44984	4	0.023256
44975	44966	2	0.011628
44975	45055	4	0.023256
44976	45120	2	0.011765
44976	44897	2	0.011765
44976	44866	6	0.035294
44976	44966	184	1.082353
44976	45000	170	1.000000
44976	44873	5	0.029412
44976	45098	1	0.005882
44976	44716	9	0.052941
44976	44719	2	0.011765
44976	44852	4	0.023529
44976	45018	2	0.011765
44976	44768	4	0.023529
44976	45022	1	0.005882
44977	45120	1	0.002070
44977	44897	9	0.018634
44977	45060	1	0.002070
44977	45094	1	0.002070
44977	44966	2	0.004141
44977	44801	1	0.002070
44977	45000	2	0.004141
44977	45129	1	0.002070
44977	44715	2	0.004141
44977	45139	5	0.010352
44977	44983	1	0.002070
44977	44664	1	0.002070
44977	45111	1	0.002070
44977	44858	1	0.002070
44977	44890	5	0.010352
44977	44768	1	0.002070
44978	44872	2	0.047619
44978	44917	2	0.047619
44978	45199	2	0.047619
44979	45160	6	0.023166
44979	44848	2	0.007722
44979	44890	2	0.007722
44980	45123	1	0.030303
44980	44966	1	0.030303
44980	44984	1	0.030303
44980	45018	27	0.818182
44980	44764	1	0.030303
44980	44890	1	0.030303
44983	44865	9	0.069767
44983	44966	130	1.007752
44983	45000	128	0.992248
44983	44719	1	0.007752
44983	44852	16	0.124031
44983	45018	3	0.023256
44984	45120	3	0.017241
44984	44866	2	0.011494
44984	44653	1	0.005747
44984	44647	1	0.005747
44984	45000	1	0.005747
44984	45033	2	0.011494
44984	44842	1	0.005747
44984	44711	1	0.005747
44984	45197	2	0.011494
44984	44975	1	0.005747
44984	45105	2	0.011494
44984	44852	1	0.005747
44984	45048	1	0.005747
44984	45174	1	0.005747
44984	44952	2	0.011494
44984	45018	1	0.005747
44984	45148	2	0.011494
44984	45055	2	0.011494
44987	45120	1	0.010309
44987	44852	1	0.010309
44987	45054	1	0.010309
44987	45174	4	0.041237
44987	44966	3	0.030928
44988	45120	2	0.133333
44988	44932	1	0.066667
44988	44903	1	0.066667
44989	45145	1	0.037037
44989	45199	2	0.074074
44990	45000	35	1.000000
44990	44852	101	2.885714
44990	44966	35	1.000000
44994	45000	9	1.000000
44994	44966	9	1.000000
44995	45188	1	0.058824
44996	44881	2	0.037736
44996	44866	9	0.169811
44996	44966	9	0.169811
44997	45208	3	0.009231
44997	44687	1	0.003077
44997	45199	2	0.006154
44998	44924	1	0.020408
45000	45184	374	0.174440
45000	44928	4	0.001866
45000	44802	13	0.006063
45000	44803	38	0.017724
45000	44929	4	0.001866
45000	44937	4	0.001866
45000	45066	2	0.000933
45000	44939	2	0.000933
45000	45070	1	0.000466
45000	44973	1	0.000466
45000	44931	4	0.001866
45000	44825	2146	1.000933
45000	45083	1	0.000466
45000	45086	1	0.000466
45000	44703	2	0.000933
45000	44960	2	0.000933
45000	44966	43	0.020056
45000	44840	1	0.000466
45000	44842	8	0.003731
45000	44845	5	0.002332
45000	44977	1	0.000466
45000	44722	2	0.000933
45000	45112	1	0.000466
45000	44858	2	0.000933
45000	45116	1	0.000466
45000	44861	1	0.000466
45000	45120	46	0.021455
45000	44866	26	0.012127
45000	44872	2	0.000933
45000	45129	252	0.117537
45000	44874	3	0.001399
45000	45101	1	0.000466
45000	44754	9	0.004198
45000	45013	2	0.000933
45000	44890	2	0.000933
45000	44764	7	0.003265
45000	44897	15	0.006996
45000	44649	12	0.005597
45000	44778	10	0.004664
45000	44915	1	0.000466
45000	45174	2	0.000933
45000	45179	5	0.002332
45000	44668	3	0.001399
45000	45098	15	0.006996
45000	45141	1	0.000466
45002	45018	9	0.097826
45002	45123	3	0.032609
45002	44852	1	0.010870
45004	45000	17	1.000000
45004	44852	1	0.058824
45004	44966	17	1.000000
45005	44826	15	0.038560
45005	44966	4	0.010283
45006	45000	1	0.019231
45006	44890	1	0.019231
45006	45147	1	0.019231
45006	44966	1	0.019231
45007	44683	3	0.300000
45007	45199	3	0.300000
45007	44853	1	0.100000
45007	44663	3	0.300000
45007	44666	3	0.300000
45007	44917	3	0.300000
45008	45120	4	0.005764
45008	45184	16	0.023055
45008	44866	4	0.005764
45008	44966	425	0.612392
45008	45000	4	0.005764
45008	44649	4	0.005764
45008	44682	12	0.017291
45008	44876	2	0.002882
45008	45139	3	0.004323
45008	45129	6	0.008646
45008	45143	16	0.023055
45008	44825	2	0.002882
45008	44890	4	0.005764
45008	44735	2	0.002882
45010	45000	1	0.019231
45010	44917	1	0.019231
45010	44966	1	0.019231
45011	45199	2	0.076923
45012	44890	1	0.004032
45012	44735	1	0.004032
45012	45199	7	0.028226
45013	45129	2	0.142857
45014	44768	3	0.028302
45014	45060	2	0.018868
45014	44730	4	0.037736
45014	45116	2	0.018868
45014	45199	2	0.018868
45015	44691	2	0.003968
45016	45080	1	0.111111
45018	45184	2	0.001220
45018	44929	2	0.001220
45018	45186	2	0.001220
45018	45060	1	0.000610
45018	45061	1	0.000610
45018	44940	1	0.000610
45018	44686	2	0.001220
45018	45199	21	0.012805
45018	45094	1	0.000610
45018	44953	1	0.000610
45018	44916	2	0.001220
45018	45211	2	0.001220
45018	44830	8	0.004878
45018	44831	7	0.004268
45018	45040	2	0.001220
45018	44707	1	0.000610
45018	44838	2	0.001220
45018	44827	1	0.000610
45018	45098	12	0.007317
45018	44976	92	0.056098
45018	45107	14	0.008537
45018	44852	289	0.176220
45018	45150	5	0.003049
45018	44873	2	0.001220
45018	44980	10	0.006098
45018	44703	5	0.003049
45018	44874	1	0.000610
45018	44735	2	0.001220
45018	45120	4	0.002439
45018	44768	3	0.001829
45018	44866	100	0.060976
45018	45123	2	0.001220
45018	45000	1257	0.766463
45018	45196	5	0.003049
45018	45002	6	0.003659
45018	45087	2	0.001220
45018	45165	6	0.003659
45018	44881	5	0.003049
45018	45138	1	0.000610
45018	45139	43	0.026220
45018	44764	5	0.003049
45018	45022	8	0.004878
45018	44799	4	0.002439
45018	45152	2	0.001220
45018	44897	6	0.003659
45018	44966	1349	0.822561
45018	44647	5	0.003049
45018	44649	1	0.000610
45018	45162	3	0.001829
45018	44653	4	0.002439
45018	44784	2	0.001220
45018	44915	2	0.001220
45018	45172	4	0.002439
45018	44789	2	0.001220
45018	45174	1	0.000610
45018	44791	2	0.001220
45018	44983	19	0.011585
45018	45179	1	0.000610
45018	44668	1	0.000610
45018	44906	2	0.001220
45018	44671	2	0.001220
45021	45199	7	0.700000
45022	45184	2	0.001730
45022	44682	2	0.001730
45022	45080	3	0.002595
45022	44890	16	0.013841
45022	44831	1	0.000865
45022	44962	3	0.002595
45022	44966	46	0.039792
45022	44716	4	0.003460
45022	44845	2	0.001730
45022	44976	9	0.007785
45022	44852	18	0.015571
45022	45129	6	0.005190
45022	44660	3	0.002595
45022	44703	1	0.000865
45022	44866	35	0.030277
45022	45123	1	0.000865
45022	44999	3	0.002595
45022	45000	2	0.001730
45022	44873	4	0.003460
45022	44881	28	0.024221
45022	45139	12	0.010381
45022	45018	59	0.051038
45022	44764	5	0.004325
45022	45150	6	0.005190
45022	44774	9	0.007785
45022	44647	6	0.005190
45022	44906	10	0.008651
45022	44916	8	0.006920
45022	45174	29	0.025087
45022	45048	13	0.011246
45024	45120	14	0.024221
45024	45184	6	0.010381
45024	44866	27	0.046713
45024	45174	4	0.006920
45024	44966	31	0.053633
45024	45000	6	0.010381
45024	45129	4	0.006920
45024	45101	29	0.050173
45024	44881	2	0.003460
45024	45010	2	0.003460
45024	45139	18	0.031142
45024	44852	2	0.003460
45024	45142	4	0.006920
45024	45048	4	0.006920
45024	45018	4	0.006920
45024	45054	2	0.003460
45025	44897	3	0.008646
45025	44866	2	0.005764
45025	44966	267	0.769452
45025	44967	272	0.783862
45025	45065	267	0.769452
45025	44908	3	0.008646
45025	44730	3	0.008646
45026	44917	3	1.000000
45027	45184	1	0.010870
45027	44897	1	0.010870
45027	45122	1	0.010870
45027	44908	1	0.010870
45027	45174	1	0.010870
45027	44953	1	0.010870
45027	44703	1	0.010870
45028	44966	105	2.692308
45028	45000	28	0.717949
45028	44649	25	0.641026
45028	44876	1	0.025641
45028	44653	10	0.256410
45028	45070	1	0.025641
45028	44881	2	0.051282
45028	44852	5	0.128205
45028	44830	9	0.230769
45028	44735	8	0.205128
45029	45000	38	0.065180
45029	45120	38	0.065180
45029	44866	2	0.003431
45029	44881	1	0.001715
45030	45184	1	0.000807
45030	45199	2	0.001614
45030	44825	1	0.000807
45030	44890	12	0.009685
45030	44703	2	0.001614
45030	44966	2479	2.000807
45030	44715	22	0.017756
45030	44845	2	0.001614
45030	44852	886	0.715093
45030	45120	2	0.001614
45030	44866	16	0.012914
45030	45000	1239	1.000000
45030	45129	1	0.000807
45030	44876	1	0.000807
45030	44881	1	0.000807
45030	45139	9	0.007264
45030	45018	3	0.002421
45030	45022	1	0.000807
45030	44768	3	0.002421
45030	44774	2	0.001614
45030	45162	2	0.001614
45030	45172	1	0.000807
45030	45174	1	0.000807
45032	45184	1	0.007812
45032	44881	1	0.007812
45032	44764	1	0.007812
45033	44917	2	0.034483
45034	44958	2	0.037037
45037	44768	1	0.011628
45037	44760	1	0.011628
45037	44890	1	0.011628
45037	44735	2	0.023256
45037	45199	10	0.116279
45038	44917	1	0.005051
45040	44966	1	0.006667
45040	44847	1	0.006667
45041	45000	86	1.000000
45041	44881	3	0.034884
45041	44852	20	0.232558
45041	44966	133	1.546512
45041	44735	3	0.034884
45042	45120	6	0.026316
45042	45184	6	0.026316
45042	44866	2	0.008772
45042	45060	2	0.008772
45042	44966	9	0.039474
45042	45129	2	0.008772
45042	45199	2	0.008772
45042	44917	2	0.008772
45042	45018	2	0.008772
45042	44795	2	0.008772
45042	45116	2	0.008772
45042	45150	3	0.013158
45042	44703	2274	9.973684
45043	44794	1	0.125000
45044	45029	1	0.005181
45044	44966	11	0.056995
45044	44808	195	1.010363
45044	45199	2	0.010363
45044	44881	2	0.010363
45044	44658	1	0.005181
45044	45107	1	0.005181
45044	44917	2	0.010363
45044	45174	6	0.031088
45044	45018	2	0.010363
45046	45199	4	0.054054
45048	45066	7	0.000438
45048	44873	2	0.000125
45048	45199	3	0.000188
45048	44691	6	0.000375
45048	45018	3	0.000188
45048	44703	1	0.000063
45048	44962	4	0.000250
45048	44966	9478	0.592375
45048	45095	1	0.000063
45048	45098	2	0.000125
45048	44717	1	0.000063
45048	44852	227	0.014188
45048	45110	2	0.000125
45048	44727	1	0.000063
45048	44916	1	0.000063
45048	44858	8	0.000500
45048	44990	3	0.000188
45048	45120	4	0.000250
45048	44866	3	0.000188
45048	45129	14	0.000875
45048	45111	1	0.000063
45048	44881	459	0.028688
45048	45139	28	0.001750
45048	44890	3	0.000188
45048	45022	1	0.000063
45048	44897	1	0.000063
45048	44649	58	0.003625
45048	44653	1	0.000063
45048	44655	10	0.000625
45048	45172	1	0.000063
45048	45174	9	0.000562
45048	44668	1	0.000063
45048	45054	3	0.000188
45049	45120	2	0.018182
45049	44866	7	0.063636
45049	45123	1	0.009091
45049	44966	9	0.081818
45049	45030	1	0.009091
45049	45199	1	0.009091
45049	45139	10	0.090909
45049	45172	1	0.009091
45049	44789	25	0.227273
45049	44852	1	0.009091
45049	45018	10	0.090909
45053	44897	1	0.034483
45053	44836	2	0.068966
45053	44966	35	1.206897
45053	44647	1	0.034483
45053	45000	29	1.000000
45053	45095	1	0.034483
45053	44716	201	6.931034
45053	44976	5	0.172414
45053	44852	10	0.344828
45053	44917	4	0.137931
45053	45060	1	0.034483
45053	44730	1	0.034483
45053	44669	1	0.034483
45053	44703	1	0.034483
45054	45140	1	0.007194
45054	44865	2	0.014388
45054	45204	1	0.007194
45054	45123	2	0.014388
45054	45028	3	0.021583
45054	44966	142	1.021583
45054	45000	139	1.000000
45054	44845	2	0.014388
45054	45139	1	0.007194
45054	44691	3	0.021583
45054	44825	2	0.014388
45054	44959	3	0.021583
