Src	Trg	LinkCount	RelLinkCount
55811	56225	90	0.517241
55811	56092	180	1.034483
55811	55791	90	0.517241
55811	55859	90	0.517241
55811	55733	4	0.022989
55811	55831	1338	7.689655
55811	55866	90	0.517241
55811	55932	90	0.517241
55812	55929	16	0.296296
55813	56259	2	1.000000
55814	56092	3	0.083333
55816	55748	1	0.200000
55816	56012	1	0.200000
55816	56142	1	0.200000
55816	56047	1	0.200000
55816	56176	1	0.200000
55816	55733	1	0.200000
55816	56124	2	0.400000
55817	55798	1	0.041667
55821	56004	2	0.051282
55821	56012	1	0.025641
55821	55805	3	0.076923
55821	56047	3	0.076923
55822	56259	1	0.003953
55822	55766	10	0.039526
55822	56038	10	0.039526
55822	55783	3	0.011858
55822	56044	2	0.007905
55822	55878	3	0.011858
55822	56274	5	0.019763
55822	55733	17	0.067194
55822	55798	7	0.027668
55822	56023	69	0.272727
55822	55930	2	0.007905
55822	56155	12277	48.525692
55822	56124	72	0.284585
55822	55807	2	0.007905
55825	56092	9	0.078261
55825	56157	1	0.008696
55825	55805	1	0.008696
55826	56225	159	0.501577
55826	55811	159	0.501577
55826	56092	481	1.517350
55826	55791	159	0.501577
55826	55859	159	0.501577
55826	55733	4	0.012618
55826	55831	2145	6.766562
55826	55866	159	0.501577
55826	56015	1	0.003155
55826	55932	159	0.501577
55829	55991	1	0.004975
55830	56012	1	0.009901
55830	55868	94	0.930693
55831	56225	711	0.721095
55831	55811	711	0.721095
55831	56092	1422	1.442191
55831	55791	711	0.721095
55831	55859	711	0.721095
55831	55733	4	0.004057
55831	55866	711	0.721095
55831	55932	711	0.721095
56261	56079	1	0.038462
55839	55995	1	0.008197
55839	56229	2	0.016393
55839	55798	3	0.024590
55840	56077	1	0.076923
55840	56047	4	0.307692
55840	56080	1	0.076923
55840	55923	1	0.076923
55840	55798	1	0.076923
55840	55805	1	0.076923
55840	55775	1	0.076923
56240	56259	1	0.004444
56240	56042	2	0.008889
56240	56206	1	0.004444
56240	55733	15	0.066667
56240	55978	3	0.013333
56240	56107	651	2.893333
56240	55724	2	0.008889
56240	55982	12	0.053333
56240	56079	676	3.004444
56240	55761	2	0.008889
56240	55907	2	0.008889
56240	55892	2	0.008889
56240	55989	1	0.004444
56240	56027	5	0.022222
56240	55769	1	0.004444
56240	56059	2	0.008889
56240	55805	1	0.004444
56240	56062	8	0.035556
56240	55775	3	0.013333
55842	56129	2	0.031746
55842	56012	3	0.047619
55842	55805	2	0.031746
55842	55798	1	0.015873
55842	56047	3	0.047619
55843	55751	19	0.091787
55843	56092	5	0.024155
55843	56012	1	0.004831
55843	55853	2060	9.951691
55843	55855	5193	25.086957
55843	55798	4	0.019324
55843	56249	61	0.294686
55843	55805	1	0.004831
55843	56124	35	0.169082
55843	55965	578	2.792271
55844	55805	5	0.017301
55846	56079	1	0.009091
55846	55973	59	0.536364
55846	56205	59	0.536364
56192	55798	1	0.142857
55849	55715	93	1.388060
55849	56012	8	0.119403
55849	56047	3	0.044776
55849	56148	1	0.014925
55849	55733	6	0.089552
55849	55958	2	0.029851
55849	55863	1	0.014925
55849	56152	3	0.044776
55849	56079	201	3.000000
55849	56125	21	0.313433
55851	56081	67	3.350000
55851	56251	4	0.200000
55851	56124	1	0.050000
55853	55843	46	1.022222
55855	55843	85	1.000000
55855	56092	3	0.035294
55855	55805	1	0.011765
55855	55798	1	0.011765
55859	56225	124	0.607843
55859	55811	124	0.607843
55859	56092	248	1.215686
55859	55791	124	0.607843
55859	55733	4	0.019608
55859	55831	1814	8.892157
55859	55866	124	0.607843
55859	55932	124	0.607843
56280	56079	9	3.000000
55861	55825	5	1.250000
55863	56160	4	0.222222
55863	55958	11	0.611111
55864	55713	2	0.013245
55864	56012	1	0.006623
55864	55958	2	0.013245
55864	55798	6	0.039735
55864	55894	5	0.033113
55864	56270	1	0.006623
55864	56079	321	2.125828
55864	55956	151	1.000000
55864	55733	19	0.125828
55864	56246	1	0.006623
55864	55895	2	0.013245
55864	56024	3	0.019868
55864	55892	2	0.013245
55864	55995	4	0.026490
55866	56225	126	0.617647
55866	55811	126	0.617647
55866	56092	252	1.235294
55866	55791	126	0.617647
55866	55859	126	0.617647
55866	55733	4	0.019608
55866	55831	1844	9.039216
55866	55932	126	0.617647
55867	55825	7	0.700000
55867	56124	1	0.100000
55867	55798	1	0.100000
56234	55907	2	0.034483
56234	56038	2	0.034483
56234	56040	2	0.034483
56234	56079	174	3.000000
56234	55923	1	0.017241
56234	55798	1	0.017241
56234	56023	4	0.068966
56234	56248	2	0.034483
56234	55995	8	0.137931
56234	56124	3	0.051724
56234	56062	2	0.034483
55878	56038	3	0.096774
55878	56039	3	0.096774
55878	56174	2	0.064516
55878	56023	2	0.064516
55878	55769	2	0.064516
55878	56155	63	2.032258
55879	55907	1	0.023810
55879	55908	1	0.023810
55879	55798	2	0.047619
55879	55880	1	0.023810
55879	55733	1	0.023810
55879	55722	1	0.023810
55879	56012	4	0.095238
55879	56078	1	0.023810
55879	55919	1	0.023810
55879	55921	1	0.023810
55879	55731	1	0.023810
55879	56238	1	0.023810
55879	55990	1	0.023810
55879	55992	11	0.261905
55879	55805	4	0.095238
55879	56010	1	0.023810
55879	55893	1	0.023810
55881	55713	3	0.004348
55881	56004	2	0.002899
55881	55783	3	0.004348
55881	56012	5	0.007246
55881	55792	6	0.008696
55881	56024	2	0.002899
55881	55923	2	0.002899
55881	55892	3	0.004348
55881	55733	20	0.028986
55881	55798	2	0.002899
55881	55992	26	0.037681
55881	55956	4	0.005797
55881	55775	7	0.010145
55883	56092	3	1.000000
55885	55753	2	0.005195
55885	55844	2	0.005195
55885	56092	9	0.023377
55885	55798	232	0.602597
55885	56124	2	0.005195
55886	55842	1	0.019608
55886	56092	1	0.019608
56281	56225	1368	0.738262
56281	55811	1368	0.738262
56281	56092	2736	1.476525
56281	55791	1368	0.738262
56281	55859	1368	0.738262
56281	55733	4	0.002159
56281	55831	17862	9.639504
56281	55866	1368	0.738262
56281	55932	1368	0.738262
55907	56160	2	0.016260
55907	56012	2	0.016260
55907	55982	1	0.008130
55907	55923	1	0.008130
55907	55733	11	0.089431
55907	55894	1	0.008130
55907	56027	2	0.016260
55907	56062	1	0.008130
55907	55775	9	0.073171
55892	56194	1	0.001078
55892	56206	12	0.012931
55892	55958	9	0.009698
55892	56092	6	0.006466
55892	55715	2	0.002155
55892	56107	1	0.001078
55892	55982	1	0.001078
55892	56240	1	0.001078
55892	55733	233	0.251078
55892	56246	2	0.002155
55892	56265	1	0.001078
55892	55995	5	0.005388
55892	56124	3	0.003233
55892	56259	1	0.001078
55892	56132	1	0.001078
55892	55878	2	0.002155
55892	55753	1	0.001078
55892	55863	5	0.005388
55892	56012	230	0.247845
55892	55894	3	0.003233
55892	56152	1	0.001078
55892	56155	1	0.001078
55892	56285	2	0.002155
55892	55775	10	0.010776
55892	56160	2	0.002155
55892	55907	3	0.003233
55892	55783	1	0.001078
55892	56044	1	0.001078
55892	56050	1	0.001078
55892	55923	5	0.005388
55892	55798	24	0.025862
55892	55931	1	0.001078
55892	55805	3	0.003233
55892	55807	1	0.001078
55894	56259	2	0.018519
55894	56132	1	0.009259
55894	56246	2	0.018519
55894	56076	1	0.009259
55894	56012	9	0.083333
55894	56270	1	0.009259
55894	56079	217	2.009259
55894	55864	1	0.009259
55894	55715	2	0.018519
55894	55892	1	0.009259
55894	55733	23	0.212963
55894	55958	2	0.018519
55894	56152	163	1.509259
55894	56124	7	0.064815
55894	56062	2	0.018519
55895	56126	82	0.450549
55895	56259	1	0.005495
55895	56079	553	3.038462
55895	55923	2	0.010989
55895	55956	109	0.598901
55895	55733	3	0.016484
55895	55864	2	0.010989
55895	56062	22	0.120879
55897	56079	4	2.000000
55898	56163	2	0.006289
55898	55958	1	0.003145
55898	56200	1	0.003145
55898	56009	1	0.003145
55898	56246	1	0.003145
55898	56012	2	0.006289
55898	55907	4	0.012579
55898	56179	1	0.003145
55898	55798	6	0.018868
55898	56215	1	0.003145
55898	56120	2	0.006289
55898	56092	27	0.084906
55898	56222	1	0.003145
55899	55800	2	0.002123
55899	55874	2	0.002123
55899	55995	2	0.002123
55899	56092	778	0.825902
55899	55775	3	0.003185
55904	55777	1	0.000675
55904	56134	2	0.001350
55904	56012	1	0.000675
55904	56047	3	0.002026
55904	56080	2	0.001350
55904	55825	1	0.000675
55904	55733	1	0.000675
55904	55899	1	0.000675
55904	56092	2	0.001350
55904	56157	1	0.000675
55904	55998	1	0.000675
56251	56081	107	6.294118
56251	56287	17	1.000000
55908	55992	6415	54.364407
55908	55831	2	0.016949
55909	56092	1	0.055556
55909	56070	18	1.000000
55911	55805	1	0.142857
55912	55805	2	0.333333
55919	55880	1	0.001656
55919	55881	1	0.001656
55919	55722	1	0.001656
55919	55732	1	0.001656
55919	56078	1	0.001656
55919	56047	1	0.001656
55919	56176	1	0.001656
55919	55921	1	0.001656
55919	55893	1	0.001656
55919	55892	1	0.001656
55919	56021	1	0.001656
55919	55990	1	0.001656
55919	56148	1	0.001656
55919	55805	2	0.003311
55919	55775	1	0.001656
55920	55921	1	0.043478
55920	55805	1	0.043478
55921	56079	25	0.007253
55921	55907	26	0.007543
55921	55798	62	0.017987
55921	56070	4	0.001160
55921	55879	25	0.007253
55921	55722	25	0.007253
55921	56012	25	0.007253
55921	56078	25	0.007253
55921	56047	75	0.021758
55921	56176	25	0.007253
55921	56148	75	0.021758
55921	56021	25	0.007253
55921	55990	25	0.007253
55921	55732	25	0.007253
55921	55919	25	0.007253
55921	56124	26	0.007543
55921	56125	25	0.007253
55921	55805	86	0.024949
55921	55733	12	0.003481
55923	56065	1	0.001996
55923	56079	1503	3.000000
55923	55958	6	0.011976
55923	56092	1	0.001996
55923	56283	2	0.003992
55923	55728	3	0.005988
55923	55733	39	0.077844
55923	56248	1	0.001996
55923	56124	1	0.001996
55923	55998	1	0.001996
55923	56259	1	0.001996
55923	56004	1	0.001996
55923	55878	1	0.001996
55923	56265	3	0.005988
55923	56012	7	0.013972
55923	55892	1	0.001996
55923	55894	2	0.003992
55923	55895	3	0.005988
55923	56155	1	0.001996
55923	56160	2	0.003992
55923	55907	7	0.013972
55923	55783	1	0.001996
55923	56050	1	0.001996
55923	55798	6	0.011976
55923	56062	10	0.019960
55924	55995	6	0.016949
55924	56077	1	0.002825
55924	55798	1	0.002825
55924	56230	2	0.005650
55924	56027	13	0.036723
55924	56076	258	0.728814
55924	56259	1	0.002825
55924	56079	1065	3.008475
55924	56274	360	1.016949
55924	55923	1	0.002825
55924	55733	36	0.101695
55924	55958	5	0.014124
55924	55715	1	0.002825
55924	55931	14	0.039548
55924	56062	17	0.048023
55927	55713	296	0.819945
55927	56086	297	0.822715
55927	55979	150	0.415512
55927	55855	50	0.138504
55927	55798	3	0.008310
55927	56249	50	0.138504
55927	56185	387	1.072022
55927	55805	2	0.005540
55927	56092	1	0.002770
55927	56061	50	0.138504
55928	55881	1	0.045455
55928	55722	1	0.045455
55928	55990	1	0.045455
55928	55921	1	0.045455
55929	56092	20	0.869565
55929	55798	19	0.826087
55930	56128	2	0.036364
55930	56155	1	0.018182
55930	55931	1	0.018182
55930	56206	3	0.054545
55930	56079	165	3.000000
55930	56259	1	0.018182
55930	55733	39	0.709091
55930	55798	7	0.127273
55930	55995	3	0.054545
55931	55907	3	0.100000
55931	55995	5	0.166667
55931	56076	64	2.133333
55931	56079	60	2.000000
55931	56274	3	0.100000
55931	56259	1	0.033333
55931	55924	4	0.133333
55931	55733	4	0.133333
55931	55930	3	0.100000
55931	56027	8	0.266667
55931	55805	3	0.100000
55931	56062	7	0.233333
55932	56225	68	0.472222
55932	55811	68	0.472222
55932	55791	68	0.472222
55932	55859	68	0.472222
55932	55733	4	0.027778
55932	55831	962	6.680556
55932	55866	68	0.472222
55932	56092	136	0.944444
55934	56038	1	0.034483
55934	56012	2	0.068966
55934	55733	4	0.137931
55934	55878	1	0.034483
55934	56023	4	0.137931
56061	56092	1	0.047619
55941	56092	6	0.005222
55941	55733	2	0.001741
55945	55805	1	0.045455
55948	56012	1	0.026316
55948	56092	1	0.026316
55948	55798	7	0.184211
55949	55816	1	0.011236
55949	55798	1	0.011236
55950	56136	5	0.036496
55950	56124	3	0.021898
55950	56092	4	0.029197
55950	55798	2	0.014599
55951	55907	18	0.046392
55951	56004	3	0.007732
55951	55923	3	0.007732
55951	55955	565	1.456186
55951	55733	3	0.007732
55951	55798	3	0.007732
55952	56148	1	0.032258
55952	55805	1	0.032258
55952	56079	1	0.032258
56249	55904	1	0.012658
56249	55713	1	0.012658
56249	55843	158	2.000000
56249	56231	1	0.012658
56249	56012	1	0.012658
56249	55775	1	0.012658
55955	55805	1	0.142857
55956	56079	570	3.372781
55956	55733	6	0.035503
55956	55798	3	0.017751
55956	55895	187	1.106509
55956	55864	190	1.124260
55956	56062	6	0.035503
55958	55713	1	0.006536
55958	56259	6	0.039216
55958	56004	40	0.261438
55958	55798	4	0.026144
55958	56265	1	0.006536
55958	56012	8	0.052288
55958	56079	119	0.777778
55958	55907	1	0.006536
55958	55894	2	0.013072
55958	56148	6	0.039216
55958	55733	6	0.039216
55958	56246	28	0.183007
55958	55863	10	0.065359
55958	55864	1	0.006536
55958	56132	1	0.006536
55958	56155	1	0.006536
55958	56092	4	0.026144
55958	55775	1	0.006536
55833	56092	1	0.023810
55960	56124	3	0.006849
55960	56012	1	0.002283
55960	55805	1	0.002283
55960	55798	3	0.006849
55960	56047	1	0.002283
55961	55971	4	1.000000
55961	56169	4	1.000000
55961	56242	4	1.000000
55961	55796	16	4.000000
55961	55708	4	1.000000
55961	55710	4	1.000000
55991	56092	1	0.005650
55991	55798	9	0.050847
55964	55844	8	0.005831
55964	56092	7	0.005102
55964	56136	2799	2.040087
55964	56012	1	0.000729
55964	56202	1	0.000729
55964	56107	2	0.001458
55964	56044	2	0.001458
55964	55950	1	0.000729
55964	56180	1	0.000729
55964	55733	17	0.012391
55964	56060	1	0.000729
55964	55786	1	0.000729
55965	55843	20	0.952381
55965	55751	20	0.952381
55967	55792	1	0.009804
55967	56027	7	0.068627
55967	55798	3	0.029412
55967	56240	1	0.009804
55967	56155	15	0.147059
55967	56076	1	0.009804
55967	56079	306	3.000000
55967	55923	1	0.009804
55967	56259	1	0.009804
55967	55733	3	0.029412
55967	55766	2	0.019608
55967	55931	2	0.019608
55967	55805	5	0.049020
55967	56062	204	2.000000
55968	56080	1	0.000898
55968	56012	2	0.001797
55968	55798	2	0.001797
55969	56012	1	0.011765
55969	56004	1	0.011765
55969	56044	1	0.011765
55969	56223	88	1.035294
55970	56092	6	0.033149
56259	56155	30	0.040161
56259	56076	4	0.005355
56259	56077	1	0.001339
56259	56206	1	0.001339
56259	56079	2326	3.113788
56259	55956	15	0.020080
56259	55958	28	0.037483
56259	56132	3	0.004016
56259	56092	6	0.008032
56259	55715	21	0.028112
56259	55717	1	0.001339
56259	56107	6	0.008032
56259	55733	162	0.216867
56259	56246	1	0.001339
56259	55753	1	0.001339
56259	56248	5	0.006693
56259	55995	8	0.010710
56259	56124	2	0.002677
56259	55998	1	0.001339
56259	56130	7	0.009371
56259	56004	5	0.006693
56259	56265	20	0.026774
56259	55863	1	0.001339
56259	56012	2	0.002677
56259	55864	1	0.001339
56259	56274	1	0.001339
56259	56148	3	0.004016
56259	55894	4	0.005355
56259	56024	1	0.001339
56259	56027	9	0.012048
56259	56285	1	0.001339
56259	55775	19	0.025435
56259	56160	1	0.001339
56259	55907	13	0.017403
56259	55783	2	0.002677
56259	56042	6	0.008032
56259	56050	1	0.001339
56259	55923	1	0.001339
56259	55798	14	0.018742
56259	55892	4	0.005355
56259	55931	94	0.125837
56259	55805	1	0.001339
56259	56062	8	0.010710
55972	55873	3	0.069767
55973	55844	4	0.057971
55973	55846	4	0.057971
55973	56092	55	0.797101
55973	56205	4	0.057971
55973	56124	6	0.086957
55973	55805	19	0.275362
55974	55868	2	1.000000
55975	55917	1	0.076923
55978	56107	468	5.086957
55978	56079	276	3.000000
55978	56240	39	0.423913
55978	55761	1	0.010870
55978	55733	4	0.043478
55978	56059	1	0.010870
55978	56062	6	0.065217
55979	55713	344	0.841076
55979	56086	344	0.841076
55979	55855	50	0.122249
55979	55798	3	0.007335
55979	56249	50	0.122249
55979	56185	435	1.063570
55979	55805	1	0.002445
55979	56092	1	0.002445
55979	56061	50	0.122249
56284	55907	1	0.125000
55981	55843	2	1.000000
55982	55907	2	0.008889
55982	56027	5	0.022222
55982	56042	2	0.008889
55982	55978	2	0.008889
55982	56107	649	2.884444
55982	55989	1	0.004444
55982	56206	1	0.004444
55982	56079	676	3.004444
55982	56240	48	0.213333
55982	55761	1	0.004444
55982	56259	1	0.004444
55982	55892	2	0.008889
55982	55733	15	0.066667
55982	55724	2	0.008889
55982	55769	1	0.004444
55982	56059	1	0.004444
55982	55805	1	0.004444
55982	56062	7	0.031111
55982	55775	3	0.013333
55985	55747	13	0.812500
55985	56078	1	0.062500
55985	55798	10	0.625000
55987	55939	1	0.004975
55988	55921	1	0.041667
55989	55863	2	0.009950
55989	55733	9	0.044776
55989	56079	659	3.278607
55990	55907	1	0.083333
55990	55879	1	0.083333
55990	55881	1	0.083333
55990	55722	1	0.083333
55990	56103	1	0.083333
55990	56078	1	0.083333
55990	55919	1	0.083333
55990	56176	1	0.083333
55990	55921	2	0.166667
55990	55731	1	0.083333
55990	56021	1	0.083333
55990	56047	1	0.083333
55990	55805	1	0.083333
56265	56071	5	0.064935
56265	56076	5	0.064935
56265	56079	231	3.000000
56265	55923	21	0.272727
56265	55892	1	0.012987
56265	56280	1	0.012987
56265	56062	26	0.337662
55992	56077	1	0.000636
55992	56206	3	0.001907
55992	56079	1	0.000636
55992	56080	3	0.001907
55992	55831	3	0.001907
55992	56092	40	0.025429
55992	55968	2	0.001271
55992	55713	122	0.077559
55992	56231	1	0.000636
55992	56240	1	0.000636
55992	55733	92	0.058487
55992	55864	2	0.001271
55992	55995	2	0.001271
55992	56124	3	0.001907
55992	55745	1	0.000636
55992	56259	1	0.000636
55992	55879	3	0.001907
55992	55881	107	0.068023
55992	56012	11	0.006993
55992	55890	1	0.000636
55992	56023	1	0.000636
55992	55775	2	0.001271
55992	55904	1	0.000636
55992	55908	5767	3.666243
55992	56038	1	0.000636
55992	55798	38	0.024158
55995	56285	2	0.004464
55995	56234	2	0.004464
55995	56206	6	0.013393
55995	56079	12	0.026786
55995	55924	4	0.008929
55995	55733	265	0.591518
55995	55864	2	0.004464
55995	55805	4	0.008929
55996	55864	5	1.000000
55996	55956	5	1.000000
55996	56079	10	2.000000
55997	55747	4	0.571429
55998	55904	1	0.066667
55998	56130	1	0.066667
55998	56079	45	3.000000
55999	55904	3	0.001063
55999	55713	14	0.004959
55999	56231	8	0.002834
55999	55868	1959	0.693943
55999	56012	4	0.001417
55999	56080	5	0.001771
55999	55733	5	0.001771
55999	55961	105	0.037194
55999	56092	11	0.003897
55999	55805	4	0.001417
55999	56223	4	0.001417
56000	55992	15475	77.763819
56000	55908	197	0.989950
56000	55798	6	0.030151
56000	55879	1	0.005025
56001	55713	294	0.818942
56001	56107	1	0.002786
56001	56086	295	0.821727
56001	55979	150	0.417827
56001	55855	50	0.139276
56001	55798	3	0.008357
56001	56249	50	0.139276
56001	56185	390	1.086351
56001	55805	2	0.005571
56001	56092	1	0.002786
56001	56061	50	0.139276
56002	55713	2	0.013072
56002	56012	1	0.006536
56002	55958	2	0.013072
56002	55798	6	0.039216
56002	55894	5	0.032680
56002	56270	1	0.006536
56002	56079	325	2.124183
56002	56024	3	0.019608
56002	55956	153	1.000000
56002	55733	19	0.124183
56002	56246	1	0.006536
56002	55895	2	0.013072
56002	55864	203	1.326797
56002	55892	2	0.013072
56002	55995	4	0.026144
56003	56288	1	0.003460
56003	56107	1	0.003460
56003	56079	1	0.003460
56003	56092	2	0.006920
56003	55805	1	0.003460
56003	55775	1	0.003460
56004	56130	3	0.004525
56004	55907	1	0.001508
56004	55958	786	1.185520
56004	56071	1	0.001508
56004	55798	5	0.007541
56004	56012	5	0.007541
56004	56079	690	1.040724
56004	55923	1	0.001508
56004	56148	34	0.051282
56004	55733	50	0.075415
56004	56246	637	0.960784
56004	55863	10	0.015083
56004	56024	1	0.001508
56004	56062	1	0.001508
56009	55898	8052	7.956522
56009	56163	16	0.015810
56010	55722	1	0.007246
56012	56072	2	0.000439
56012	55895	1	0.000220
56012	56079	4	0.000878
56012	55956	3	0.000659
56012	55958	21	0.004610
56012	56132	1	0.000220
56012	56092	8	0.001756
56012	55968	2	0.000439
56012	56160	2	0.000439
56012	55715	4	0.000878
56012	56231	2	0.000439
56012	55724	1	0.000220
56012	55733	12	0.002634
56012	56246	9	0.001976
56012	55863	2	0.000439
56012	55864	1	0.000220
56012	56180	1	0.000220
56012	55995	4	0.000878
56012	56124	4	0.000878
56012	56125	1	0.000220
56012	56126	5	0.001098
56012	55873	1	0.000220
56012	56259	3	0.000659
56012	56004	2	0.000439
56012	55892	6	0.001317
56012	55894	1	0.000220
56012	55993	1	0.000220
56012	56155	2	0.000439
56012	55775	1	0.000220
56012	55904	1	0.000220
56012	55907	4	0.000878
56012	56040	1	0.000220
56012	55923	1	0.000220
56012	55924	1	0.000220
56012	55798	21	0.004610
56012	56148	1	0.000220
56012	56062	5	0.001098
56013	56092	2	0.086957
56014	55829	11978	59.890000
56014	55991	1	0.005000
56015	56225	13	0.282609
56015	55811	13	0.282609
56015	56092	1	0.021739
56015	55791	13	0.282609
56015	55826	13	0.282609
56015	55859	13	0.282609
56015	55831	94	2.043478
56015	56281	13	0.282609
56015	55866	13	0.282609
56015	55932	13	0.282609
56019	56230	1	0.004167
56019	56079	720	3.000000
56021	56125	1	0.047619
56021	55880	2	0.095238
56021	55722	2	0.095238
56021	56078	2	0.095238
56021	56047	3	0.142857
56021	56176	2	0.095238
56021	55921	2	0.095238
56021	55731	2	0.095238
56021	56148	3	0.142857
56021	56238	2	0.095238
56021	55990	2	0.095238
56021	55919	2	0.095238
56021	55805	3	0.142857
56021	55893	2	0.095238
56022	56081	140	8.235294
56022	55851	2	0.117647
56022	56287	17	1.000000
56023	55878	3	0.058824
56023	56039	3	0.058824
56023	55733	1	0.019608
56023	55798	1	0.019608
56023	55769	2	0.039216
56023	56155	51	1.000000
56023	56124	2	0.039216
56024	56194	1	0.004950
56024	56126	1	0.004950
56024	56004	4	0.019802
56024	55783	1	0.004950
56024	55753	2	0.009901
56024	56012	5	0.024752
56024	56079	671	3.321782
56024	55923	3	0.014851
56024	55892	3	0.014851
56024	55733	11	0.054455
56024	55798	3	0.014851
56024	55864	1	0.004950
56024	55956	1	0.004950
56024	56062	1	0.004950
56024	55775	3	0.014851
56025	56128	1	0.004444
56025	55878	13	0.057778
56025	56012	3	0.013333
56025	56044	10	0.044444
56025	56206	10	0.044444
56025	55924	3	0.013333
56025	55733	13	0.057778
56025	55798	15	0.066667
56025	55930	55	0.244444
56025	56155	243	1.080000
56025	56124	32	0.142222
56025	56062	3	0.013333
56027	55907	17	0.126866
56027	56230	1	0.007463
56027	56107	3	0.022388
56027	56076	2	0.014925
56027	55982	1	0.007463
56027	56079	443	3.305970
56027	56274	1	0.007463
56027	56259	1	0.007463
56027	55924	3	0.022388
56027	55733	56	0.417910
56027	55769	2	0.014925
56027	55931	137	1.022388
56027	56062	276	2.059701
56031	55805	2	0.003788
56031	56061	111	0.210227
56031	56158	111	0.210227
56031	56223	111	0.210227
56033	56070	19	1.000000
56034	56288	11	0.048246
56034	55992	1	0.004386
56034	56092	12	0.052632
56034	55709	162	0.710526
56034	55766	20	0.087719
56037	56071	1	0.001075
56037	56076	1	0.001075
56037	56077	11	0.011828
56037	56206	4	0.004301
56037	56079	2858	3.073118
56037	55958	8	0.008602
56037	55961	1	0.001075
56037	55963	1	0.001075
56037	55968	1	0.001075
56037	55713	2	0.002151
56037	56027	1	0.001075
56037	55844	2	0.002151
56037	56175	1	0.001075
56037	55724	9	0.009677
56037	55733	70	0.075269
56037	56246	1	0.001075
56037	55863	3	0.003226
56037	55864	7	0.007527
56037	55995	77	0.082796
56037	56124	1	0.001075
56037	56125	48	0.051613
56037	56130	3	0.003226
56037	56259	28	0.030108
56037	56004	6	0.006452
56037	55877	1	0.001075
56037	55878	1	0.001075
56037	56012	15	0.016129
56037	56248	3	0.003226
56037	55715	1304	1.402151
56037	56148	10	0.010753
56037	56155	1	0.001075
56037	55775	8	0.008602
56037	55907	16	0.017204
56037	56230	2	0.002151
56037	56042	8	0.008602
56037	56047	5	0.005376
56037	56050	6	0.006452
56037	55924	1	0.001075
56037	55798	5	0.005376
56037	55892	1	0.001075
56038	55995	1	0.010000
56038	55878	1	0.010000
56038	56124	1	0.010000
56038	56044	1	0.010000
56038	56012	2	0.020000
56038	56174	1	0.010000
56038	56079	300	3.000000
56038	56050	1	0.010000
56038	56023	1	0.010000
56038	56283	10	0.100000
56038	56092	2	0.020000
56039	56283	1	0.006024
56039	55733	2	0.012048
56039	55878	6	0.036145
56043	56148	2	0.043478
56044	56160	3	0.008798
56044	55766	10	0.029326
56044	55878	5	0.014663
56044	55783	1	0.002933
56044	56124	15	0.043988
56044	56206	6	0.017595
56044	56079	1112	3.260997
56044	56080	2	0.005865
56044	55733	8	0.023460
56044	55798	58	0.170088
56044	56023	12	0.035191
56044	56155	44	0.129032
56044	56092	8	0.023460
56044	56062	2	0.005865
56235	55864	5	1.000000
56235	55956	5	1.000000
56235	56079	10	2.000000
56047	55715	4	0.001715
56047	56040	4	0.001715
56047	56265	2	0.000858
56047	56012	21	0.009005
56047	56077	6	0.002573
56047	56125	2	0.000858
56047	55733	2	0.000858
56047	55990	2	0.000858
56047	55801	4	0.001715
56047	55805	2	0.000858
56047	56092	2	0.000858
56047	56285	2	0.000858
56047	55775	4	0.001715
56048	55805	5	0.008403
56050	55805	2	0.042553
56050	55892	1	0.021277
56050	55733	4	0.085106
56050	55775	1	0.021277
56050	56079	94	2.000000
56275	56148	1	0.142857
56054	56021	107	1.000000
56055	55908	236	1.858268
56055	55879	1	0.007874
56055	55881	238	1.874016
56055	56012	2	0.015748
56055	56077	1	0.007874
56055	56079	1	0.007874
56055	55798	7	0.055118
56055	55992	19874	156.488189
56057	55733	2	0.014815
56057	55805	2	0.014815
56059	55978	2	0.021739
56059	56107	468	5.086957
56059	56079	276	3.000000
56059	56240	41	0.445652
56059	55761	1	0.010870
56059	55733	4	0.043478
56059	56062	5	0.054348
56060	56136	548	0.710765
56283	56155	128	2.285714
56283	55878	106	1.892857
56283	56038	2	0.035714
56283	56012	5	0.089286
56283	55798	1	0.017857
56283	56023	4	0.071429
56283	55995	3	0.053571
56062	56160	1	0.003861
56062	56240	4	0.015444
56062	56259	4	0.015444
56062	55878	1	0.003861
56062	56027	13	0.050193
56062	55995	2	0.007722
56062	56076	3	0.011583
56062	56044	1	0.003861
56062	56174	1	0.003861
56062	56079	784	3.027027
56062	56112	1	0.003861
56062	56038	1	0.003861
56062	56050	1	0.003861
56062	55892	1	0.003861
56062	55733	4	0.015444
56062	56024	1	0.003861
56062	56155	1	0.003861
56062	55931	1	0.003861
56062	56285	1	0.003861
56062	55967	1	0.003861
55980	55805	251	8.096774
56064	56092	7	0.134615
56065	55798	3	0.075000
56065	56062	1	0.025000
56065	56079	160	4.000000
56066	56092	6	0.016043
56066	56180	4	0.010695
56067	55992	30762	126.592593
56067	56092	2	0.008230
56067	55908	401	1.650206
56067	55798	5	0.020576
56278	55995	1	0.076923
56278	56148	1	0.076923
56070	56033	55	1.000000
56070	56291	55	1.000000
56070	55909	55	1.000000
56070	55713	6	0.109091
56070	56012	2	0.036364
56070	56092	4	0.072727
56071	56079	120	3.000000
56071	55730	1	0.025000
56071	56148	30	0.750000
56071	55733	2	0.050000
56071	56246	1	0.025000
56071	56125	15	0.375000
56072	55904	2	0.010526
56072	55968	2	0.010526
56072	55715	1	0.005263
56072	55958	2	0.010526
56072	56012	5	0.026316
56072	56270	1	0.005263
56072	56079	570	3.000000
56072	55733	5	0.026316
56072	55798	2	0.010526
56072	56047	1	0.005263
56072	55775	1	0.005263
56076	55715	1	0.002732
56076	55995	6	0.016393
56076	56027	13	0.035519
56076	55798	1	0.002732
56076	56077	1	0.002732
56076	56079	1116	3.049180
56076	56259	1	0.002732
56076	56274	372	1.016393
56076	55923	1	0.002732
56076	55924	49	0.133880
56076	55733	37	0.101093
56076	55958	5	0.013661
56076	56230	2	0.005464
56076	55931	15	0.040984
56076	56062	17	0.046448
56077	55715	7	0.025547
56077	55844	6	0.021898
56077	56198	1	0.003650
56077	56071	1	0.003650
56077	56076	1	0.003650
56077	56012	8	0.029197
56077	56174	1	0.003650
56077	55824	1	0.003650
56077	55733	1	0.003650
56077	55960	1	0.003650
56077	56092	1	0.003650
56077	55775	1	0.003650
56079	55811	2	0.001799
56079	55812	2	0.001799
56079	55813	12	0.010791
56079	55817	2	0.001799
56079	55824	2	0.001799
56079	55825	2	0.001799
56079	55826	2	0.001799
56079	55831	2	0.001799
56079	55833	2	0.001799
56079	55835	2	0.001799
56079	55842	2	0.001799
56079	55843	2	0.001799
56079	55845	2	0.001799
56079	55846	2	0.001799
56079	55853	2	0.001799
56079	55855	2	0.001799
56079	55859	2	0.001799
56079	55863	11	0.009892
56079	55864	38	0.034173
56079	55866	2	0.001799
56079	55868	2	0.001799
56079	55878	78	0.070144
56079	55885	2	0.001799
56079	55886	2	0.001799
56079	55889	4	0.003597
56079	55890	2	0.001799
56079	55892	31	0.027878
56079	55894	21	0.018885
56079	55895	19	0.017086
56079	55898	2	0.001799
56079	55899	2	0.001799
56079	55907	94	0.084532
56079	55917	2	0.001799
56079	55923	103	0.092626
56079	55924	13	0.011691
56079	55930	7	0.006295
56079	55931	8	0.007194
56079	55932	2	0.001799
56079	55934	13	0.011691
56079	55936	2	0.001799
56079	55940	2	0.001799
56079	55948	2	0.001799
56079	55950	2	0.001799
56079	55747	12	0.010791
56079	55956	33	0.029676
56079	55958	161	0.144784
56079	55961	2	0.001799
56079	55962	2	0.001799
56079	55964	2	0.001799
56079	55965	2	0.001799
56079	55967	7	0.006295
56079	55968	3	0.002698
56079	55970	2	0.001799
56079	55971	2	0.001799
56079	55973	2	0.001799
56079	55974	2	0.001799
56079	55978	8	0.007194
56079	55981	2	0.001799
56079	55982	21	0.018885
56079	55989	35	0.031475
56079	55991	2	0.001799
56079	55992	16	0.014388
56079	55993	4	0.003597
56079	55995	168	0.151079
56079	55996	19	0.017086
56079	55999	2	0.001799
56079	55736	2	0.001799
56079	56002	8	0.007194
56079	56004	7	0.006295
56079	56009	2	0.001799
56079	56012	19	0.017086
56079	56015	2	0.001799
56079	56019	27	0.024281
56079	56023	47	0.042266
56079	56025	7	0.006295
56079	56027	28	0.025180
56079	56036	4	0.003597
56079	56038	50	0.044964
56079	56039	4	0.003597
56079	56040	6	0.005396
56079	56042	13	0.011691
56079	56044	13	0.011691
56079	56045	2	0.001799
56079	56047	26	0.023381
56079	56056	2	0.001799
56079	56059	11	0.009892
56079	56060	2	0.001799
56079	56061	2	0.001799
56079	56062	115	0.103417
56079	56064	2	0.001799
56079	56066	2	0.001799
56079	56070	2	0.001799
56079	56071	11	0.009892
56079	56072	3	0.002698
56079	56075	2	0.001799
56079	56076	137	0.123201
56079	56077	39	0.035072
56079	56080	4	0.003597
56079	56084	2	0.001799
56079	56090	4	0.003597
56079	56091	2	0.001799
56079	56092	102	0.091727
56079	56101	2	0.001799
56079	56107	35	0.031475
56079	56120	2	0.001799
56079	56122	2	0.001799
56079	56123	2	0.001799
56079	56124	258	0.232014
56079	56126	4	0.003597
56079	56128	4	0.003597
56079	56130	6	0.005396
56079	56134	2	0.001799
56079	56136	2	0.001799
56079	56137	2	0.001799
56079	56141	2	0.001799
56079	56144	2	0.001799
56079	56148	121	0.108813
56079	55710	2	0.001799
56079	56152	34	0.030576
56079	56153	8	0.007194
56079	56155	34	0.030576
56079	56157	2	0.001799
56079	56159	2	0.001799
56079	56160	59	0.053058
56079	56161	2	0.001799
56079	56163	2	0.001799
56079	56169	2	0.001799
56079	56174	50	0.044964
56079	56177	7	0.006295
56079	56179	2	0.001799
56079	56180	2	0.001799
56079	56181	4	0.003597
56079	56186	2	0.001799
56079	56192	2	0.001799
56079	56193	2	0.001799
56079	56194	8	0.007194
56079	56200	2	0.001799
56079	56202	2	0.001799
56079	56205	2	0.001799
56079	56206	15	0.013489
56079	56207	2	0.001799
56079	56210	2	0.001799
56079	56212	2	0.001799
56079	56215	2	0.001799
56079	55708	2	0.001799
56079	56222	2	0.001799
56079	56225	2	0.001799
56079	55715	84	0.075540
56079	55717	7	0.006295
56079	56230	12	0.010791
56079	56233	2	0.001799
56079	56234	2	0.001799
56079	56235	12	0.010791
56079	55724	4	0.003597
56079	55726	2	0.001799
56079	56240	8	0.007194
56079	56242	2	0.001799
56079	55733	232	0.208633
56079	56246	8	0.007194
56079	56248	15	0.013489
56079	55737	2	0.001799
56079	56252	2	0.001799
56079	55745	6	0.005396
56079	56259	45	0.040468
56079	56260	2	0.001799
56079	55749	2	0.001799
56079	55752	2	0.001799
56079	55753	37	0.033273
56079	56266	4	0.003597
56079	56270	56	0.050360
56079	55761	8	0.007194
56079	56274	34	0.030576
56079	56227	2	0.001799
56079	55766	34	0.030576
56079	56281	2	0.001799
56079	56282	2	0.001799
56079	56283	25	0.022482
56079	55775	379	0.340827
56079	55777	2	0.001799
56079	56292	2	0.001799
56079	55783	28	0.025180
56079	55786	2	0.001799
56079	55787	2	0.001799
56079	55789	2	0.001799
56079	55791	2	0.001799
56079	55792	4	0.003597
56079	55794	12	0.010791
56079	55796	2	0.001799
56079	55798	173	0.155576
56079	55805	49	0.044065
56079	55807	8	0.007194
56080	55904	3	0.003807
56080	55713	4	0.005076
56080	55715	1	0.001269
56080	56231	3	0.003807
56080	56012	9	0.011421
56080	55968	1	0.001269
56080	55995	2	0.002538
56080	56124	2	0.002538
56080	56285	1	0.001269
56080	56062	4	0.005076
56080	55775	1	0.001269
56081	56287	30	0.422535
56081	56092	1	0.014085
56081	55851	140	1.971831
56081	55728	5452	76.788732
56081	56082	88	1.239437
56081	55733	1	0.014085
56081	56022	88	1.239437
56081	56251	121	1.704225
56081	56124	1	0.014085
56081	55743	120	1.690141
56082	56081	16	8.000000
56082	55851	4	2.000000
55939	55805	3	0.136364
55939	56047	1	0.045455
56087	55722	1	0.016129
56087	56047	1	0.016129
56087	56148	1	0.016129
56087	55767	2	0.032258
56087	55805	4	0.064516
56087	55709	1	0.016129
56089	56092	50	1.000000
56089	56012	2	0.040000
56089	55868	50	1.000000
56089	55999	2	0.040000
56089	56047	2	0.040000
56090	55864	5	0.333333
56090	56024	3	0.200000
56090	55956	15	1.000000
56090	55733	2	0.133333
56090	56079	30	2.000000
56091	56092	1	0.029412
56092	55812	1	0.002725
56092	56070	2	0.005450
56092	56200	1	0.002725
56092	56141	1	0.002725
56092	56079	2	0.005450
56092	55826	1	0.002725
56092	55747	1	0.002725
56092	55956	1	0.002725
56092	55958	1	0.002725
56092	55961	1	0.002725
56092	56222	1	0.002725
56092	55713	1	0.002725
56092	56101	1	0.002725
56092	55974	1	0.002725
56092	55979	1	0.002725
56092	55859	1	0.002725
56092	55733	45	0.122616
56092	56248	1	0.002725
56092	56122	1	0.002725
56092	55995	6	0.016349
56092	56124	1	0.002725
56092	56259	3	0.008174
56092	56132	1	0.002725
56092	56012	17	0.046322
56092	55885	1	0.002725
56092	56013	1	0.002725
56092	55992	4	0.010899
56092	56163	1	0.002725
56092	56131	1	0.002725
56092	56155	1	0.002725
56092	56157	2	0.005450
56092	56288	1	0.002725
56092	56291	1	0.002725
56092	56038	1	0.002725
56092	56044	2	0.005450
56092	56047	1	0.002725
56092	56050	2	0.005450
56092	56179	1	0.002725
56092	56180	2	0.005450
56092	55798	16	0.043597
56092	56185	1	0.002725
56092	56062	1	0.002725
56093	55805	1	0.250000
56093	56079	1	0.250000
56191	55775	5	0.074627
56099	56070	9	0.500000
56100	55726	6	0.029557
56101	56080	5	0.036232
56103	56012	2	0.050000
56103	55805	3	0.075000
56103	55798	1	0.025000
56105	55864	5	1.000000
56105	55956	5	1.000000
56105	56079	10	2.000000
56106	55713	41	1.000000
56106	55979	41	1.000000
56106	55855	41	1.000000
56106	56086	41	1.000000
56106	56249	41	1.000000
56106	56185	82	2.000000
56106	56061	41	1.000000
56107	56259	1	0.004444
56107	56027	5	0.022222
56107	55978	2	0.008889
56107	56206	1	0.004444
56107	55724	2	0.008889
56107	55982	12	0.053333
56107	56079	676	3.004444
56107	56240	49	0.217778
56107	55761	1	0.004444
56107	55907	2	0.008889
56107	55892	2	0.008889
56107	55733	15	0.066667
56107	55775	3	0.013333
56107	55805	1	0.004444
56107	55769	1	0.004444
56107	56059	1	0.004444
56107	56042	2	0.008889
56107	56062	7	0.031111
56107	55989	1	0.004444
56108	56125	52	1.000000
56108	56047	52	1.000000
56110	56194	4	0.010025
56110	56235	4	0.010025
56110	55813	5	0.012531
56110	56027	10	0.025063
56110	56071	3	0.007519
56110	56072	1	0.002506
56110	56155	10	0.025063
56110	55895	5	0.012531
56110	56076	62	0.155388
56110	56077	17	0.042607
56110	56206	7	0.017544
56110	56079	6640	16.641604
56110	56080	2	0.005013
56110	55989	12	0.030075
56110	56259	23	0.057644
56110	55956	12	0.030075
56110	55958	54	0.135338
56110	55761	4	0.010025
56110	56090	2	0.005013
56110	56130	2	0.005013
56110	55967	3	0.007519
56110	55968	1	0.002506
56110	55715	34	0.085213
56110	55717	3	0.007519
56110	56230	4	0.010025
56110	56092	33	0.082707
56110	55978	4	0.010025
56110	56107	18	0.045113
56110	55724	2	0.005013
56110	55982	10	0.025063
56110	56240	4	0.010025
56110	55733	106	0.265664
56110	56246	3	0.007519
56110	55863	5	0.012531
56110	55864	14	0.035088
56110	55993	2	0.005013
56110	55995	79	0.197995
56110	56124	55	0.137845
56110	55766	10	0.025063
56110	56126	2	0.005013
56110	56181	2	0.005013
56110	56128	2	0.005013
56110	56002	4	0.010025
56110	55931	4	0.010025
56110	56004	3	0.007519
56110	55878	30	0.075188
56110	55753	15	0.037594
56110	56012	7	0.017544
56110	56270	3	0.007519
56110	56248	3	0.007519
56110	55889	2	0.005013
56110	56274	17	0.042607
56110	56019	11	0.027569
56110	56148	51	0.127820
56110	55894	5	0.012531
56110	56023	21	0.052632
56110	56152	9	0.022556
56110	56025	3	0.007519
56110	56283	11	0.027569
56110	55775	175	0.438596
56110	56160	18	0.045113
56110	55907	30	0.075188
56110	56036	2	0.005013
56110	56038	22	0.055138
56110	55783	10	0.025063
56110	56040	2	0.005013
56110	55996	7	0.017544
56110	56042	4	0.010025
56110	56039	2	0.005013
56110	56044	2	0.005013
56110	56174	22	0.055138
56110	56047	9	0.022556
56110	55792	2	0.005013
56110	56177	3	0.007519
56110	55794	4	0.010025
56110	55923	37	0.092732
56110	55924	6	0.015038
56110	55934	5	0.012531
56110	55798	58	0.145363
56110	55892	11	0.027569
56110	55930	3	0.007519
56110	56059	5	0.012531
56110	55805	21	0.052632
56110	56062	55	0.137845
56110	55807	4	0.010025
56112	55733	8	0.055172
56112	56079	469	3.234483
56113	56072	1	0.001064
56113	56076	2	0.002128
56113	56206	3	0.003191
56113	56079	4	0.004255
56113	55958	9	0.009574
56113	56132	4	0.004255
56113	56092	1	0.001064
56113	55715	8	0.008511
56113	56107	1	0.001064
56113	55724	2	0.002128
56113	55733	746	0.793617
56113	55995	5	0.005319
56113	56124	2	0.002128
56113	56125	1	0.001064
56113	56259	2	0.002128
56113	56004	1	0.001064
56113	56012	12	0.012766
56113	55892	3	0.003191
56113	55769	1	0.001064
56113	55775	10031	10.671277
56113	56160	1	0.001064
56113	55907	12	0.012766
56113	55783	1	0.001064
56113	56047	8	0.008511
56113	55798	4	0.004255
56113	55805	15	0.015957
56113	56062	6	0.006383
56116	56044	2	0.018519
56116	55753	3	0.027778
56116	56012	3	0.027778
56116	55892	3	0.027778
56116	55733	12	0.111111
56116	55798	694	6.425926
56116	55895	5	0.046296
56116	56155	2	0.018519
56116	56062	216	2.000000
56222	55898	7346	7.692147
56222	56163	16	0.016754
56222	56092	7	0.007330
56118	56092	6	3.000000
56118	56229	2	1.000000
56120	55898	9767	8.125624
56120	56163	16	0.013311
56122	55747	2	0.027027
56122	56070	1	0.013514
56122	56231	2	0.027027
56122	55979	2	0.027027
56122	56015	2	0.027027
56122	55824	2	0.027027
56122	55992	4	0.054054
56122	56153	2	0.027027
56122	55839	2	0.027027
55775	56072	1	0.001082
55775	56076	2	0.002165
55775	56206	3	0.003247
55775	56079	4	0.004329
55775	55958	9	0.009740
55775	56132	4	0.004329
55775	56092	1	0.001082
55775	55715	8	0.008658
55775	56107	1	0.001082
55775	55724	2	0.002165
55775	55733	746	0.807359
55775	55995	5	0.005411
55775	56124	2	0.002165
55775	56125	1	0.001082
55775	56259	2	0.002165
55775	56004	1	0.001082
55775	56012	12	0.012987
55775	55892	3	0.003247
55775	55769	1	0.001082
55775	56160	1	0.001082
55775	55907	12	0.012987
55775	55783	1	0.001082
55775	56047	8	0.008658
55775	55798	4	0.004329
55775	55805	14	0.015152
55775	56062	6	0.006494
56124	56079	1552	3.019455
56124	55958	3	0.005837
56124	56092	22	0.042802
56124	55733	18	0.035019
56124	56248	2	0.003891
56124	55995	1	0.001946
56124	56259	7	0.013619
56124	55878	4	0.007782
56124	56265	2	0.003891
56124	56012	5	0.009728
56124	55892	1	0.001946
56124	55766	229	0.445525
56124	56023	13	0.025292
56124	56155	525	1.021401
56124	56285	1	0.001946
56124	55775	2	0.003891
56124	55907	2	0.003891
56124	55783	6	0.011673
56124	56039	13	0.025292
56124	56044	5	0.009728
56124	55798	55	0.107004
56124	56062	14	0.027237
56125	55779	2	0.004024
56125	56259	106	0.213280
56125	56004	2	0.004024
56125	56012	3	0.006036
56125	56130	1	0.002012
56125	56079	1491	3.000000
56125	55715	27	0.054326
56125	56148	1	0.002012
56125	55733	1	0.002012
56125	56047	7	0.014085
56125	55775	1	0.002012
56126	55753	1	0.031250
56126	56079	65	2.031250
56126	55923	1	0.031250
56126	55798	1	0.031250
56126	55895	1	0.031250
56126	55995	3	0.093750
56128	56259	1	0.005650
56128	55924	1	0.005650
56128	55733	15	0.084746
56128	56079	763	4.310734
56129	55842	15	0.049834
56129	56125	30	0.099668
56129	56148	52	0.172757
56129	55963	13	0.043189
56129	55805	12	0.039867
56129	56047	89	0.295681
56130	55713	1	0.004630
56130	56004	3	0.013889
56130	55958	1	0.004630
56130	56042	3	0.013889
56130	56012	7	0.032407
56130	56148	3	0.013889
56130	55733	7	0.032407
56130	55798	4	0.018519
56130	56248	1	0.004630
56130	56132	1	0.004630
56130	56155	1	0.004630
56130	56124	1	0.004630
56131	56012	1	0.012048
56131	56079	1	0.012048
56131	56080	1	0.012048
56131	56210	78	0.939759
56131	55798	1	0.012048
56131	55995	1	0.012048
56131	56092	3	0.036145
56132	55904	1	0.001842
56132	55715	5	0.009208
56132	56004	2	0.003683
56132	55958	4	0.007366
56132	56246	2	0.003683
56132	56012	11	0.020258
56132	56079	1626	2.994475
56132	55956	1	0.001842
56132	55733	72	0.132597
56132	55798	25	0.046041
56132	55863	3	0.005525
56132	55864	1	0.001842
56132	56062	1	0.001842
56133	56288	1	0.004785
56133	56092	2	0.009569
56134	55968	2	0.071429
56134	55713	1	0.035714
56134	56012	1	0.035714
56134	56246	1	0.035714
56238	55907	6	0.004858
56238	55748	9	0.007287
56238	56079	2	0.001619
56136	56092	8	0.011923
56136	56124	18	0.026826
56136	55964	361	0.538003
56136	56202	387	0.576751
56136	55950	360	0.536513
56136	56180	474	0.706408
56136	56060	361	0.538003
56136	55786	356	0.530551
56138	56259	1	0.000659
56138	55908	2322	1.529644
56138	56038	1	0.000659
56138	55879	1	0.000659
56138	56012	5	0.003294
56138	56077	2	0.001318
56138	56120	4	0.002635
56138	55798	16	0.010540
56138	56023	1	0.000659
56138	55992	237234	156.280632
56138	55898	14	0.009223
56138	55995	1	0.000659
56138	56092	1	0.000659
56139	56047	1	0.040000
56139	56107	1	0.040000
56139	56148	1	0.040000
56139	55805	1	0.040000
56139	56125	1	0.040000
56141	56122	214	1.004695
56141	56292	1	0.004695
56142	55805	1	0.090909
56142	55733	1	0.090909
56144	56185	1	0.007194
56144	56092	2	0.014388
56146	56124	1	0.041667
56147	56155	13	1.000000
56147	56124	26	2.000000
56147	55958	3	0.230769
56147	56079	39	3.000000
56148	56004	27	0.109756
56148	55958	1	0.004065
56148	56071	25	0.101626
56148	56012	1	0.004065
56148	56079	738	3.000000
56148	55798	3	0.012195
56148	56246	504	2.048780
56148	56125	1	0.004065
56287	55995	2	0.005900
56287	55851	85	0.250737
56287	55728	71836	211.905605
56287	56081	1606	4.737463
56287	56082	74	0.218289
56287	55733	1	0.002950
56287	56022	102	0.300885
56287	56251	82	0.241888
56287	56092	4	0.011799
56287	55743	81	0.238938
56150	56079	371	3.312500
56150	55956	665	5.937500
56150	55733	3	0.026786
56150	55798	3	0.026786
56150	55895	124	1.107143
56150	55864	127	1.133929
56150	56062	6	0.053571
56152	55958	2	0.004717
56152	55775	5	0.011792
56152	55733	16	0.037736
56152	55894	441	1.040094
56152	56079	1314	3.099057
56153	55728	43	0.209756
56154	55805	1	0.066667
56154	55998	1	0.066667
56155	56076	1	0.001667
56155	55733	24	0.040000
56155	56124	98	0.163333
56155	55998	2	0.003333
56155	56259	2	0.003333
56155	55878	7	0.011667
56155	56012	5	0.008333
56155	56274	10	0.016667
56155	55892	1	0.001667
56155	55766	18	0.030000
56155	56023	78	0.130000
56155	56283	2	0.003333
56155	56285	1	0.001667
56155	55775	1	0.001667
56155	55907	1	0.001667
56155	56038	15	0.025000
56155	55783	4	0.006667
56155	56039	2	0.003333
56155	56044	6	0.010000
56155	56174	2	0.003333
56155	55923	1	0.001667
56155	55798	29	0.048333
56155	55930	2	0.003333
56155	55934	1	0.001667
56155	55807	5	0.008333
56157	55904	1	0.001304
56157	56034	2	0.002608
56157	56131	2	0.002608
56157	55812	2	0.002608
56157	56070	2	0.002608
56157	55992	2	0.002608
56157	56012	6	0.007823
56157	55885	2	0.002608
56157	56080	2	0.002608
56157	55825	1190	1.551499
56157	56180	2	0.002608
56157	55733	2	0.002608
56157	56120	2	0.002608
56157	55892	1	0.001304
56157	56122	2	0.002608
56157	56092	603	0.786180
56157	56061	2	0.002608
56158	55733	1	0.040000
56159	55798	1	0.090909
56160	56040	1	0.026316
56160	56012	6	0.157895
56160	56079	2	0.052632
56160	55733	1	0.026316
56160	56155	1	0.026316
56160	56124	9	0.236842
56160	55805	19	0.500000
56160	56062	1	0.026316
56160	55775	1	0.026316
56162	56267	1	0.066667
56162	55805	2	0.133333
56162	56079	1	0.066667
56163	55898	7526	7.790890
56164	55798	3	0.076923
56164	55775	1	0.025641
56166	56288	1	0.004545
56166	56092	2	0.009091
56167	55907	2	0.066667
56167	55995	5	0.166667
56167	55931	2	0.066667
56167	56076	63	2.100000
56167	56079	60	2.000000
56167	56274	2	0.066667
56167	56259	1	0.033333
56167	55924	4	0.133333
56167	55733	3	0.100000
56167	55930	2	0.066667
56167	56027	6	0.200000
56167	55805	2	0.066667
56167	56062	6	0.200000
56169	55971	4	1.000000
56169	56242	4	1.000000
56169	55796	8	2.000000
56169	55961	4	1.000000
56169	55708	4	1.000000
56169	55710	4	1.000000
56171	55712	267	0.331266
56171	55718	1389	1.723325
56171	55918	280	0.347395
56171	55919	143	0.177419
56171	55920	313	0.388337
56171	55759	236	0.292804
56171	56156	22	0.027295
56171	55775	1	0.001241
56172	55907	1	0.037037
56172	55805	2	0.074074
56172	56047	2	0.074074
56174	55995	2	0.029412
56174	56038	2	0.029412
56174	56012	5	0.073529
56174	55923	1	0.014706
56174	56155	1	0.014706
56174	55805	3	0.044118
56176	55907	2	0.083333
56176	56012	6	0.250000
56176	56047	4	0.166667
56177	55956	30	1.000000
56177	55798	31	1.033333
56177	56079	60	2.000000
56179	55898	6028	7.808290
56179	56163	16	0.020725
56180	55713	1	0.003333
56180	56060	2	0.006667
56180	56136	592	1.973333
56180	56092	11	0.036667
56180	56202	2	0.006667
56180	56012	1	0.003333
56180	55950	2	0.006667
56180	55964	2	0.006667
56180	55786	2	0.006667
56180	56062	3	0.010000
56181	56174	1	0.013333
56181	56038	1	0.013333
56182	55805	9	0.321429
56182	56231	2	0.071429
56185	55713	287	0.815341
56185	55798	4	0.011364
56185	55979	94	0.267045
56185	56012	1	0.002841
56185	55855	50	0.142045
56185	56086	287	0.815341
56185	56249	50	0.142045
56185	56092	3	0.008523
56185	56061	50	0.142045
56291	56070	10	1.000000
56274	56027	6	0.041096
56274	56230	2	0.013699
56274	56076	4	0.027397
56274	56079	294	2.013699
56274	55923	1	0.006849
56274	55924	3	0.020548
56274	55733	5	0.034247
56274	55931	4	0.027397
56274	56125	1	0.006849
56274	56062	10	0.068493
56274	55775	1	0.006849
56193	55733	2	0.001832
56195	55968	1	0.016129
56195	55904	1	0.016129
56195	56231	1	0.016129
56195	56012	1	0.016129
56195	56047	1	0.016129
56195	56080	1	0.016129
56195	55713	1	0.016129
56195	56079	62	1.000000
56198	55904	1	0.040000
56198	55878	1	0.040000
56198	56038	1	0.040000
56198	56107	1	0.040000
56198	56012	4	0.160000
56198	56080	1	0.040000
56198	55733	1	0.040000
56198	55995	1	0.040000
56198	56092	1	0.040000
56200	55898	7592	7.826804
56200	56107	690	0.711340
56200	56163	18	0.018557
56201	55907	2	0.064516
56201	55995	5	0.161290
56201	55931	2	0.064516
56201	56076	63	2.032258
56201	56079	62	2.000000
56201	56274	2	0.064516
56201	56259	1	0.032258
56201	55924	4	0.129032
56201	55733	3	0.096774
56201	55930	2	0.064516
56201	56027	6	0.193548
56201	55805	2	0.064516
56201	56062	6	0.193548
56202	56136	1335	1.747382
56202	55964	5	0.006545
56202	56050	2	0.002618
56202	56092	10	0.013089
56202	55798	4	0.005236
56205	56124	4	0.061538
56205	56092	3	0.046154
56205	55973	3	0.046154
56205	55846	3	0.046154
56205	55733	1	0.015385
56206	56128	1	0.001704
56206	55907	9	0.015332
56206	56044	1	0.001704
56206	56042	1	0.001704
56206	56012	4	0.006814
56206	56079	1761	3.000000
56206	55892	7	0.011925
56206	55733	124	0.211244
56206	55995	6	0.010221
56206	56062	1	0.001704
56206	55775	1	0.001704
56207	55775	1	0.040000
56207	55798	1	0.040000
56207	56047	3	0.120000
56208	55798	1	0.033333
56210	55745	1	0.011905
56210	56092	4	0.047619
56210	55733	5	0.059524
56210	55814	172	2.047619
56210	55805	1	0.011905
56213	55747	31	2.583333
56213	55997	1	0.083333
56215	55898	10381	8.186909
56215	56163	16	0.012618
55708	55971	4	1.000000
55708	56169	4	1.000000
55708	56242	4	1.000000
55708	55796	16	4.000000
55708	55961	4	1.000000
55708	55710	4	1.000000
55710	55971	4	1.000000
55710	56169	4	1.000000
55710	56242	4	1.000000
55710	55796	8	2.000000
55710	55961	4	1.000000
55710	55708	4	1.000000
55711	55805	2	0.125000
55711	56118	1	0.062500
55711	55733	1	0.062500
55712	56160	2	0.076923
55712	55907	2	0.076923
55712	56093	2	0.076923
55712	55813	2	0.076923
55712	55718	2	0.076923
55712	56171	2	0.076923
55712	55918	2	0.076923
55712	56079	2	0.076923
55712	55952	2	0.076923
55712	55733	4	0.153846
55712	55759	2	0.076923
55712	55805	1	0.038462
55713	55798	2	0.001493
55713	55715	1	0.000746
55713	55956	2	0.001493
55713	55995	1	0.000746
55713	55958	1	0.000746
56226	56092	1	0.022727
55715	56071	1	0.001041
55715	56155	1	0.001041
55715	56076	1	0.001041
55715	56077	11	0.011446
55715	56206	5	0.005203
55715	56079	2956	3.075963
55715	55958	12	0.012487
55715	55961	1	0.001041
55715	56047	5	0.005203
55715	55968	1	0.001041
55715	55713	2	0.002081
55715	55963	1	0.001041
55715	55844	2	0.002081
55715	56230	2	0.002081
55715	55724	10	0.010406
55715	55733	74	0.077003
55715	56246	1	0.001041
55715	55863	3	0.003122
55715	55864	7	0.007284
55715	55995	81	0.084287
55715	56124	1	0.001041
55715	56125	50	0.052029
55715	56130	3	0.003122
55715	56259	28	0.029136
55715	56004	6	0.006243
55715	55877	1	0.001041
55715	55878	1	0.001041
55715	56012	19	0.019771
55715	56248	4	0.004162
55715	56148	10	0.010406
55715	56027	1	0.001041
55715	55775	8	0.008325
55715	55907	18	0.018730
55715	56042	8	0.008325
55715	56175	1	0.001041
55715	56050	6	0.006243
55715	55924	1	0.001041
55715	55798	5	0.005203
55715	55892	2	0.002081
55716	56125	3	0.057692
55716	55798	1	0.019231
55717	55895	131	0.903448
55718	56079	3	0.002383
55718	56193	1	0.000794
55718	56171	568	0.451152
55718	56004	1	0.000794
55718	56107	7	0.005560
55718	56012	5	0.003971
55718	56077	1	0.000794
55718	55918	284	0.225576
55718	56047	3	0.002383
55718	56080	2	0.001589
55718	55712	276	0.219222
55718	56148	2	0.001589
55718	55759	211	0.167593
55718	55919	142	0.112788
55718	55805	1	0.000794
55718	55920	320	0.254170
55718	55995	4	0.003177
55718	56156	22	0.017474
55718	56125	2	0.001589
55718	56062	1	0.000794
55718	55775	2	0.001589
56231	56259	1	0.000672
56231	55753	1	0.000672
56231	56012	12	0.008065
56231	56013	1	0.000672
56231	55792	1	0.000672
56231	56148	2	0.001344
56231	55733	1	0.000672
56231	56024	1	0.000672
56231	56153	1	0.000672
56231	56092	5	0.003360
56231	56285	1	0.000672
55720	55798	1	0.058824
55721	56079	2	0.125000
55721	56124	1	0.062500
55721	56077	1	0.062500
55721	55798	1	0.062500
55721	55805	4	0.250000
55722	56070	1	0.037037
55722	56072	1	0.037037
55722	56078	1	0.037037
55722	56079	1	0.037037
55722	56080	1	0.037037
55722	55958	3	0.111111
55722	56047	1	0.037037
55722	55709	1	0.037037
55722	56099	1	0.037037
55722	56238	1	0.037037
55722	55731	1	0.037037
55722	55988	1	0.037037
55722	55733	1	0.037037
55722	55990	1	0.037037
55722	56125	2	0.074074
55722	56004	6	0.222222
55722	55879	1	0.037037
55722	55880	1	0.037037
55722	56010	1	0.037037
55722	56012	3	0.111111
55722	56148	2	0.074074
55722	55893	1	0.037037
55722	56160	1	0.037037
55722	55919	1	0.037037
55722	55921	1	0.037037
55722	56057	1	0.037037
55722	55805	8	0.296296
55723	56092	1	0.058824
55724	55894	1	0.005051
55724	56130	1	0.005051
55724	55715	181	0.914141
55724	56132	1	0.005051
55724	56246	1	0.005051
55724	56012	1	0.005051
55724	56259	1	0.005051
55724	55958	2	0.010101
55726	55817	81	0.536424
55726	56092	1	0.006623
55728	55713	1	0.000837
55728	56231	1	0.000837
55728	56080	1	0.000837
55728	55733	1	0.000837
55728	55995	2	0.001674
55728	56092	1	0.000837
55728	56287	1193	0.998326
55730	55805	4	0.072727
55732	55930	1	0.038462
55732	55995	2	0.076923
55732	56148	1	0.038462
55732	56125	1	0.038462
55732	56047	1	0.038462
55733	56128	11	0.004348
55733	56027	12	0.004743
55733	55798	3	0.001186
55733	56076	6	0.002372
55733	56107	4	0.001581
55733	56012	3	0.001186
55733	56206	2	0.000791
55733	56044	26	0.010277
55733	55907	17	0.006719
55733	55989	393	0.155336
55733	55894	1	0.000395
55733	55993	6	0.002372
55733	55930	7	0.002767
55733	55931	3	0.001186
55733	56092	8	0.003162
55733	55958	1	0.000395
55733	56259	3	0.001186
55733	55775	1	0.000395
56246	55907	10	0.035336
56246	56004	4	0.014134
56246	56012	8	0.028269
56246	56270	1	0.003534
56246	56148	13	0.045936
56246	55733	7	0.024735
56246	55958	274	0.968198
56246	55864	1	0.003534
56246	56132	1	0.003534
56246	56062	1	0.003534
55736	56092	5	0.022026
55737	56162	34	0.871795
55737	56092	138	3.538462
55737	56079	34	0.871795
56250	55715	39	2.052632
56250	55724	1	0.052632
56250	56012	1	0.052632
56250	56077	4	0.210526
56250	56079	57	3.000000
56250	56148	1	0.052632
56250	55733	2	0.105263
56250	56125	1	0.052632
56223	55733	1	0.004926
56223	55868	4	0.019704
56223	56158	2	0.009852
56223	55918	2	0.009852
56223	55999	4	0.019704
55742	55907	55	0.111336
55742	55892	9	0.018219
55742	55805	1	0.002024
55743	56081	72	4.235294
55743	56251	2	0.117647
55743	55851	4	0.235294
55745	55968	3	0.035294
55745	55904	3	0.035294
55745	56231	3	0.035294
55745	56012	9	0.105882
55745	56047	3	0.035294
55745	56092	16	0.188235
56258	56072	3	0.003645
56258	56076	2	0.002430
56258	56079	323	0.392467
56258	55958	11619	14.117861
56258	56132	2	0.002430
56258	55715	13	0.015796
56258	55724	1	0.001215
56258	55733	142	0.172539
56258	56246	31	0.037667
56258	56265	1	0.001215
56258	55864	5	0.006075
56258	55995	2	0.002430
56258	56130	1	0.001215
56258	56259	1	0.001215
56258	56004	43	0.052248
56258	55881	2	0.002430
56258	55863	49	0.059538
56258	56012	14	0.017011
56258	56148	13	0.015796
56258	55894	1	0.001215
56258	55895	2	0.002430
56258	55769	1	0.001215
56258	56155	1	0.001215
56258	55775	3	0.003645
56258	55907	5	0.006075
56258	55923	2	0.002430
56258	55798	37	0.044957
56258	55892	3	0.003645
56258	56062	2	0.002430
55747	56012	6	0.034286
55747	56078	3	0.017143
55747	55798	8	0.045714
55747	55803	2	0.011429
55747	56092	7	0.040000
55747	55997	42	0.240000
55747	55775	1	0.005714
55748	56148	32	0.711111
55748	56124	44	0.977778
55748	55805	44	0.977778
55748	56047	4	0.088889
55749	55976	2	0.400000
55750	55952	1	0.002674
55750	56092	376	1.005348
56225	55811	77	0.496774
56225	56092	154	0.993548
56225	55791	77	0.496774
56225	55859	77	0.496774
56225	55733	4	0.025806
56225	55831	1079	6.961290
56225	55866	77	0.496774
56225	55932	77	0.496774
55753	55733	24	0.324324
55753	55798	5	0.067568
55753	56079	241	3.256757
55757	55878	1	0.001361
55757	55715	1	0.001361
55757	55813	1	0.001361
55757	55718	3	0.004082
55757	55775	3	0.004082
55757	56076	1	0.001361
55757	56155	1	0.001361
55757	56107	1	0.001361
55757	56012	1	0.001361
55757	56079	29	0.039456
55757	56274	1	0.001361
55757	55907	13	0.017687
55757	56148	1	0.001361
55757	55989	4	0.005442
55757	55923	2	0.002721
55757	56023	1	0.001361
55757	55995	121	0.164626
55757	56124	1	0.001361
55757	56062	2	0.002721
55757	55733	29	0.039456
56270	56072	1	0.014706
56270	55733	1	0.014706
56270	56079	204	3.000000
55761	55978	2	0.021739
55761	56107	468	5.086957
55761	56079	276	3.000000
55761	56240	38	0.413043
55761	55733	4	0.043478
55761	56059	1	0.010870
55761	56062	5	0.054348
55762	55880	1	0.002899
55762	56204	1	0.002899
55762	56125	1	0.002899
55762	56144	1	0.002899
55762	56148	1	0.002899
55762	56047	1	0.002899
55762	56156	1	0.002899
55762	55805	1	0.002899
56227	56080	1	0.025641
56227	55968	1	0.025641
56227	55713	1	0.025641
56277	55992	15972	120.090226
56277	55908	235	1.766917
56277	55798	3	0.022556
55766	55783	3	0.020979
55766	56012	3	0.020979
55766	56044	3	0.020979
55766	56079	429	3.000000
55766	55733	3	0.020979
55766	55798	10	0.069930
55766	56248	1	0.006993
55766	56155	143	1.000000
55766	56124	124	0.867133
55953	56079	1300	3.023256
55953	55958	3	0.006977
55953	56092	14	0.032558
55953	55733	9	0.020930
55953	56248	1	0.002326
55953	55995	1	0.002326
55953	56124	1104	2.567442
55953	56259	4	0.009302
55953	55878	4	0.009302
55953	56265	1	0.002326
55953	56012	3	0.006977
55953	55892	1	0.002326
55953	55766	219	0.509302
55953	56023	13	0.030233
55953	56155	440	1.023256
55953	56285	1	0.002326
55953	55775	2	0.004651
55953	55783	6	0.013953
55953	56039	13	0.030233
55953	56044	5	0.011628
55953	55798	40	0.093023
55953	56062	10	0.023256
55769	56027	2	0.046512
55769	56107	1	0.023256
55769	56206	3	0.069767
55769	56079	130	3.023256
55769	56259	1	0.023256
55769	55733	11	0.255814
55769	55995	2	0.046512
55769	56124	2	0.046512
55769	55775	1	0.023256
55771	55713	321	1.716578
55771	55908	321	1.716578
55771	56012	2	0.010695
55771	56015	1	0.005348
55771	55992	27189	145.395722
55771	56123	1	0.005348
56260	55825	3	0.250000
56285	55812	1	0.015385
56285	56023	1	0.015385
56285	56206	1	0.015385
56285	56079	212	3.261538
56285	56080	1	0.015385
56285	55956	1	0.015385
56285	55962	1	0.015385
56285	56092	13	0.200000
56285	55967	2	0.030769
56285	55968	1	0.015385
56285	55713	1	0.015385
56285	56227	1	0.015385
56285	56101	1	0.015385
56285	56231	1	0.015385
56285	56107	1	0.015385
56285	55733	22	0.338462
56285	56248	1	0.015385
56285	55993	2	0.030769
56285	55995	5	0.076923
56285	56124	43	0.661538
56285	55904	1	0.015385
56285	56130	1	0.015385
56285	56259	17	0.261538
56285	55878	4	0.061538
56285	56012	25	0.384615
56285	55864	1	0.015385
56285	55892	8	0.123077
56285	55766	5	0.076923
56285	55895	1	0.015385
56285	56155	2	0.030769
56285	56157	1	0.015385
56285	55775	6	0.092308
56285	56160	5	0.076923
56285	55907	1	0.015385
56285	55783	13	0.200000
56285	56040	1	0.015385
56285	56042	2	0.030769
56285	56039	1	0.015385
56285	56174	1	0.015385
56285	56050	7	0.107692
56285	55934	2	0.030769
56285	55798	19	0.292308
56285	56185	1	0.015385
56285	56062	2	0.030769
56229	56092	1	0.009259
56229	55839	1	0.009259
56288	55745	2	0.006897
56288	56092	6	0.020690
55777	56012	1	0.020408
55777	56044	1	0.020408
55778	55878	4	0.081633
55778	56039	13	0.265306
55778	56079	147	3.000000
55778	55733	3	0.061224
55778	55798	12	0.244898
55778	56023	13	0.265306
55778	56155	49	1.000000
55778	56124	93	1.897959
55779	55715	1	0.004016
55780	56148	1	0.142857
56230	55715	2	0.095238
56230	56079	63	3.000000
56230	56274	2	0.095238
56230	55931	2	0.095238
56230	56125	1	0.047619
56230	56062	1	0.047619
55782	56288	1	0.005263
55782	56092	2	0.010526
55783	56080	1	0.003448
55783	55792	5	0.017241
55783	55892	12	0.041379
55783	55733	12	0.041379
55783	55766	8	0.027586
55783	56155	40	0.137931
55783	56124	10	0.034483
55783	56285	8	0.027586
55783	55775	109	0.375862
55788	56092	1	0.030303
55788	55798	3	0.090909
55789	55718	2	0.025316
55790	55805	4	1.333333
55791	56225	93	0.502703
55791	55811	93	0.502703
55791	56092	190	1.027027
55791	55859	93	0.502703
55791	55733	4	0.021622
55791	55831	1291	6.978378
55791	55866	93	0.502703
55791	55932	93	0.502703
55792	56160	2	0.083333
55792	56039	1	0.041667
55792	55783	1	0.041667
55792	56079	72	3.000000
55792	55923	1	0.041667
55792	55733	1	0.041667
55792	55895	1	0.041667
55793	55995	1	0.033333
55793	55805	5	0.166667
55793	56079	1	0.033333
55794	55923	1	1.000000
55794	56155	37	37.000000
55794	55907	1	1.000000
55795	55713	298	0.820937
55795	56086	299	0.823691
55795	55979	150	0.413223
55795	55855	50	0.137741
55795	55798	3	0.008264
55795	56249	50	0.137741
55795	56185	389	1.071625
55795	55805	2	0.005510
55795	56092	1	0.002755
55795	56061	50	0.137741
55796	55971	61	0.126294
55796	56169	58	0.120083
55796	56242	31	0.064182
55796	55961	86	0.178054
55796	55708	50	0.103520
55796	55710	66	0.136646
55971	56169	4	1.000000
55971	56242	4	1.000000
55971	55796	8	2.000000
55971	55961	4	1.000000
55971	55708	4	1.000000
55971	55710	4	1.000000
55798	55766	4	0.001985
55798	56072	1	0.000496
55798	56023	5	0.002481
55798	56076	2	0.000993
55798	56206	1	0.000496
55798	56079	70	0.034739
55798	55958	23	0.011414
55798	56004	4	0.001985
55798	56092	20	0.009926
55798	55733	152	0.075434
55798	56246	1	0.000496
55798	55864	2	0.000993
55798	56124	49	0.024318
55798	56128	1	0.000496
55798	56130	5	0.002481
55798	56259	1	0.000496
55798	56132	1	0.000496
55798	55878	3	0.001489
55798	56012	23	0.011414
55798	56270	1	0.000496
55798	56148	4	0.001985
55798	55894	3	0.001489
55798	55895	5	0.002481
55798	56155	33	0.016377
55798	55775	13	0.006452
55798	56160	2	0.000993
55798	55907	1	0.000496
55798	56039	8	0.003970
55798	56044	23	0.011414
55798	55923	1	0.000496
55798	55924	3	0.001489
55798	55892	3	0.001489
55798	55930	10	0.004963
55798	56062	2213	1.098263
55801	56148	1	0.002088
55802	55952	1	0.002577
55802	56092	390	1.005155
55803	55747	37	3.363636
55803	55997	2	0.181818
55803	56078	1	0.090909
55805	55808	1	0.001681
55805	55809	1	0.001681
55805	55812	1	0.001681
55805	55813	1	0.001681
55805	55816	1	0.001681
55805	55818	1	0.001681
55805	55820	1	0.001681
55805	55821	1	0.001681
55805	55829	2	0.003361
55805	55834	1	0.001681
55805	55840	1	0.001681
55805	55844	1	0.001681
55805	55853	1	0.001681
55805	55855	1	0.001681
55805	56243	1	0.001681
55805	55860	1	0.001681
55805	55873	3	0.005042
55805	55874	1	0.001681
55805	55875	2	0.003361
55805	55877	1	0.001681
55805	55879	1	0.001681
55805	55880	1	0.001681
55805	55881	2	0.003361
55805	55882	1	0.001681
55805	55885	1	0.001681
55805	55887	1	0.001681
55805	55890	1	0.001681
55805	55892	1	0.001681
55805	55893	1	0.001681
55805	55905	1	0.001681
55805	55906	1	0.001681
55805	55912	1	0.001681
55805	55913	2	0.003361
55805	55918	1	0.001681
55805	55919	1	0.001681
55805	55920	1	0.001681
55805	55921	3	0.005042
55805	55924	1	0.001681
55805	55937	1	0.001681
55805	55938	1	0.001681
55805	56257	1	0.001681
55805	55944	1	0.001681
55805	55945	1	0.001681
55805	55952	1	0.001681
55805	55954	1	0.001681
55805	56259	1	0.001681
55805	55957	1	0.001681
55805	55958	2	0.003361
55805	55960	2	0.003361
55805	55963	1	0.001681
55805	55968	1	0.001681
55805	55970	1	0.001681
55805	55972	1	0.001681
55805	55980	1	0.001681
55805	55987	1	0.001681
55805	55988	1	0.001681
55805	55990	1	0.001681
55805	55991	1	0.001681
55805	55992	3	0.005042
55805	55995	1	0.001681
55805	55999	1	0.001681
55805	56004	2	0.003361
55805	56005	1	0.001681
55805	56009	1	0.001681
55805	56012	15	0.025210
55805	56015	1	0.001681
55805	56021	3	0.005042
55805	56028	1	0.001681
55805	56043	1	0.001681
55805	56047	6	0.010084
55805	56048	1	0.001681
55805	56049	3	0.005042
55805	56058	1	0.001681
55805	56062	2	0.003361
55805	56066	1	0.001681
55805	56074	1	0.001681
55805	56077	4	0.006723
55805	56078	1	0.001681
55805	56079	1074	1.805042
55805	56086	1	0.001681
55805	56087	2	0.003361
55805	56088	1	0.001681
55805	56092	2	0.003361
55805	56093	1	0.001681
55805	56094	1	0.001681
55805	56096	1	0.001681
55805	56097	1	0.001681
55805	56103	1	0.001681
55805	56108	1	0.001681
55805	56120	1	0.001681
55805	56121	1	0.001681
55805	56125	1	0.001681
55805	56129	1	0.001681
55805	56135	1	0.001681
55805	56140	1	0.001681
55805	56142	1	0.001681
55805	56144	1	0.001681
55805	56145	1	0.001681
55805	56153	1	0.001681
55805	56154	1	0.001681
55805	56156	1	0.001681
55805	56157	1	0.001681
55805	56158	1	0.001681
55805	56160	1	0.001681
55805	56162	1	0.001681
55805	56165	1	0.001681
55805	56172	1	0.001681
55805	56174	1	0.001681
55805	56175	1	0.001681
55805	56176	1	0.001681
55805	56180	1	0.001681
55805	56182	2	0.003361
55805	56188	1	0.001681
55805	56191	1	0.001681
55805	56193	1	0.001681
55805	56195	1	0.001681
55805	56203	1	0.001681
55805	56204	1	0.001681
55805	56209	1	0.001681
55805	56222	1	0.001681
55805	56223	1	0.001681
55805	55712	1	0.001681
55805	56225	1	0.001681
55805	56224	1	0.001681
55805	55718	1	0.001681
55805	55719	1	0.001681
55805	55720	1	0.001681
55805	55721	1	0.001681
55805	55722	3	0.005042
55805	55724	1	0.001681
55805	56239	1	0.001681
55805	55730	1	0.001681
55805	55731	2	0.003361
55805	55732	1	0.001681
55805	55733	281	0.472269
55805	55734	1	0.001681
55805	56247	1	0.001681
55805	55738	1	0.001681
55805	55711	1	0.001681
55805	56255	1	0.001681
55805	55744	1	0.001681
55805	55745	2	0.003361
55805	55747	2	0.003361
55805	55748	1	0.001681
55805	56261	1	0.001681
55805	55751	1	0.001681
55805	55752	1	0.001681
55805	56266	1	0.001681
55805	56267	2	0.003361
55805	55757	1	0.001681
55805	55759	3	0.005042
55805	56272	1	0.001681
55805	56273	1	0.001681
55805	56275	1	0.001681
55805	55765	1	0.001681
55805	56278	1	0.001681
55805	55767	1	0.001681
55805	56281	1	0.001681
55805	55773	1	0.001681
55805	55774	1	0.001681
55805	55775	17	0.028571
55805	55776	1	0.001681
55805	56289	1	0.001681
55805	55780	1	0.001681
55805	56231	1	0.001681
55805	55789	1	0.001681
55805	55791	1	0.001681
55805	55793	1	0.001681
55805	55796	1	0.001681
55805	55798	1	0.001681
55805	55800	1	0.001681
55805	55801	1	0.001681
55805	55803	1	0.001681
55805	55804	3	0.005042
55805	55806	1	0.001681
55806	56148	2	0.024390
55806	55733	3	0.036585
55806	55798	1	0.012195
55806	55775	2	0.024390
55807	56004	2	0.009091
55807	55783	2	0.009091
55807	56274	4	0.018182
55807	55733	9	0.040909
55807	56155	6	0.027273
55807	56062	2	0.009091
