Src	Trg	LinkCount	RelLinkCount
52225	52193	2	1.000000
52225	52348	8	4.000000
52226	52099	1	0.002611
52226	52220	1	0.002611
52226	52268	7	0.018277
52226	52369	1	0.002611
52226	52244	1	0.002611
52226	52119	1	0.002611
52226	52348	765	1.997389
52226	52350	1	0.002611
52226	52351	1	0.002611
52227	52137	1	0.005618
52227	52143	3	0.016854
52227	52263	1	0.005618
52228	51985	2	0.285714
52230	52099	1	0.003322
52230	52137	15	0.049834
52230	52074	1	0.003322
52230	51948	2	0.006645
52230	52014	2	0.006645
52230	52157	1	0.003322
52230	52148	2	0.006645
52230	52201	2	0.006645
52230	52143	3	0.009967
52230	52348	2	0.006645
52230	52029	3	0.009967
52230	52095	2	0.006645
52231	52253	3	0.009404
52232	51985	2	0.400000
52234	52000	6	0.061224
52234	52257	7	0.071429
52234	52354	2	0.020408
52234	52293	5	0.051020
52234	51975	2	0.020408
52234	52074	2	0.020408
52234	52171	10	0.102041
52234	51948	4	0.040816
52234	52049	11	0.112245
52234	52179	6	0.061224
52234	52148	3	0.030612
52234	51958	12	0.122449
52234	52054	8	0.081633
52234	52344	12	0.122449
52234	52229	2	0.020408
52234	52095	2	0.020408
52234	52348	6	0.061224
52234	52093	9	0.091837
52234	52127	2	0.020408
52235	52257	5	0.004766
52235	52040	758	0.722593
52235	52014	1	0.000953
52235	51985	1	0.000953
52235	52217	1	0.000953
52235	52348	9	0.008580
52235	52286	1	0.000953
52236	52098	2	0.037736
52236	52348	215	4.056604
52236	52134	44	0.830189
52236	51958	50	0.943396
52236	52143	3	0.056604
52237	51985	1	0.045455
52238	51985	4	0.023669
52238	52119	2	0.011834
52241	52099	34	0.419753
52241	51975	1	0.012346
52241	52074	3	0.037037
52241	51948	1	0.012346
52241	52014	1	0.012346
52241	52111	2	0.024691
52241	52017	3	0.037037
52241	52051	2	0.024691
52241	52084	3	0.037037
52241	52310	2	0.024691
52241	52119	3	0.037037
52241	52312	3	0.037037
52241	52217	3	0.037037
52241	52348	234	2.888889
52241	52351	5	0.061728
52242	52257	8	0.012308
52242	52226	2	0.003077
52242	52230	1	0.001538
52242	52145	1	0.001538
52242	52106	968	1.489231
52242	52215	1	0.001538
52242	51948	2	0.003077
52242	52014	4	0.006154
52242	52335	1	0.001538
52242	52369	2	0.003077
52242	52184	4	0.006154
52242	52085	12	0.018462
52242	52119	1	0.001538
52242	52312	2	0.003077
52242	52148	18	0.027692
52242	52347	6	0.009231
52242	52348	2	0.003077
52242	52049	1	0.001538
52242	52095	4	0.006154
52244	52192	1	0.111111
52244	52136	10	1.111111
52244	52366	8	0.888889
52244	52017	1	0.111111
52244	52084	1	0.111111
52244	51958	8	0.888889
52244	52119	3	0.333333
52244	52312	1	0.111111
52244	52217	1	0.111111
52245	51985	8	0.045198
52247	52369	1	0.125000
52250	51985	4	0.210526
52251	52098	1	0.027778
52252	51958	1	0.009804
52253	51985	4	0.285714
52255	52268	2	0.010929
52255	52351	2	0.010929
52256	52017	11	0.112245
52259	52216	5	0.011933
52259	52127	2	0.004773
52260	51985	2	1.000000
52261	52257	1	0.043478
52261	52090	23	1.000000
52261	52051	23	1.000000
52261	52348	23	1.000000
52261	52310	23	1.000000
52264	52219	6	1.200000
52265	52194	5	1.000000
52265	51941	4	0.800000
52266	52369	6	0.012579
52266	52342	6	0.012579
52266	52279	3	0.006289
52268	52096	2	0.003150
52268	52257	1	0.001575
52268	52226	6	0.009449
52268	52099	4	0.006299
52268	52225	1	0.001575
52268	52389	1	0.001575
52268	51975	7	0.011024
52268	52137	5	0.007874
52268	52074	6	0.009449
52268	52143	1	0.001575
52268	52144	3	0.004724
52268	52148	4	0.006299
52268	51958	2785	4.385827
52268	52119	1	0.001575
52268	52207	1	0.001575
52268	52348	2535	3.992126
52268	52159	1	0.001575
52269	51985	1	0.200000
52270	52257	15	0.012500
52270	52226	3	0.002500
52270	52102	17	0.014167
52270	51948	14	0.011667
52270	52074	2	0.001667
52270	52268	1	0.000833
52270	51950	258	0.215000
52270	52369	8	0.006667
52270	51955	1	0.000833
52270	52014	2	0.001667
52270	52137	3	0.002500
52270	52184	7	0.005833
52270	52348	11	0.009167
52270	52126	4	0.003333
52270	52351	6	0.005000
52271	52344	1	0.017241
52271	51985	2	0.034483
52271	52137	1	0.017241
52272	51985	1	0.062500
52274	52384	7	0.011966
52274	52257	1	0.001709
52274	52226	17	0.029060
52274	51942	20	0.034188
52274	52220	1	0.001709
52274	52268	4	0.006838
52274	52348	1	0.001709
52274	52350	1	0.001709
52274	52351	1	0.001709
52275	51985	10	0.769231
52277	52169	1	0.142857
52279	52074	2	0.016129
52279	52157	2	0.016129
52279	52287	2	0.016129
52280	52145	64	0.524590
52280	52137	2	0.016393
52282	51985	18	0.016071
52283	51985	4	0.027778
52283	51975	1	0.006944
52283	52351	1	0.006944
52286	52074	1	0.012821
52286	52351	2	0.025641
52286	52148	156	2.000000
52286	52099	1	0.012821
52286	52095	3	0.038462
52287	52080	3	0.003175
52287	51985	30	0.031746
52287	52369	2	0.002116
52289	52351	1	0.009804
52291	52051	2	0.002275
52291	52348	2	0.002275
52291	52111	2	0.002275
52293	52096	19	0.065292
52293	52099	2	0.006873
52293	52102	19	0.065292
52293	51975	1	0.003436
52293	51977	1	0.003436
52293	52234	33	0.113402
52293	52109	14	0.048110
52293	51982	14	0.048110
52293	52116	14	0.048110
52293	52375	14	0.048110
52293	52376	19	0.065292
52293	52252	1	0.003436
52293	52127	130	0.446735
52293	52128	19	0.065292
52293	52230	5	0.017182
52293	52266	1	0.003436
52293	52148	4	0.013746
52293	52150	14	0.048110
52293	52279	1	0.003436
52293	52276	14	0.048110
52293	52026	14	0.048110
52293	52029	1	0.003436
52293	52158	14	0.048110
52293	52032	19	0.065292
52293	52000	14	0.048110
52293	52086	19	0.065292
52293	52042	19	0.065292
52293	52045	19	0.065292
52293	52049	32	0.109966
52293	52289	1	0.003436
52293	52180	14	0.048110
52293	52188	19	0.065292
52293	52317	14	0.048110
52293	52063	14	0.048110
52293	52194	1	0.003436
52293	52326	19	0.065292
52293	52074	462	1.587629
52293	51947	26	0.089347
52293	51950	19	0.065292
52293	52080	1	0.003436
52293	52337	19	0.065292
52293	51955	1	0.003436
52293	51958	65	0.223368
52293	52020	14	0.048110
52293	52088	14	0.048110
52293	52090	14	0.048110
52293	52091	14	0.048110
52293	52348	1	0.003436
52293	52093	32	0.109966
52293	51966	14	0.048110
52294	52258	2	0.058824
52295	52348	2	1.000000
52297	52193	5	0.070423
52297	52226	50	0.704225
52297	52257	50	0.704225
52297	52137	54	0.760563
52297	52074	51	0.718310
52297	51975	50	0.704225
52297	51948	50	0.704225
52297	52098	50	0.704225
52297	52014	53	0.746479
52297	52144	47	0.661972
52297	51985	50	0.704225
52297	51955	50	0.704225
52297	52220	50	0.704225
52297	52095	50	0.704225
52297	52348	211	2.971831
52297	52351	50	0.704225
52299	51985	3	0.034884
52303	51985	2	0.051282
52303	52244	1	0.025641
52306	51946	54	1.148936
52307	52060	2	0.022472
52312	52106	10	0.016420
52312	52268	4	0.006568
52312	52016	2	0.003284
52312	51985	4	0.006568
52312	52244	2	0.003284
52312	52217	2	0.003284
52313	52064	1	0.005348
52313	52226	1	0.005348
52313	52348	1	0.005348
52313	52351	1	0.005348
52320	51985	2	0.181818
52324	51985	381	3.000000
52325	52084	4	0.010471
52325	52244	1	0.002618
52326	52351	1	0.008929
52326	52197	7	0.062500
52326	52102	1	0.008929
52326	52359	103	0.919643
52328	51985	11	0.017134
52328	52276	1	0.001558
52328	52348	1	0.001558
52332	52192	1	0.007634
52332	52262	4	0.030534
52332	52075	2	0.015267
52332	52206	1	0.007634
52332	51985	30	0.229008
52332	52244	1	0.007634
52334	52348	2	1.000000
52335	52184	21	0.117978
52335	51985	3	0.016854
52337	52311	41	1.000000
52339	52348	7	1.000000
52340	51943	1	0.016393
52341	51948	15	0.071429
52341	52215	4	0.019048
52342	52369	1	0.062500
52342	52266	2	0.125000
52342	52252	1	0.062500
52343	52049	5	0.013850
52343	52074	2	0.005540
52343	51985	18	0.049861
52344	52049	9	0.014107
52344	52234	3	0.004702
52344	51948	3	0.004702
52344	52014	3	0.004702
52344	52271	19	0.029781
52344	51985	3	0.004702
52344	52348	3	0.004702
52344	52350	3	0.004702
52346	51985	2	0.142857
52348	52225	121	0.058173
52348	52226	215	0.103365
52348	52233	1	0.000481
52348	52234	1	0.000481
52348	52235	1	0.000481
52348	52237	1	0.000481
52348	52238	1	0.000481
52348	52244	19	0.009135
52348	52245	1	0.000481
52348	52250	1	0.000481
52348	52251	1	0.000481
52348	52253	1	0.000481
52348	52256	1	0.000481
52348	52257	88	0.042308
52348	52258	1	0.000481
52348	52264	1	0.000481
52348	52265	1	0.000481
52348	52267	1	0.000481
52348	52268	293	0.140865
52348	52276	1	0.000481
52348	52282	1	0.000481
52348	52287	1	0.000481
52348	52293	406	0.195192
52348	52295	1	0.000481
52348	52297	1	0.000481
52348	52299	1	0.000481
52348	52302	1	0.000481
52348	52303	1	0.000481
52348	52310	1	0.000481
52348	52311	1	0.000481
52348	52317	1	0.000481
52348	52318	1	0.000481
52348	52320	1	0.000481
52348	52322	1	0.000481
52348	52324	1	0.000481
52348	52325	1	0.000481
52348	52326	1	0.000481
52348	52327	1	0.000481
52348	52332	1	0.000481
52348	52335	1	0.000481
52348	52337	1	0.000481
52348	52338	1	0.000481
52348	52339	1	0.000481
52348	52340	1	0.000481
52348	52347	1	0.000481
52348	52350	8	0.003846
52348	52351	422	0.202885
52348	52352	1	0.000481
52348	52353	1	0.000481
52348	52357	1	0.000481
52348	52362	82	0.039423
52348	52365	1	0.000481
52348	52366	2	0.000962
52348	52369	58	0.027885
52348	52370	1	0.000481
52348	52373	1	0.000481
52348	52375	1	0.000481
52348	52376	1	0.000481
52348	52379	1	0.000481
52348	52384	1	0.000481
52348	52385	235	0.112981
52348	52389	85	0.040865
52348	52390	1	0.000481
52348	51943	1	0.000481
52348	51945	1	0.000481
52348	51947	1	0.000481
52348	51948	181	0.087019
52348	51950	1	0.000481
52348	51953	1	0.000481
52348	51954	1	0.000481
52348	51955	66	0.031731
52348	51958	762	0.366346
52348	51963	1	0.000481
52348	51965	2	0.000962
52348	51966	1	0.000481
52348	51974	1	0.000481
52348	51975	116	0.055769
52348	51977	1	0.000481
52348	51982	1	0.000481
52348	51985	208	0.100000
52348	51988	1	0.000481
52348	51991	1	0.000481
52348	51994	1	0.000481
52348	51997	1	0.000481
52348	52000	1	0.000481
52348	52002	1	0.000481
52348	52004	1	0.000481
52348	52005	1	0.000481
52348	52007	1	0.000481
52348	52010	1	0.000481
52348	52014	159	0.076442
52348	52017	1	0.000481
52348	52018	1	0.000481
52348	52020	1	0.000481
52348	52021	1	0.000481
52348	52022	1	0.000481
52348	52023	1	0.000481
52348	52026	1	0.000481
52348	52031	1	0.000481
52348	52032	1	0.000481
52348	52035	1	0.000481
52348	52037	1	0.000481
52348	52038	1	0.000481
52348	52039	1	0.000481
52348	52042	1	0.000481
52348	52045	1	0.000481
52348	52047	1	0.000481
52348	52049	4	0.001923
52348	52051	1	0.000481
52348	52053	1	0.000481
52348	52060	1	0.000481
52348	52063	1	0.000481
52348	52064	1	0.000481
52348	52067	1	0.000481
52348	52074	538	0.258654
52348	52075	1	0.000481
52348	52076	1	0.000481
52348	52079	1	0.000481
52348	52081	1	0.000481
52348	52082	1	0.000481
52348	52084	1	0.000481
52348	52085	1	0.000481
52348	52086	1	0.000481
52348	52088	1	0.000481
52348	52089	1	0.000481
52348	52090	1	0.000481
52348	52091	1	0.000481
52348	52092	1	0.000481
52348	52093	1	0.000481
52348	52095	83	0.039904
52348	52096	3	0.001442
52348	52098	55	0.026442
52348	52099	148	0.071154
52348	52102	1	0.000481
52348	52104	1	0.000481
52348	52109	1	0.000481
52348	52111	1	0.000481
52348	52116	1	0.000481
52348	52119	2	0.000962
52348	52123	1	0.000481
52348	52126	1	0.000481
52348	52127	5	0.002404
52348	52128	1	0.000481
52348	52133	1	0.000481
52348	52134	24	0.011538
52348	52136	1	0.000481
52348	52137	588	0.282692
52348	52139	1	0.000481
52348	52140	1	0.000481
52348	52143	218	0.104808
52348	52144	59	0.028365
52348	52148	4265	2.050481
52348	52149	1	0.000481
52348	52150	1	0.000481
52348	52151	1	0.000481
52348	52156	1	0.000481
52348	52157	1	0.000481
52348	52158	1	0.000481
52348	52159	1	0.000481
52348	52160	1	0.000481
52348	52161	1	0.000481
52348	52163	81	0.038942
52348	52166	1	0.000481
52348	52168	1	0.000481
52348	52172	1	0.000481
52348	52175	1	0.000481
52348	52180	2	0.000962
52348	52182	1	0.000481
52348	52184	2	0.000962
52348	52186	1	0.000481
52348	52187	1	0.000481
52348	52188	1	0.000481
52348	52191	1	0.000481
52348	52192	1	0.000481
52348	52193	181	0.087019
52348	52195	8	0.003846
52348	52196	1	0.000481
52348	52202	1	0.000481
52348	52203	1	0.000481
52348	52204	1	0.000481
52348	52207	84	0.040385
52348	52208	1	0.000481
52348	52210	1	0.000481
52348	52214	1	0.000481
52348	52216	1	0.000481
52348	52218	1	0.000481
52348	52219	1	0.000481
52348	52220	51	0.024519
52350	52369	1	0.006452
52350	52348	618	3.987097
52350	52220	3	0.019355
52350	51985	4	0.025806
52351	52099	20	0.002631
52351	52137	7	0.000921
52351	52144	8	0.001052
52351	52369	1	0.000132
52351	52148	2	0.000263
52351	51958	25	0.003289
52351	52091	3	0.000395
52351	52348	15108	1.987372
52351	52095	6	0.000789
52352	52168	2	0.222222
52353	51985	2	0.153846
52353	52017	1	0.076923
52354	52202	2	0.060606
52355	52341	4	0.363636
52355	52351	2	0.181818
52356	51953	1	0.125000
52357	52032	1	0.007812
52357	51985	15	0.117188
52359	51985	82	1.000000
52359	52244	1	0.012195
52361	52275	1	0.002075
52362	52348	3	1.000000
52365	51944	2	0.014493
52365	51985	12	0.086957
52365	52244	1	0.007246
52365	52014	2	0.014493
52365	52167	2	0.014493
52366	52137	1	0.031250
52366	51985	2	0.062500
52366	52136	1	0.031250
52366	52244	1	0.031250
52366	51975	66	2.062500
52368	52348	430	0.986239
52369	52195	39	0.906977
52369	52348	212	4.930233
52372	52000	7	1.000000
52373	52244	1	0.024390
52374	52226	1	0.025641
52374	52299	2	0.051282
52374	52014	2	0.051282
52374	52145	1	0.025641
52374	52119	1	0.025641
52374	52351	4	0.102564
52375	52226	4	0.117647
52375	52309	1	0.029412
52376	52351	2	0.111111
52377	52074	3	0.005435
52377	52363	12	0.021739
52377	51948	3	0.005435
52377	52014	9	0.016304
52377	52207	3	0.005435
52377	52022	12	0.021739
52377	52095	3	0.005435
52377	52351	18	0.032609
52378	52310	1	0.019608
52378	52104	1	0.019608
52378	52111	1	0.019608
52378	52051	1	0.019608
52378	51958	2	0.039216
52378	52348	1	0.019608
52384	51985	2	0.018349
52384	52274	1	0.009174
52384	51942	1	0.009174
52384	52351	1	0.009174
52385	52193	2	0.018868
52385	52099	2	0.018868
52385	52257	1	0.009434
52385	52074	3	0.028302
52385	52014	1	0.009434
52385	51958	5	0.047170
52385	52348	211	1.990566
52387	52226	1	0.111111
52387	52262	4	0.444444
52387	52332	2	0.222222
52387	52014	1	0.111111
52387	52017	1	0.111111
52387	52351	3	0.333333
52388	52282	126	1.050000
52388	52204	121	1.008333
52388	52127	1	0.008333
52389	51958	6	0.101695
51941	52265	6416	3.785251
51941	52084	2032	1.198820
51941	51985	347	0.204720
51942	52257	5	0.185185
51942	52274	1	0.037037
51942	51948	4	0.148148
51942	51958	2	0.074074
51942	52095	2	0.074074
51944	52225	2	0.019608
51944	52167	2	0.019608
51944	52061	103	1.009804
51944	52365	1	0.009804
51945	51985	6	0.250000
51945	52023	1	0.041667
51946	51985	2	0.666667
51946	52306	2	0.666667
51946	52348	2	0.666667
51947	52257	4	0.102564
51947	52137	2	0.051282
51947	51948	5	0.128205
51947	52049	1	0.025641
51947	51958	1	0.025641
51947	52184	1	0.025641
51947	52348	1	0.025641
51948	52257	2	0.019417
51948	52098	16	0.155340
51948	52252	1	0.009709
51948	51947	1	0.009709
51948	52014	2	0.019417
51948	52180	1	0.009709
51948	51958	31	0.300971
51948	52348	197	1.912621
51948	52095	2	0.019417
51949	51985	7	0.875000
51950	52257	15	0.012594
51950	52226	3	0.002519
51950	52102	16	0.013434
51950	52137	3	0.002519
51950	52074	2	0.001679
51950	51948	14	0.011755
51950	52270	116	0.097397
51950	52268	1	0.000840
51950	52369	7	0.005877
51950	51955	1	0.000840
51950	52014	2	0.001679
51950	52184	7	0.005877
51950	52348	10	0.008396
51950	52126	3	0.002519
51950	52351	6	0.005038
51953	51985	2	0.058824
51955	52225	1	0.009259
51955	52293	1	0.009259
51955	51975	4	0.037037
51955	52137	4	0.037037
51955	52074	4	0.037037
51955	51948	1	0.009259
51955	52144	5	0.046296
51955	52148	1	0.009259
51955	52348	537	4.972222
51956	51985	2	0.222222
51958	52348	6	0.857143
51958	51965	1	0.142857
51960	52175	1	0.015385
51963	51985	1	0.125000
51964	52081	4	0.006135
51965	52184	9	1.000000
51965	52362	9	1.000000
51965	52348	45	5.000000
51965	52389	9	1.000000
51966	52137	175	1.422764
51966	52099	1	0.008130
51966	52214	15	0.121951
51966	52049	16	0.130081
51968	51985	2	1.000000
51970	52099	1327	2.207987
51970	51958	68	0.113145
51970	52207	6	0.009983
51970	52362	2	0.003328
51970	52143	79	0.131448
51970	52051	2	0.003328
51970	52148	2	0.003328
51970	52310	2	0.003328
51970	52111	2	0.003328
51970	52348	3089	5.139767
51970	52163	2	0.003328
51970	52389	2	0.003328
51972	52351	12	0.428571
51973	52203	2	0.052632
51975	52193	2	0.011299
51975	52136	1	0.005650
51975	52137	2	0.011299
51975	52074	57	0.322034
51975	52268	3	0.016949
51975	52014	1	0.005650
51975	52111	1	0.005650
51975	51985	3	0.016949
51975	52310	1	0.005650
51975	52348	677	3.824859
51976	52227	2	0.013889
51976	52092	2	0.013889
51978	52340	3	0.012658
51978	52127	2	0.008439
51980	51985	9	3.000000
51983	52226	6	0.007326
51983	52131	19	0.023199
51983	52293	6	0.007326
51983	52369	6	0.007326
51983	52268	6	0.007326
51983	52079	6	0.007326
51983	51985	6	0.007326
51983	52099	6	0.007326
51983	52148	6	0.007326
51983	51958	12	0.014652
51983	52155	6	0.007326
51983	52348	6	0.007326
51984	51945	3	0.230769
51985	52257	1	0.002833
51985	52137	15	0.042493
51985	52074	2	0.005666
51985	51983	1	0.002833
51985	52244	2	0.005666
51985	51958	300	0.849858
51985	52347	2	0.005666
51985	52348	1074	3.042493
51985	52351	3	0.008499
51986	51980	267	1.700637
51988	52244	1	0.018868
51990	52351	8	0.117647
51992	52083	11	1.000000
51993	52009	31	3.875000
51993	52050	1	0.125000
51993	52203	1	0.125000
51993	52122	1	0.125000
51993	51985	10	1.250000
51994	51985	168	0.308257
51996	52193	2	1.000000
51996	52348	8	4.000000
51997	51985	10	0.285714
51998	52293	38	1.151515
51998	52074	1	0.030303
51998	51948	1	0.030303
51998	52014	3	0.090909
51998	52143	2	0.060606
51998	51958	1	0.030303
51998	52095	1	0.030303
51999	52137	1	0.022222
51999	52226	4	0.088889
52000	52226	3	0.004545
52002	52192	1	0.033333
52002	51985	6	0.200000
52002	52244	1	0.033333
52002	52206	1	0.033333
52005	51948	1	0.017857
52007	51985	2	0.105263
52009	51985	8	1.000000
52009	52050	2	0.250000
52009	52203	2	0.250000
52009	52122	2	0.250000
52010	51985	2	0.045455
52010	52244	1	0.022727
52011	52049	2	0.009950
52011	52340	2	0.009950
52011	52111	2	0.009950
52012	52193	5	0.070423
52012	52226	50	0.704225
52012	52257	50	0.704225
52012	52137	54	0.760563
52012	52074	51	0.718310
52012	51975	50	0.704225
52012	51948	50	0.704225
52012	52098	50	0.704225
52012	52014	53	0.746479
52012	52144	47	0.661972
52012	51985	50	0.704225
52012	51955	50	0.704225
52012	52220	50	0.704225
52012	52095	50	0.704225
52012	52348	211	2.971831
52012	52351	50	0.704225
52014	52099	2	0.009901
52014	51985	2	0.009901
52014	51948	5	0.024752
52014	52144	193	0.955446
52014	52049	8	0.039604
52014	52242	1	0.004950
52014	51958	1	0.004950
52014	52348	1188	5.881188
52016	52312	4	0.026846
52016	51985	18	0.120805
52016	52351	1	0.006711
52017	52256	1	0.001473
52017	52268	5	0.007364
52017	52109	3	0.004418
52017	52143	1	0.001473
52017	51985	1	0.001473
52017	52244	4	0.005891
52017	52148	1	0.001473
52019	52091	1	0.003597
52019	52020	1	0.003597
52020	52019	2	0.005362
52020	52137	2	0.005362
52020	52091	6	0.016086
52020	52254	4	0.010724
52021	51985	3	0.150000
52022	51985	1	0.062500
52023	51985	3	0.111111
52025	52257	1	0.002907
52025	52226	1	0.002907
52025	52348	1	0.002907
52025	52182	23	0.066860
52025	51985	1	0.002907
52029	52257	3	0.004666
52029	52195	3	0.004666
52029	52389	3	0.004666
52029	52230	5	0.007776
52029	52252	1	0.001555
52029	52266	1	0.001555
52029	51948	3	0.004666
52029	52014	3	0.004666
52029	52207	3	0.004666
52029	52137	2	0.003110
52029	52242	1	0.001555
52029	52099	2	0.003110
52029	52148	4	0.006221
52029	52310	3	0.004666
52029	52279	1	0.001555
52029	52184	9	0.013997
52029	52143	3	0.004666
52029	52348	3	0.004666
52029	52157	9	0.013997
52029	52293	1	0.001555
52029	52351	3	0.004666
52031	51985	4	0.049383
52031	52090	3	0.037037
52034	51985	3	0.200000
52035	51985	4	0.066667
52036	51948	1	0.166667
52036	52070	6	1.000000
52037	51985	8	0.727273
52037	51990	1	0.090909
52039	51985	2	0.117647
52040	52257	5	0.004219
52040	52235	24	0.020253
52040	52014	2	0.001688
52040	51985	1	0.000844
52040	52217	2	0.001688
52040	52348	9	0.007595
52040	52286	1	0.000844
52042	52351	2	0.009615
52042	52014	2	0.009615
52042	52239	2	0.009615
52044	52151	12	0.006853
52045	52089	6	0.012422
52045	52268	2	0.004141
52046	51953	2	0.054054
52047	51985	6	0.428571
52048	51985	2	0.086957
52050	52122	4	0.142857
52050	52348	3	0.107143
52050	51973	3	0.107143
52050	52014	1	0.035714
52052	51985	12	6.000000
52052	52036	6	3.000000
52052	52070	2	1.000000
52054	52354	766	0.653584
52054	52291	766	0.653584
52054	52388	766	0.653584
52054	52229	766	0.653584
52054	52011	766	0.653584
52054	52234	792	0.675768
52054	52171	766	0.653584
52054	52268	778	0.663823
52054	52049	766	0.653584
52054	52259	766	0.653584
52054	51958	1528	1.303754
52054	52087	766	0.653584
52054	52344	766	0.653584
52054	52153	766	0.653584
52054	51966	766	0.653584
52055	52289	1	0.034483
52057	51985	2	0.153846
52058	51944	1	0.166667
52058	52142	1	0.166667
52058	52167	3	0.500000
52060	51985	2	0.045455
52061	52099	38	0.089623
52061	52169	2	0.004717
52061	52074	2	0.004717
52061	52143	2	0.004717
52061	51958	2	0.004717
52061	52137	4	0.009434
52061	52348	4	0.009434
52063	52023	34	1.700000
52065	52096	19	0.065744
52065	52099	2	0.006920
52065	52102	19	0.065744
52065	51975	1	0.003460
52065	51977	1	0.003460
52065	52234	33	0.114187
52065	52109	14	0.048443
52065	51982	14	0.048443
52065	52116	14	0.048443
52065	52375	14	0.048443
52065	52376	19	0.065744
52065	52252	1	0.003460
52065	52127	130	0.449827
52065	52128	19	0.065744
52065	52230	5	0.017301
52065	52266	1	0.003460
52065	52148	4	0.013841
52065	52086	19	0.065744
52065	52150	14	0.048443
52065	52279	1	0.003460
52065	52276	14	0.048443
52065	52026	14	0.048443
52065	52029	1	0.003460
52065	52158	14	0.048443
52065	52032	19	0.065744
52065	52000	14	0.048443
52065	52293	1033	3.574394
52065	52042	19	0.065744
52065	52045	19	0.065744
52065	52049	32	0.110727
52065	52289	1	0.003460
52065	52180	14	0.048443
52065	52188	19	0.065744
52065	52317	14	0.048443
52065	52063	14	0.048443
52065	52194	1	0.003460
52065	52326	19	0.065744
52065	52074	456	1.577855
52065	51947	26	0.089965
52065	51950	19	0.065744
52065	52080	1	0.003460
52065	52337	19	0.065744
52065	51955	1	0.003460
52065	51958	65	0.224913
52065	52020	14	0.048443
52065	52088	14	0.048443
52065	52090	14	0.048443
52065	52091	14	0.048443
52065	52348	1	0.003460
52065	52093	32	0.110727
52065	51966	14	0.048443
52067	51985	3	0.187500
52067	52244	1	0.062500
52068	52225	3	0.004261
52068	52226	16	0.022727
52068	52099	2	0.002841
52068	51975	2	0.002841
52068	52362	2	0.002841
52068	52111	3	0.004261
52068	51998	1	0.001420
52068	52257	1	0.001420
52068	52389	2	0.002841
52068	52137	2	0.002841
52068	52268	2	0.002841
52068	52014	2	0.002841
52068	52148	4	0.005682
52068	52163	2	0.002841
52068	52293	2	0.002841
52068	52051	3	0.004261
52068	52310	3	0.004261
52068	52193	2	0.002841
52068	52322	4	0.005682
52068	51948	3	0.004261
52068	52207	2	0.002841
52068	51958	4	0.005682
52068	52348	21	0.029830
52068	52351	14	0.019886
52069	52348	2	0.017241
52070	51948	2	0.500000
52070	52036	40	10.000000
52071	52074	1	0.018182
52073	51985	1	1.000000
52073	51957	1	1.000000
52074	52293	2	0.002635
52074	51975	36	0.047431
52074	52137	15	0.019763
52074	52268	1	0.001318
52074	52207	2	0.002635
52074	52144	2	0.002635
52074	52348	2976	3.920949
52074	51955	3	0.003953
52074	51958	705	0.928854
52074	52220	2	0.002635
52074	51985	2	0.002635
52075	51985	1	0.045455
52077	52268	1	0.031250
52077	52159	1	0.031250
52079	52321	6	0.010811
52079	52099	5	0.009009
52079	52293	3	0.005405
52079	52137	12	0.021622
52079	52074	18	0.032432
52079	51948	15	0.027027
52079	52014	4	0.007207
52079	52143	3	0.005405
52079	52131	6	0.010811
52079	52148	6	0.010811
52079	52378	6	0.010811
52079	52348	7	0.012613
52079	52330	3	0.005405
52080	52119	1	0.012346
52081	51985	2	0.200000
52081	51964	5	0.500000
52082	51985	7	0.318182
52084	52137	3	0.009231
52084	52127	1	0.003077
52084	52244	1	0.003077
52084	52268	2	0.006154
52085	52257	52	0.083067
52085	52252	1	0.001597
52085	52293	39	0.062300
52085	52230	1	0.001597
52085	52071	1	0.001597
52085	52201	3	0.004792
52085	52074	8	0.012780
52085	52215	1	0.001597
52085	51948	2	0.003195
52085	52014	2	0.003195
52085	52273	4	0.006390
52085	52242	20	0.031949
52085	52307	2	0.003195
52085	51958	3	0.004792
52085	52137	5	0.007987
52085	52312	3	0.004792
52085	52145	1	0.001597
52085	52348	4	0.006390
52085	52095	28	0.044728
52086	52032	2	0.005333
52086	52377	2	0.005333
52086	52226	1	0.002667
52086	52351	2	0.005333
52087	52160	1	0.027027
52087	52192	1	0.027027
52087	52084	1	0.027027
52087	52216	1	0.027027
52087	52282	1	0.027027
52087	52123	1	0.027027
52087	52348	67	1.810811
52087	52127	68	1.837838
52088	52257	1	0.012346
52088	52099	1	0.012346
52088	52293	1	0.012346
52088	52137	2	0.024691
52088	51948	7	0.086420
52088	52143	1	0.012346
52088	52150	1	0.012346
52088	52348	2	0.024691
52088	52127	1	0.012346
52089	51985	1	0.005464
52090	52075	1	0.001639
52090	52268	2	0.003279
52090	52014	1	0.001639
52090	51982	1	0.001639
52090	52351	3	0.004918
52091	52137	2	0.071429
52091	52019	202	7.214286
52091	52244	1	0.035714
52091	52020	4	0.142857
52091	52348	1	0.035714
52092	51985	3	0.200000
52095	52193	4	0.007505
52095	52131	1	0.001876
52095	52257	9	0.016886
52095	52167	1	0.001876
52095	52252	1	0.001876
52095	51948	6	0.011257
52095	52109	1	0.001876
52095	52142	1	0.001876
52095	52207	1	0.001876
52095	52144	1050	1.969981
52095	52049	1	0.001876
52095	52242	1	0.001876
52095	52014	1	0.001876
52095	51958	174	0.326454
52095	52279	1	0.001876
52095	52080	1	0.001876
52095	52314	1	0.001876
52095	52091	1	0.001876
52095	52348	2635	4.943715
52095	52351	4	0.007505
52096	52351	5	0.166667
52098	52193	14	0.070352
52098	52163	6	0.030151
52098	52385	1	0.005025
52098	52134	115	0.577889
52098	52167	2	0.010050
52098	52225	1	0.005025
52098	52137	1	0.005025
52098	52074	1	0.005025
52098	51948	3	0.015075
52098	52014	2	0.010050
52098	52144	1	0.005025
52098	51985	1	0.005025
52098	51958	2	0.010050
52098	52348	362	1.819095
52098	52351	2	0.010050
52099	52385	593	0.991639
52099	52226	368	0.615385
52099	52257	30	0.050167
52099	52268	30	0.050167
52099	52137	2	0.003344
52099	52266	2	0.003344
52099	52351	1	0.001672
52099	51948	135	0.225753
52099	52014	4	0.006689
52099	52143	368	0.615385
52099	51975	30	0.050167
52099	52209	2	0.003344
52099	52242	2	0.003344
52099	52085	1	0.001672
52099	51958	262	0.438127
52099	52279	2	0.003344
52099	52207	5	0.008361
52099	52348	3	0.005017
52099	52029	1	0.001672
52099	52341	3	0.005017
52100	52017	1	0.006494
52100	51958	1	0.006494
52100	51985	1	0.006494
52101	52256	23	0.123656
52101	52194	22	0.118280
52101	52106	22	0.118280
52102	52257	1	0.004444
52102	52014	2	0.008889
52102	52099	4	0.017778
52102	52293	1	0.004444
52102	51948	1	0.004444
52102	52074	2	0.008889
52102	52351	2	0.008889
52102	52268	3	0.013333
52102	51950	235	1.044444
52102	52143	1	0.004444
52102	52270	1	0.004444
52102	52095	2	0.008889
52102	52127	1	0.004444
52103	52137	1	0.040000
52103	52148	1	0.040000
52104	52084	1	0.016393
52104	51985	5	0.081967
52104	52095	1	0.016393
52104	52148	1	0.016393
52104	52217	2	0.032787
52105	52193	2	1.000000
52105	52348	8	4.000000
52106	52312	2	0.028169
52106	52369	1	0.014085
52106	52242	1423	20.042254
52106	52119	1	0.014085
52107	51985	210	0.995261
52107	52150	1	0.004739
52108	52226	5	0.072464
52108	52244	1	0.014493
52108	52350	1	0.014493
52108	51950	1	0.014493
52108	52007	1	0.014493
52109	52257	3	0.003308
52109	52180	15	0.016538
52114	52075	114	0.966102
52116	51948	1	0.025000
52116	52324	3	0.075000
52118	52348	2	1.000000
52119	52144	2	0.000375
52119	52226	1	0.000187
52119	52163	1	0.000187
52119	52134	3	0.000562
52119	51975	1	0.000187
52119	52137	4	0.000749
52119	52266	1	0.000187
52119	52268	1	0.000187
52119	52014	2	0.000375
52119	52080	4	0.000749
52119	51985	20	0.003747
52119	52242	2	0.000375
52119	52244	127	0.023792
52119	52206	1	0.000187
52119	51958	1	0.000187
52119	52184	4	0.000749
52119	52217	1	0.000187
52119	52350	6	0.001124
52119	52351	3	0.000562
52121	52376	8	0.400000
52122	52050	1	0.010526
52122	52014	9	0.094737
52123	51985	2	0.047619
52126	51985	5	0.067568
52126	52095	1	0.013514
52126	52270	1	0.013514
52126	52351	1	0.013514
52127	52014	6	0.750000
52127	52143	3	0.375000
52131	52257	2	0.002006
52131	52079	6	0.006018
52131	51948	1	0.001003
52131	52137	7	0.007021
52131	52074	1	0.001003
52131	52268	7	0.007021
52131	52014	6	0.006018
52131	51983	23	0.023069
52131	52369	1	0.001003
52131	52050	3	0.003009
52131	52244	1	0.001003
52131	52155	8	0.008024
52131	52351	1	0.001003
52132	52251	10	0.357143
52132	52180	1	0.035714
52134	52348	115	3.593750
52134	51958	1	0.031250
52135	51985	1	0.045455
52135	52369	1	0.045455
52136	52225	1	0.017544
52136	52099	1	0.017544
52136	52102	2	0.035088
52136	51975	243	4.263158
52136	52366	2	0.035088
52136	51985	7	0.122807
52136	52244	230	4.035088
52136	52014	1	0.017544
52136	52119	1	0.017544
52136	52126	61	1.070175
52136	52134	1	0.017544
52136	52137	1	0.017544
52136	52268	1	0.017544
52136	52270	5	0.087719
52136	52144	2	0.035088
52136	52156	1	0.017544
52136	52184	1	0.017544
52136	52074	2	0.035088
52136	51948	1	0.017544
52136	51950	1	0.017544
52136	52348	2	0.035088
52136	52351	5	0.087719
52137	52144	1	0.001060
52137	52095	2	0.002121
52137	52293	1	0.001060
52137	51985	3	0.003181
52137	52074	184	0.195122
52137	51975	1	0.001060
52137	52268	116	0.123012
52137	52257	5	0.005302
52137	52366	1	0.001060
52137	52079	1	0.001060
52137	52084	2	0.002121
52137	52369	8	0.008484
52137	52180	1	0.001060
52137	52085	1	0.001060
52137	51958	324	0.343584
52137	52244	2	0.002121
52137	52191	1	0.001060
52137	52348	3732	3.957582
52137	52351	3	0.003181
52137	52127	1	0.001060
52138	52192	1	0.015385
52138	52018	2	0.030769
52139	51948	2	0.105263
52139	52237	1	0.052632
52142	52143	1	0.023810
52142	52167	2	0.047619
52143	52099	1336	2.165316
52143	51958	68	0.110211
52143	52362	2	0.003241
52143	52111	2	0.003241
52143	52051	2	0.003241
52143	52148	2	0.003241
52143	52310	2	0.003241
52143	52207	6	0.009724
52143	52348	3107	5.035656
52143	52163	2	0.003241
52143	52389	2	0.003241
52144	52193	32	1.280000
52144	52348	100	4.000000
52144	51958	8	0.320000
52145	52137	12	0.055814
52145	52095	2	0.009302
52145	52143	4	0.018605
52148	52293	1	0.002865
52148	51975	4	0.011461
52148	52137	2	0.005731
52148	52074	11	0.031519
52148	51958	9	0.025788
52148	52348	808	2.315186
52149	51985	3	0.057692
52150	51948	2	0.285714
52150	52099	2	0.285714
52150	52268	3	0.428571
52153	52348	1	0.009434
52155	51985	2	1.000000
52156	51985	2	0.005618
52156	52074	1	0.002809
52157	51985	43	0.158672
52157	51975	1	0.003690
52160	51985	17	0.170000
52161	51985	1	0.035714
52161	52014	1	0.035714
52161	52119	1	0.035714
52162	51985	9	0.087379
52163	52144	1	0.071429
52163	52193	8	0.571429
52163	52348	30	2.142857
52163	52225	2	0.142857
52165	51992	1	0.071429
52166	51985	25	0.320513
52166	51994	1	0.012821
52167	52257	3	0.005703
52167	52017	1	0.001901
52167	51943	401	0.762357
52167	51944	1	0.001901
52167	52074	3	0.005703
52167	52267	1	0.001901
52167	51948	15	0.028517
52167	52142	401	0.762357
52167	52369	399	0.758555
52167	52148	1	0.001901
52167	51958	2	0.003802
52167	52351	1	0.001901
52167	52348	404	0.768061
52167	52061	1	0.001901
52167	52095	1	0.001901
52169	52137	14	0.350000
52169	52074	1	0.025000
52169	51948	1	0.025000
52169	52277	1	0.025000
52169	51958	2	0.050000
52169	52348	3	0.075000
52169	52021	1	0.025000
52172	51985	128	1.802817
52176	52353	1	0.200000
52179	52084	1	0.018519
52179	52133	1	0.018519
52180	52132	54	0.658537
52180	52137	4	0.048780
52180	52109	1	0.012195
52180	52014	1	0.012195
52180	52143	2	0.024390
52180	51958	3	0.036585
52180	52348	54	0.658537
52180	52095	2	0.024390
52182	52312	1	0.021277
52182	52025	4	0.085106
52182	52084	1	0.021277
52182	52017	1	0.021277
52182	52217	1	0.021277
52183	52329	3	0.011952
52183	51948	1	0.003984
52183	52351	6	0.023904
52184	52348	1	0.006579
52184	51965	1	0.006579
52184	51958	4	0.026316
52187	51985	46	0.958333
52187	52244	47	0.979167
52188	52219	2	0.012739
52189	52128	1	0.012500
52189	51964	1	0.012500
52189	51951	1	0.012500
52189	52337	1	0.012500
52189	52377	1	0.012500
52189	52188	1	0.012500
52192	52194	129	0.745665
52192	52268	1	0.005780
52193	52225	18	0.339623
52193	52099	1	0.018868
52193	52268	1	0.018868
52193	52144	3	0.056604
52193	51958	5	0.094340
52193	52348	84	1.584906
52195	52369	16	1.600000
52195	52348	30	3.000000
52195	52350	4	0.400000
52199	52193	2	1.000000
52199	52348	8	4.000000
52201	52242	1	0.001195
52201	52085	1	0.001195
52201	52230	1	0.001195
52201	52335	1	0.001195
52202	51985	4	0.071429
52207	51977	1	0.003774
52207	52348	265	1.000000
52207	51958	1	0.003774
52209	52076	6	0.034091
52210	51985	7	0.134615
52210	52317	2	0.038462
52210	52369	1	0.019231
52211	52217	2	1.000000
52214	51985	1	0.166667
52214	51966	2	0.333333
52215	52257	1	0.022222
52215	52137	27	0.600000
52215	52074	1	0.022222
52215	52268	1	0.022222
52215	52014	1	0.022222
52215	51985	4	0.088889
52215	52341	1	0.022222
52215	52095	1	0.022222
52216	51985	12	0.027972
52219	52264	2	0.009302
52219	51985	215	1.000000
52220	52206	1	0.027027
52220	52369	2	0.054054
52220	51958	60	1.621622
52220	52014	1	0.027027
52221	52348	47	0.431193
