Src	Trg	LinkCount	RelLinkCount
60928	61048	4	0.000452
60928	61043	9	0.001016
60928	60989	579093	65.404676
60928	60741	3	0.000339
60928	60805	2	0.000226
60929	61048	4	0.000460
60929	61043	9	0.001034
60929	60989	569248	65.408250
60929	60741	3	0.000345
60929	60805	2	0.000230
60930	61048	4	0.000451
60930	61043	9	0.001016
60930	60989	579548	65.404356
60930	60741	3	0.000339
60930	60805	2	0.000226
60931	60805	21	0.046875
60931	60845	1	0.002232
60931	61043	2	0.004464
60931	61141	1	0.002232
60931	61048	1	0.002232
60931	61082	1	0.002232
60932	61125	2	0.016529
60932	60923	77	0.636364
60932	60789	1	0.008264
60932	60775	1	0.008264
60933	61125	1	0.013889
60933	60805	1	0.013889
60933	60814	3	0.041667
60933	60915	1	0.013889
60933	61151	70	0.972222
60933	60956	1	0.013889
60933	60829	1	0.013889
60933	60895	1	0.013889
60934	61081	398	1.000000
60934	60900	799	2.007538
60934	61037	398	1.000000
60934	61095	398	1.000000
60935	60800	2478	0.819444
60935	60801	2472	0.817460
60935	60805	24	0.007937
60935	60939	2476	0.818783
60935	61068	2478	0.819444
60935	60824	2478	0.819444
60935	60958	2478	0.819444
60935	60959	2478	0.819444
60935	60962	2478	0.819444
60935	60870	2478	0.819444
60935	60967	2478	0.819444
60935	60970	2478	0.819444
60935	61104	2478	0.819444
60935	60851	2478	0.819444
60935	60981	2478	0.819444
60935	60855	2478	0.819444
60935	60856	17642	5.833995
60935	60857	2472	0.817460
60935	60987	2478	0.819444
60935	60988	2478	0.819444
60935	60742	2478	0.819444
60935	61127	2472	0.817460
60935	60747	2493	0.824405
60935	61140	2483	0.821098
60935	60885	2478	0.819444
60935	60760	2478	0.819444
60935	60893	2478	0.819444
60935	60766	2478	0.819444
60935	60895	2	0.000661
60935	61153	2478	0.819444
60935	61026	2483	0.821098
60935	61029	2482	0.820767
60935	61034	2478	0.819444
60935	60908	2478	0.819444
60935	60783	2484	0.821429
60935	60785	2478	0.819444
60935	60914	2484	0.821429
60935	61043	4	0.001323
60935	60778	2478	0.819444
60935	61141	2	0.000661
60936	60838	3	1.000000
60941	60833	35	0.686275
60942	60805	1	1.000000
60944	61089	9	0.036885
60944	61125	19	0.077869
60944	61006	2	0.008197
60944	60784	1	0.004098
60944	61043	242	0.991803
60944	61147	1	0.004098
60946	60805	349	0.742553
60947	61059	1	0.004717
60947	61125	15	0.070755
60947	60911	1	0.004717
60947	61106	1	0.004717
60947	61043	58	0.273585
60947	60854	2	0.009434
60947	61147	1	0.004717
60948	60992	1	0.006329
60948	60816	1	0.006329
60948	61147	1	0.006329
60948	61125	4	0.025316
60948	60966	1	0.006329
60948	60809	116	0.734177
60948	61134	1	0.006329
60948	61135	1	0.006329
60948	60784	1	0.006329
60948	61043	3	0.018987
60948	61006	2	0.012658
60948	60826	1	0.006329
60948	61107	1	0.006329
60948	60956	2	0.012658
60950	60833	35	0.686275
60951	60805	1	0.005051
60951	61043	179	0.904040
60951	60765	179	0.904040
60951	60749	179	0.904040
60952	61043	4	0.019417
60953	60738	1	0.003731
60953	60990	2	0.007463
60953	60772	1	0.003731
60953	61125	8	0.029851
60953	60775	334	1.246269
60953	60845	1	0.003731
60953	61070	1	0.003731
60953	60816	106	0.395522
60953	61074	1	0.003731
60953	61043	9	0.033582
60953	60789	1	0.003731
60953	60932	1	0.003731
60953	60922	2	0.007463
60953	61092	1	0.003731
60953	60924	2	0.007463
60953	61022	2	0.007463
60953	60805	2	0.007463
60954	60894	1	0.058824
60954	61054	1	0.058824
60956	60944	1	0.027027
60956	60898	1	0.027027
60956	60843	1	0.027027
60956	60845	1	0.027027
60956	60750	1	0.027027
60956	60816	29	0.783784
60956	60850	1	0.027027
60956	60948	1	0.027027
60956	61141	1	0.027027
60956	61048	1	0.027027
60956	61154	1	0.027027
60956	61149	1	0.027027
60957	61125	3	0.750000
60957	61007	4	1.000000
60958	60800	1848	0.772898
60958	60801	1842	0.770389
60958	60805	14	0.005855
60958	60935	1848	0.772898
60958	60939	1846	0.772062
60958	61068	1848	0.772898
60958	60824	1848	0.772898
60958	60959	1848	0.772898
60958	60962	1848	0.772898
60958	60870	1848	0.772898
60958	60967	1848	0.772898
60958	60970	1848	0.772898
60958	61104	1848	0.772898
60958	60851	1848	0.772898
60958	60981	1848	0.772898
60958	60855	1848	0.772898
60958	60856	16443	6.877039
60958	60857	1842	0.770389
60958	60987	1848	0.772898
60958	60988	1848	0.772898
60958	60742	1848	0.772898
60958	61127	1842	0.770389
60958	60747	1860	0.777917
60958	61140	1852	0.774571
60958	60885	1848	0.772898
60958	60760	1848	0.772898
60958	60893	1848	0.772898
60958	60766	1848	0.772898
60958	60895	2	0.000836
60958	61153	1848	0.772898
60958	61026	1852	0.774571
60958	61029	1851	0.774153
60958	61034	1848	0.772898
60958	60908	1848	0.772898
60958	60783	1854	0.775408
60958	60785	1848	0.772898
60958	60914	1854	0.775408
60958	61043	1	0.000418
60958	60778	1848	0.772898
60958	61141	2	0.000836
60959	60800	2112	0.803347
60959	60801	2104	0.800304
60959	60805	20	0.007607
60959	60935	2112	0.803347
60959	60939	2110	0.802587
60959	61068	2112	0.803347
60959	60824	2112	0.803347
60959	60958	2112	0.803347
60959	60962	2112	0.803347
60959	60870	2112	0.803347
60959	60967	2112	0.803347
60959	60970	2112	0.803347
60959	61104	2112	0.803347
60959	60851	2112	0.803347
60959	60981	2112	0.803347
60959	60855	2112	0.803347
60959	60856	22247	8.462153
60959	60857	2104	0.800304
60959	60987	2112	0.803347
60959	60988	2112	0.803347
60959	60742	2112	0.803347
60959	61127	2104	0.800304
60959	60747	2127	0.809053
60959	61140	2117	0.805249
60959	60885	2112	0.803347
60959	60760	2112	0.803347
60959	60893	2112	0.803347
60959	60766	2112	0.803347
60959	60895	3	0.001141
60959	61153	2112	0.803347
60959	61026	2117	0.805249
60959	61029	2116	0.804869
60959	61034	2112	0.803347
60959	60908	2112	0.803347
60959	60783	2120	0.806390
60959	60785	2112	0.803347
60959	60914	2120	0.806390
60959	61043	1	0.000380
60959	60778	2112	0.803347
60959	61141	3	0.001141
60960	60826	4	0.075472
60960	60805	2	0.037736
60960	61125	9	0.169811
60961	61054	6	0.315789
60962	60800	4347	0.844898
60962	60801	4339	0.843343
60962	60805	20	0.003887
60962	60935	4347	0.844898
60962	60939	4345	0.844509
60962	61068	4347	0.844898
60962	60824	4347	0.844898
60962	60958	4347	0.844898
60962	60959	4347	0.844898
60962	60870	4347	0.844898
60962	60967	4347	0.844898
60962	60970	4347	0.844898
60962	61104	4347	0.844898
60962	60851	4347	0.844898
60962	60981	4347	0.844898
60962	60855	4347	0.844898
60962	60856	42858	8.330029
60962	60857	4339	0.843343
60962	60987	4347	0.844898
60962	60988	4347	0.844898
60962	60742	4347	0.844898
60962	61127	4339	0.843343
60962	60747	4362	0.847813
60962	61140	4352	0.845870
60962	60885	4347	0.844898
60962	60760	4347	0.844898
60962	60893	4347	0.844898
60962	60766	4347	0.844898
60962	60895	3	0.000583
60962	61153	4347	0.844898
60962	61026	4352	0.845870
60962	61029	4351	0.845675
60962	61034	4347	0.844898
60962	60908	4347	0.844898
60962	60783	4355	0.846453
60962	60785	4347	0.844898
60962	60914	4355	0.846453
60962	61043	1	0.000194
60962	60778	4347	0.844898
60962	61141	3	0.000583
60963	60805	7	0.008706
60963	60903	8	0.009950
60963	60748	3	0.003731
60963	60816	2	0.002488
60963	61074	4	0.004975
60963	61043	6	0.007463
60963	60756	108	0.134328
60963	61107	2	0.002488
60963	60826	2	0.002488
60963	60859	4	0.004975
60963	60926	5	0.006219
60963	61125	75	0.093284
60964	60993	2	0.002491
60964	60738	5	0.006227
60964	61125	9	0.011208
60964	60784	3	0.003736
60964	60850	16	0.019925
60964	61043	39	0.048568
60964	60756	5	0.006227
60964	61141	3	0.003736
60964	61079	2	0.002491
60964	60921	2	0.002491
60964	60956	2	0.002491
60966	60915	12	2.400000
60967	60800	1785	0.777778
60967	60801	1778	0.774728
60967	60805	22	0.009586
60967	60935	1785	0.777778
60967	60939	1782	0.776471
60967	61068	1785	0.777778
60967	60824	1785	0.777778
60967	60958	1785	0.777778
60967	60959	1785	0.777778
60967	60962	1785	0.777778
60967	60870	1785	0.777778
60967	60970	1785	0.777778
60967	61104	1785	0.777778
60967	60851	1785	0.777778
60967	60981	1785	0.777778
60967	60855	1785	0.777778
60967	60856	16298	7.101525
60967	60857	1778	0.774728
60967	60987	1785	0.777778
60967	60988	1785	0.777778
60967	60742	1785	0.777778
60967	61127	1778	0.774728
60967	60747	1800	0.784314
60967	61140	1790	0.779956
60967	60885	1785	0.777778
60967	60760	1785	0.777778
60967	60893	1785	0.777778
60967	60766	1785	0.777778
60967	60895	3	0.001307
60967	61153	1785	0.777778
60967	61026	1790	0.779956
60967	61029	1789	0.779521
60967	61034	1785	0.777778
60967	60908	1785	0.777778
60967	60783	1792	0.780828
60967	60785	1785	0.777778
60967	60914	1792	0.780828
60967	60778	1785	0.777778
60967	61141	2	0.000871
60969	61125	2	0.001847
60969	60784	3	0.002770
60969	61074	2	0.001847
60969	61043	3	0.002770
60969	60788	1	0.000923
60969	60759	3	0.002770
60969	61082	1	0.000923
60969	60830	3	0.002770
60970	60800	1685	0.766257
60970	60801	1679	0.763529
60970	60805	14	0.006367
60970	60935	1685	0.766257
60970	60939	1683	0.765348
60970	61068	1685	0.766257
60970	60824	1685	0.766257
60970	60958	1685	0.766257
60970	60959	1685	0.766257
60970	60962	1685	0.766257
60970	60870	1685	0.766257
60970	60967	1685	0.766257
60970	61104	1685	0.766257
60970	60851	1685	0.766257
60970	60981	1685	0.766257
60970	60855	1685	0.766257
60970	60856	16264	7.396089
60970	60857	1679	0.763529
60970	60987	1685	0.766257
60970	60988	1685	0.766257
60970	60742	1685	0.766257
60970	61127	1679	0.763529
60970	60747	1697	0.771714
60970	61140	1689	0.768076
60970	60885	1685	0.766257
60970	60760	1685	0.766257
60970	60893	1685	0.766257
60970	60766	1685	0.766257
60970	60895	2	0.000910
60970	61153	1685	0.766257
60970	61026	1689	0.768076
60970	61029	1688	0.767622
60970	61034	1685	0.766257
60970	60908	1685	0.766257
60970	60783	1691	0.768986
60970	60785	1685	0.766257
60970	60914	1691	0.768986
60970	61043	1	0.000455
60970	60778	1685	0.766257
60970	61141	2	0.000910
60974	60792	40	0.108401
60974	61043	36	0.097561
60974	60859	1	0.002710
60975	60980	10000	100.000000
60979	60944	1	0.027027
60979	60898	1	0.027027
60979	60843	1	0.027027
60979	61154	1	0.027027
60979	60750	1	0.027027
60979	60845	1	0.027027
60979	60816	29	0.783784
60979	60850	1	0.027027
60979	60948	1	0.027027
60979	61141	1	0.027027
60979	61048	1	0.027027
60979	61149	1	0.027027
60981	60800	1481	0.766167
60981	60801	1475	0.763063
60981	60805	14	0.007243
60981	60935	1481	0.766167
60981	60939	1479	0.765132
60981	61068	1481	0.766167
60981	60824	1481	0.766167
60981	60958	1481	0.766167
60981	60959	1481	0.766167
60981	60962	1481	0.766167
60981	60870	1481	0.766167
60981	60967	1481	0.766167
60981	60970	1481	0.766167
60981	61104	1481	0.766167
60981	60851	1481	0.766167
60981	60855	1481	0.766167
60981	60856	13671	7.072426
60981	60857	1475	0.763063
60981	60987	1481	0.766167
60981	60988	1481	0.766167
60981	60742	1481	0.766167
60981	61127	1475	0.763063
60981	60747	1493	0.772375
60981	61140	1485	0.768236
60981	60885	1481	0.766167
60981	60760	1481	0.766167
60981	60893	1481	0.766167
60981	60766	1481	0.766167
60981	60895	2	0.001035
60981	61153	1481	0.766167
60981	61026	1485	0.768236
60981	61029	1484	0.767719
60981	61034	1481	0.766167
60981	60908	1481	0.766167
60981	60783	1487	0.769271
60981	60785	1481	0.766167
60981	60914	1487	0.769271
60981	61043	1	0.000517
60981	60778	1481	0.766167
60981	61141	2	0.001035
60983	60738	1	0.003731
60983	60990	2	0.007463
60983	60772	1	0.003731
60983	61125	8	0.029851
60983	60775	334	1.246269
60983	60845	1	0.003731
60983	61070	1	0.003731
60983	60816	106	0.395522
60983	61074	1	0.003731
60983	61043	9	0.033582
60983	60789	1	0.003731
60983	60932	1	0.003731
60983	60922	2	0.007463
60983	61092	1	0.003731
60983	60924	2	0.007463
60983	61022	2	0.007463
60983	60805	2	0.007463
60987	60800	643	0.830749
60987	60801	641	0.828165
60987	60805	6	0.007752
60987	60935	643	0.830749
60987	60939	645	0.833333
60987	61068	643	0.830749
60987	60824	643	0.830749
60987	60958	643	0.830749
60987	60959	643	0.830749
60987	60962	643	0.830749
60987	60870	643	0.830749
60987	60967	643	0.830749
60987	60970	643	0.830749
60987	61104	643	0.830749
60987	60851	643	0.830749
60987	60981	643	0.830749
60987	60855	643	0.830749
60987	60856	6002	7.754522
60987	60857	641	0.828165
60987	60988	643	0.830749
60987	60742	643	0.830749
60987	61127	641	0.828165
60987	60747	652	0.842377
60987	61140	646	0.834625
60987	60885	643	0.830749
60987	60760	643	0.830749
60987	60893	643	0.830749
60987	60766	643	0.830749
60987	60895	1	0.001292
60987	61153	643	0.830749
60987	61026	646	0.834625
60987	60772	2	0.002584
60987	61029	646	0.834625
60987	61034	643	0.830749
60987	60908	643	0.830749
60987	60783	645	0.833333
60987	60785	643	0.830749
60987	60914	645	0.833333
60987	60778	643	0.830749
60987	61141	1	0.001292
60988	60800	3032	0.846691
60988	60801	3022	0.843898
60988	60805	25	0.006981
60988	60935	3032	0.846691
60988	60939	3032	0.846691
60988	61068	3032	0.846691
60988	60824	3032	0.846691
60988	60958	3032	0.846691
60988	60959	3032	0.846691
60988	60962	3032	0.846691
60988	60870	3032	0.846691
60988	60967	3032	0.846691
60988	60970	3032	0.846691
60988	61104	3032	0.846691
60988	60851	3032	0.846691
60988	60981	3032	0.846691
60988	60855	3032	0.846691
60988	60856	20557	5.740575
60988	60857	3022	0.843898
60988	60987	3032	0.846691
60988	60742	3032	0.846691
60988	61127	3022	0.843898
60988	60747	3056	0.853393
60988	61140	3040	0.848925
60988	60885	3032	0.846691
60988	60760	3032	0.846691
60988	60893	3032	0.846691
60988	60766	3032	0.846691
60988	60895	3	0.000838
60988	61153	3032	0.846691
60988	61026	3040	0.848925
60988	61029	3039	0.848646
60988	61034	3032	0.846691
60988	60908	3032	0.846691
60988	60783	3042	0.849483
60988	60785	3032	0.846691
60988	60914	3042	0.849483
60988	61043	1	0.000279
60988	60778	3032	0.846691
60988	61141	2	0.000559
60989	61048	4	0.000460
60989	61043	9	0.001035
60989	60805	2	0.000230
60989	60741	3	0.000345
60990	61155	2	0.013605
60990	61125	6	0.040816
60990	61097	1	0.006803
60990	60816	3	0.020408
60990	61074	4	0.027211
60990	60759	1	0.006803
60990	61048	2	0.013605
60990	60892	1	0.006803
60991	61097	8	0.042105
60991	61043	2	0.010526
60991	61092	979	5.152632
60991	61126	974	5.126316
60991	60772	1	0.005263
60992	60816	116	0.899225
60992	61147	116	0.899225
60992	61107	116	0.899225
60993	60738	2	0.004640
60993	61157	386	0.895592
60993	60942	386	0.895592
60993	61043	10	0.023202
60993	61141	4	0.009281
60993	60921	386	0.895592
60993	60805	776	1.800464
60994	60770	433	0.256973
60994	60805	42	0.024926
60994	60839	2	0.001187
60994	60775	1	0.000593
60994	60816	1	0.000593
60994	61125	1	0.000593
60996	61048	4	0.000464
60996	61043	9	0.001045
60996	60989	563401	65.412864
60996	60741	3	0.000348
60996	60805	2	0.000232
60997	60741	3	0.000313
60997	61043	9	0.000937
60997	61048	4	0.000417
60997	60989	627649	65.380104
60997	61022	1	0.000104
60997	60805	2	0.000208
60998	61048	4	0.000463
60998	61043	9	0.001042
60998	60989	564896	65.404191
60998	60741	3	0.000347
60998	60805	2	0.000232
60999	61048	4	0.000452
60999	61043	9	0.001017
60999	60989	578705	65.405176
60999	60741	3	0.000339
60999	60805	2	0.000226
61000	61048	4	0.000453
61000	61043	9	0.001020
61000	60989	577058	65.403831
61000	60741	3	0.000340
61000	60805	2	0.000227
61001	61048	4	0.000468
61001	61043	8	0.000937
61001	60989	558523	65.416140
61001	60741	3	0.000351
61001	60805	2	0.000234
61002	61048	4	0.000463
61002	61043	9	0.001041
61002	60989	565676	65.411193
61002	60741	3	0.000347
61002	60805	2	0.000231
61003	61048	4	0.000459
61003	61043	9	0.001034
61003	60989	569586	65.409508
61003	60741	3	0.000345
61003	60805	2	0.000230
61004	61048	4	0.000461
61004	61043	10	0.001152
61004	60989	567729	65.414103
61004	60741	3	0.000346
61004	60805	2	0.000230
61005	60741	3	0.000313
61005	61043	9	0.000940
61005	61048	4	0.000418
61005	60989	626205	65.379516
61005	61022	1	0.000104
61005	60805	2	0.000209
61006	60898	2	0.028571
61006	60867	1	0.014286
61006	61060	1	0.014286
61006	61125	1	0.014286
61006	60775	2	0.028571
61006	60843	2	0.028571
61006	61014	1	0.014286
61006	61154	2	0.028571
61006	60750	2	0.028571
61006	60944	2	0.028571
61006	60850	2	0.028571
61006	61043	1	0.014286
61006	60948	2	0.028571
61006	60854	1	0.014286
61006	60759	1	0.014286
61006	60857	1	0.014286
61006	60978	1	0.014286
61006	60892	1	0.014286
61006	61149	2	0.028571
61007	60845	4	0.000857
61007	60784	1	0.000214
61007	61043	8	0.001714
61007	61047	1	0.000214
61007	61048	4	0.000857
61007	61082	8	0.001714
61007	60763	4	0.000857
61007	60765	4	0.000857
61007	61054	4	0.000857
61008	61043	4	0.125000
61008	60805	103	3.218750
61013	60925	1	0.083333
61014	60898	1	0.001019
61014	60775	1	0.001019
61014	61006	12	0.012232
61014	61043	4	0.004077
61014	61047	2	0.002039
61014	61048	5	0.005097
61014	60989	78	0.079511
61014	61022	112	0.114169
61015	60770	434	0.267571
61015	60805	42	0.025894
61015	60839	2	0.001233
61015	60775	1	0.000617
61015	60816	1	0.000617
61015	61125	1	0.000617
61017	60805	2	0.007547
61022	61048	4	0.001409
61022	60898	2841	1.000704
61022	60989	3	0.001057
61022	61014	1	0.000352
61022	60775	2841	1.000704
61023	61060	3	0.076923
61023	60956	37	0.948718
61023	61149	3	0.076923
61023	61014	3	0.076923
61023	60857	3	0.076923
61025	60816	1	1.000000
61025	60775	1	1.000000
61026	60800	2151	0.796077
61026	60801	2144	0.793486
61026	60805	19	0.007032
61026	60935	2151	0.796077
61026	60939	2148	0.794967
61026	61068	2151	0.796077
61026	60824	2151	0.796077
61026	60958	2151	0.796077
61026	60959	2151	0.796077
61026	60961	4	0.001480
61026	60962	2151	0.796077
61026	60870	2151	0.796077
61026	60967	2151	0.796077
61026	60970	2151	0.796077
61026	61104	2151	0.796077
61026	60851	2151	0.796077
61026	60981	2151	0.796077
61026	60855	2151	0.796077
61026	60856	18330	6.783864
61026	60857	2144	0.793486
61026	60987	2151	0.796077
61026	60988	2151	0.796077
61026	60742	2151	0.796077
61026	61127	2144	0.793486
61026	60747	2163	0.800518
61026	61140	2155	0.797557
61026	60885	2151	0.796077
61026	60760	2151	0.796077
61026	60763	14	0.005181
61026	60893	2151	0.796077
61026	60766	2151	0.796077
61026	60895	3	0.001110
61026	61153	2151	0.796077
61026	61029	2154	0.797187
61026	61034	2151	0.796077
61026	60908	2151	0.796077
61026	60783	2158	0.798668
61026	60785	2151	0.796077
61026	60914	2158	0.798668
61026	61043	1	0.000370
61026	60778	2151	0.796077
61026	61141	6	0.002221
61028	60770	434	0.266913
61028	60805	42	0.025830
61028	60839	2	0.001230
61028	60775	1	0.000615
61028	60816	1	0.000615
61028	61125	1	0.000615
61029	60800	1471	0.764156
61029	60801	1465	0.761039
61029	60805	14	0.007273
61029	60935	1471	0.764156
61029	60939	1469	0.763117
61029	61068	1471	0.764156
61029	60824	1471	0.764156
61029	60958	1471	0.764156
61029	60959	1471	0.764156
61029	60962	1471	0.764156
61029	60742	1471	0.764156
61029	60967	1471	0.764156
61029	60970	1471	0.764156
61029	61104	1471	0.764156
61029	60851	1471	0.764156
61029	60981	1471	0.764156
61029	60855	1471	0.764156
61029	60856	15408	8.004156
61029	60857	1465	0.761039
61029	60987	1471	0.764156
61029	60988	1471	0.764156
61029	60870	1471	0.764156
61029	61127	1465	0.761039
61029	60747	1483	0.770390
61029	61140	1475	0.766234
61029	60885	1471	0.764156
61029	60760	1471	0.764156
61029	60893	1471	0.764156
61029	60766	1471	0.764156
61029	60895	2	0.001039
61029	61153	1471	0.764156
61029	61026	1475	0.766234
61029	61034	1471	0.764156
61029	60908	1471	0.764156
61029	60783	1477	0.767273
61029	60785	1471	0.764156
61029	60914	1477	0.767273
61029	61043	1	0.000519
61029	60778	1471	0.764156
61029	61141	2	0.001039
61033	60808	3	0.037037
61033	60765	4	0.049383
61034	60800	3515	0.828619
61034	60801	3503	0.825790
61034	60805	31	0.007308
61034	60935	3515	0.828619
61034	60939	3515	0.828619
61034	61068	3515	0.828619
61034	60824	3515	0.828619
61034	60958	3515	0.828619
61034	60959	3515	0.828619
61034	60962	3515	0.828619
61034	60870	3515	0.828619
61034	60967	3515	0.828619
61034	60970	3515	0.828619
61034	61104	3515	0.828619
61034	60851	3515	0.828619
61034	60981	3515	0.828619
61034	60855	3515	0.828619
61034	60856	29455	6.943659
61034	60857	3503	0.825790
61034	60987	3515	0.828619
61034	60988	3515	0.828619
61034	60742	3515	0.828619
61034	61127	3503	0.825790
61034	60747	3542	0.834983
61034	61140	3524	0.830740
61034	60885	3515	0.828619
61034	60760	3515	0.828619
61034	60893	3515	0.828619
61034	60766	3515	0.828619
61034	60895	4	0.000943
61034	61153	3515	0.828619
61034	61026	3523	0.830504
61034	61029	3523	0.830504
61034	60778	3515	0.828619
61034	60908	3515	0.828619
61034	60783	3527	0.831447
61034	60785	3515	0.828619
61034	60914	3527	0.831447
61034	61043	1	0.000236
61034	61141	4	0.000943
61037	60900	3880	1.893607
61037	60934	1940	0.946803
61037	61095	1940	0.946803
61037	60845	6	0.002928
61037	61043	3	0.001464
61037	61141	3	0.001464
61037	61048	6	0.002928
61037	61081	1940	0.946803
61037	60765	3	0.001464
61038	60738	1	0.003731
61038	60990	2	0.007463
61038	60772	1	0.003731
61038	61125	8	0.029851
61038	60775	334	1.246269
61038	60845	1	0.003731
61038	61070	1	0.003731
61038	60816	106	0.395522
61038	61074	1	0.003731
61038	61043	9	0.033582
61038	60789	1	0.003731
61038	60932	1	0.003731
61038	60922	2	0.007463
61038	61092	1	0.003731
61038	60924	2	0.007463
61038	61022	2	0.007463
61038	60805	2	0.007463
61039	60838	3	1.000000
61043	60845	2	0.003361
61043	60974	1	0.001681
61043	60816	4	0.006723
61043	60850	5	0.008403
61043	61107	1	0.001681
61043	60756	1	0.001681
61043	61141	1	0.001681
61043	61074	2	0.003361
61043	60922	2	0.003361
61043	60859	7	0.011765
61043	61082	8	0.013445
61043	60926	1	0.001681
61045	60805	9	0.007246
61045	61101	864	0.695652
61045	60751	864	0.695652
61045	60752	864	0.695652
61045	60787	864	0.695652
61045	61049	1417	1.140902
61045	60891	996	0.801932
61049	61092	1	0.000270
61049	60805	31	0.008378
61049	61043	1	0.000270
61049	61101	10404	2.811892
61049	60751	4267	1.153243
61049	60752	4047	1.093784
61049	60787	4698	1.269730
61049	61045	5147	1.391081
61049	60891	4930	1.332432
61050	60784	126	5.727273
61050	60816	3	0.136364
61050	61125	29	1.318182
61051	61081	727	0.994528
61051	60900	1457	1.993160
61051	61037	727	0.994528
61051	60934	727	0.994528
61051	61095	727	0.994528
61053	60816	2	0.100000
61053	60826	1	0.050000
61054	61125	32	0.067797
61054	60748	7	0.014831
61054	61007	385	0.815678
61054	60816	369	0.781780
61054	61074	6	0.012712
61054	60805	2	0.004237
61056	60892	1	0.076923
61056	60990	328	25.230769
61056	60759	1	0.076923
61057	60860	2	0.250000
61059	61082	2	1.000000
61060	60816	6	0.002294
61060	60784	4	0.001530
61060	61074	2	0.000765
61060	60956	2	0.000765
61062	60816	219	0.671779
61062	61054	1	0.003067
61062	60933	219	0.671779
61062	61118	3	0.009202
61062	61125	28	0.085890
61068	60800	3054	0.842483
61068	60801	3046	0.840276
61068	60805	23	0.006345
61068	60935	3054	0.842483
61068	60939	3050	0.841379
61068	60824	3054	0.842483
61068	60958	3054	0.842483
61068	60959	3054	0.842483
61068	60962	3054	0.842483
61068	60870	3054	0.842483
61068	60967	3054	0.842483
61068	60970	3054	0.842483
61068	61104	3054	0.842483
61068	60851	3054	0.842483
61068	60981	3054	0.842483
61068	60855	3054	0.842483
61068	60856	21693	5.984276
61068	60857	3046	0.840276
61068	60987	3054	0.842483
61068	60988	3054	0.842483
61068	60742	3054	0.842483
61068	61127	3046	0.840276
61068	60747	3069	0.846621
61068	61140	3059	0.843862
61068	60885	3054	0.842483
61068	60760	3054	0.842483
61068	60893	3054	0.842483
61068	60766	3054	0.842483
61068	60895	4	0.001103
61068	61153	3054	0.842483
61068	61026	3059	0.843862
61068	61029	3058	0.843586
61068	61034	3054	0.842483
61068	60908	3054	0.842483
61068	60783	3062	0.844690
61068	60785	3054	0.842483
61068	60914	3062	0.844690
61068	60778	3054	0.842483
61068	61141	2	0.000552
61070	60750	1	0.006410
61070	61126	2	0.012821
61070	60775	8	0.051282
61074	60803	1	0.002278
61074	60816	1	0.002278
61074	60845	3	0.006834
61074	60856	1	0.002278
61074	60990	2	0.004556
61074	60991	1	0.002278
61074	60992	1	0.002278
61074	61125	3	0.006834
61074	61007	2	0.004556
61074	60756	4	0.009112
61074	61141	1	0.002278
61074	60759	1	0.002278
61074	60763	3	0.006834
61074	60765	1	0.002278
61074	61155	1	0.002278
61074	60775	1	0.002278
61074	60903	1	0.002278
61074	60780	1	0.002278
61074	61043	23	0.052392
61074	61118	1	0.002278
61074	61047	1	0.002278
61074	61048	4	0.009112
61074	61054	3	0.006834
61076	60805	154	1.013158
61076	60765	1	0.006579
61079	60992	18	0.083333
61079	60784	22	0.101852
61079	60898	1	0.004630
61079	60772	190	0.879630
61079	61107	1	0.004630
61079	61006	1	0.004630
61079	60843	1	0.004630
61079	61154	1	0.004630
61079	60948	1	0.004630
61079	60925	2	0.009259
61079	60944	1	0.004630
61079	60850	1	0.004630
61079	61043	193	0.893519
61079	60756	41	0.189815
61079	60750	1	0.004630
61079	60857	24	0.111111
61079	61147	18	0.083333
61079	60956	1	0.004630
61079	61149	1	0.004630
61081	60900	2414	1.721826
61081	61037	1201	0.856633
61081	60934	1201	0.856633
61081	61095	1201	0.856633
61082	60960	2	0.001912
61082	61059	1	0.000956
61082	60805	2	0.001912
61082	60845	3	0.002868
61082	61007	1	0.000956
61082	61043	11	0.010516
61082	61141	3	0.002868
61082	61048	3	0.002868
61082	60921	1	0.000956
61082	60763	1	0.000956
61082	60765	3	0.002868
61082	61054	2	0.001912
61082	60831	2	0.001912
61085	60944	1	0.006536
61085	61089	1	0.006536
61085	61043	1	0.006536
61085	61108	669	4.372549
61085	60805	5	0.032680
61086	60770	434	0.268067
61086	60805	42	0.025942
61086	60839	2	0.001235
61086	60775	1	0.000618
61086	60816	1	0.000618
61086	61125	1	0.000618
61087	60838	6	1.000000
61092	61060	4	0.000873
61092	60814	4	0.000873
61092	60816	1	0.000218
61092	61074	1	0.000218
61092	60952	3	0.000655
61092	61082	7	0.001528
61092	61097	3	0.000655
61092	60845	3	0.000655
61092	60857	6	0.001310
61092	60859	1	0.000218
61092	61118	4573	0.998254
61092	60991	4581	1.000000
61092	61125	9	0.001965
61092	61126	4597	1.003493
61092	61141	3	0.000655
61092	61014	1	0.000218
61092	61022	1	0.000218
61092	60772	2	0.000437
61092	60775	1	0.000218
61092	60780	3	0.000655
61092	61043	107	0.023357
61092	61048	6	0.001310
61092	60922	10	0.002183
61092	60923	6	0.001310
61093	60770	435	0.266544
61093	60805	42	0.025735
61093	60839	2	0.001225
61093	60775	1	0.000613
61093	60816	1	0.000613
61093	61125	1	0.000613
61095	61081	308	1.000000
61095	60900	619	2.009740
61095	61037	308	1.000000
61095	60934	308	1.000000
61096	61097	12	0.226415
61096	60786	1	0.018868
61097	60805	3	0.006342
61097	60748	412	0.871036
61097	60816	844	1.784355
61097	60786	432	0.913319
61097	61043	412	0.871036
61097	60788	3	0.006342
61097	61047	412	0.871036
61097	60926	3	0.006342
61097	60991	412	0.871036
61101	60805	9	0.003371
61101	60751	2175	0.814607
61101	60752	2175	0.814607
61101	60787	2175	0.814607
61101	61045	2175	0.814607
61101	61049	4902	1.835955
61101	60891	2175	0.814607
61103	60775	6	1.000000
61104	60800	2669	0.832502
61104	60801	2662	0.830318
61104	60805	22	0.006862
61104	60935	2669	0.832502
61104	60939	2666	0.831566
61104	61068	2669	0.832502
61104	60824	2669	0.832502
61104	60958	2669	0.832502
61104	60959	2669	0.832502
61104	60962	2669	0.832502
61104	60870	2669	0.832502
61104	60967	2669	0.832502
61104	60970	2669	0.832502
61104	60851	2669	0.832502
61104	60981	2669	0.832502
61104	60855	2669	0.832502
61104	60856	19074	5.949470
61104	60857	2662	0.830318
61104	60987	2669	0.832502
61104	60988	2669	0.832502
61104	60742	2669	0.832502
61104	61127	2662	0.830318
61104	60747	2684	0.837180
61104	61140	2674	0.834061
61104	60885	2669	0.832502
61104	60760	2669	0.832502
61104	60893	2669	0.832502
61104	60766	2669	0.832502
61104	60895	3	0.000936
61104	61153	2669	0.832502
61104	61026	2674	0.834061
61104	61029	2673	0.833749
61104	61034	2669	0.832502
61104	60908	2669	0.832502
61104	60783	2676	0.834685
61104	60785	2669	0.832502
61104	60914	2676	0.834685
61104	60778	2669	0.832502
61104	61141	2	0.000624
61106	60915	1	0.013514
61106	61125	4503	60.851351
61107	60784	2	0.001125
61107	61125	1	0.000562
61108	60944	1	0.006536
61108	61089	1	0.006536
61108	61043	1	0.006536
61108	60805	5	0.032680
61109	61048	4	0.000459
61109	61043	9	0.001034
61109	60989	569517	65.401585
61109	60741	3	0.000345
61109	60805	2	0.000230
61110	61048	4	0.000441
61110	61043	11	0.001212
61110	60989	593693	65.391893
61110	60741	3	0.000330
61110	60805	2	0.000220
61111	61048	4	0.000462
61111	61043	9	0.001039
61111	60989	566525	65.411038
61111	60741	3	0.000346
61111	60805	2	0.000231
61112	61048	4	0.000463
61112	61043	9	0.001041
61112	60989	565485	65.411799
61112	60741	3	0.000347
61112	60805	2	0.000231
61113	61048	4	0.000456
61113	61043	9	0.001026
61113	60989	573551	65.406660
61113	60741	3	0.000342
61113	60805	2	0.000228
61114	61048	4	0.000448
61114	61043	9	0.001009
61114	60989	583500	65.392805
61114	60741	3	0.000336
61114	60805	2	0.000224
61118	60803	1	0.001706
61118	60933	1	0.001706
61118	61097	584	0.996587
61118	60759	1	0.001706
61118	60845	1	0.001706
61118	61006	1	0.001706
61118	60816	1173	2.001706
61118	61074	587	1.001706
61118	61043	587	1.001706
61118	60916	584	0.996587
61118	61141	1	0.001706
61118	61047	584	0.996587
61118	61048	1	0.001706
61118	61082	1	0.001706
61118	60859	1	0.001706
61118	60765	1	0.001706
61118	60991	584	0.996587
61121	60931	8	0.029851
61121	60934	1	0.003731
61121	60935	1	0.003731
61121	60939	1	0.003731
61121	60942	1	0.003731
61121	60946	4	0.014925
61121	60951	4	0.014925
61121	60958	1	0.003731
61121	60959	1	0.003731
61121	60962	1	0.003731
61121	60967	1	0.003731
61121	60970	1	0.003731
61121	60981	1	0.003731
61121	60987	1	0.003731
61121	60988	1	0.003731
61121	60989	36	0.134328
61121	60993	18	0.067164
61121	60994	1	0.003731
61121	61008	11	0.041045
61121	61015	1	0.003731
61121	61026	1	0.003731
61121	61028	1	0.003731
61121	61029	1	0.003731
61121	61033	1	0.003731
61121	61034	1	0.003731
61121	61037	1	0.003731
61121	61043	6	0.022388
61121	61045	1	0.003731
61121	61049	1	0.003731
61121	61051	1	0.003731
61121	61068	1	0.003731
61121	61076	7	0.026119
61121	61080	5	0.018657
61121	61081	1	0.003731
61121	61086	1	0.003731
61121	61093	1	0.003731
61121	61095	1	0.003731
61121	61096	3	0.011194
61121	61099	2	0.007463
61121	61101	1	0.003731
61121	61104	1	0.003731
61121	61122	1	0.003731
61121	61125	203	0.757463
61121	61127	1	0.003731
61121	61130	5	0.018657
61121	61132	4	0.014925
61121	61133	8	0.029851
61121	61134	6	0.022388
61121	61135	11	0.041045
61121	61140	1	0.003731
61121	61141	1	0.003731
61121	61153	1	0.003731
61121	61157	1	0.003731
61121	60741	1	0.003731
61121	60742	1	0.003731
61121	60743	7	0.026119
61121	60747	1	0.003731
61121	60751	1	0.003731
61121	60752	1	0.003731
61121	60753	1	0.003731
61121	60760	1	0.003731
61121	60763	5	0.018657
61121	60766	1	0.003731
61121	60770	1	0.003731
61121	60778	1	0.003731
61121	60781	5	0.018657
61121	60783	1	0.003731
61121	60785	1	0.003731
61121	60787	1	0.003731
61121	60791	4	0.014925
61121	60798	1	0.003731
61121	60800	1	0.003731
61121	60801	1	0.003731
61121	60804	2	0.007463
61121	60805	175	0.652985
61121	60807	9	0.033582
61121	60808	3	0.011194
61121	60811	1	0.003731
61121	60812	1	0.003731
61121	60816	187	0.697761
61121	60824	1	0.003731
61121	60830	15	0.055970
61121	60833	6	0.022388
61121	60834	9	0.033582
61121	60838	6	0.022388
61121	60841	1	0.003731
61121	60851	1	0.003731
61121	60853	5	0.018657
61121	60855	1	0.003731
61121	60856	1	0.003731
61121	60863	4	0.014925
61121	60869	18	0.067164
61121	60870	1	0.003731
61121	60872	4	0.014925
61121	60885	1	0.003731
61121	60888	1	0.003731
61121	60890	8	0.029851
61121	60891	1	0.003731
61121	60893	1	0.003731
61121	60894	6	0.022388
61121	60899	1	0.003731
61121	60900	4	0.014925
61121	60902	12	0.044776
61121	60905	11	0.041045
61121	60908	1	0.003731
61121	60911	12	0.044776
61121	60913	4	0.014925
61121	60914	1	0.003731
61122	60770	433	0.266462
61122	60805	42	0.025846
61122	60839	2	0.001231
61122	60775	1	0.000615
61122	60816	1	0.000615
61122	61125	1	0.000615
61125	60775	3	0.013889
61125	60748	2	0.009259
61125	60915	1	0.004630
61125	60816	1	0.004630
61125	61074	8	0.037037
61125	61043	8	0.037037
61125	61054	1	0.004630
61125	60991	1	0.004630
61126	61092	2	0.028169
61126	60991	155	2.183099
61127	60800	695	0.829356
61127	60801	693	0.826969
61127	60805	6	0.007160
61127	60935	695	0.829356
61127	60939	697	0.831742
61127	61068	695	0.829356
61127	60824	695	0.829356
61127	60958	695	0.829356
61127	60959	695	0.829356
61127	60962	695	0.829356
61127	60870	695	0.829356
61127	60967	695	0.829356
61127	60970	695	0.829356
61127	61104	695	0.829356
61127	60851	695	0.829356
61127	60981	695	0.829356
61127	60855	695	0.829356
61127	60856	6868	8.195704
61127	60857	693	0.826969
61127	60987	695	0.829356
61127	60988	695	0.829356
61127	60742	695	0.829356
61127	60747	704	0.840095
61127	61140	698	0.832936
61127	60885	695	0.829356
61127	60760	695	0.829356
61127	60893	695	0.829356
61127	60766	695	0.829356
61127	60895	1	0.001193
61127	61153	695	0.829356
61127	61026	698	0.832936
61127	61029	698	0.832936
61127	61034	695	0.829356
61127	60908	695	0.829356
61127	60783	697	0.831742
61127	60785	695	0.829356
61127	60914	697	0.831742
61127	60778	695	0.829356
61127	61141	1	0.001193
61132	60775	2	0.013333
61133	60805	18	0.077586
61133	60845	3	0.012931
61133	60913	1	0.004310
61133	61043	11	0.047414
61133	61141	4	0.017241
61133	61048	4	0.017241
61133	61082	10	0.043103
61133	60765	3	0.012931
61134	60809	6	0.021739
61134	60948	6	0.021739
61134	60765	20	0.072464
61134	60805	2	0.007246
61135	60816	8	0.004813
61135	61048	10	0.006017
61135	61043	15	0.009025
61135	60805	1230	0.740072
61135	60765	12	0.007220
61140	60800	1673	0.769903
61140	60801	1667	0.767142
61140	60805	14	0.006443
61140	60935	1673	0.769903
61140	60939	1671	0.768983
61140	61068	1673	0.769903
61140	60824	1673	0.769903
61140	60958	1673	0.769903
61140	60959	1673	0.769903
61140	60962	1673	0.769903
61140	60870	1673	0.769903
61140	60967	1677	0.771744
61140	60970	1673	0.769903
61140	61104	1673	0.769903
61140	60851	1673	0.769903
61140	60981	1673	0.769903
61140	60855	1673	0.769903
61140	60856	15751	7.248504
61140	60857	1667	0.767142
61140	60987	1673	0.769903
61140	60988	1673	0.769903
61140	60742	1673	0.769903
61140	61127	1667	0.767142
61140	60747	1685	0.775426
61140	60885	1673	0.769903
61140	60760	1673	0.769903
61140	60893	1673	0.769903
61140	60766	1673	0.769903
61140	60895	2	0.000920
61140	61153	1673	0.769903
61140	61026	1677	0.771744
61140	61029	1676	0.771284
61140	61034	1673	0.769903
61140	60908	1673	0.769903
61140	60783	1679	0.772665
61140	60785	1673	0.769903
61140	60914	1679	0.772665
61140	61043	1	0.000460
61140	60778	1673	0.769903
61140	61141	2	0.000920
61141	60964	2	0.002203
61141	60805	2	0.002203
61141	61074	1	0.001101
61141	61007	1	0.001101
61141	60816	4	0.004405
61141	61106	1	0.001101
61141	61043	5	0.005507
61141	60857	3	0.003304
61141	60831	5	0.005507
61142	60816	17	0.772727
61142	60933	17	0.772727
61142	61125	3	0.136364
61147	60933	4	0.016878
61147	61125	1	0.004219
61149	61125	60	0.059701
61149	61006	4	0.003980
61149	60816	4	0.003980
61149	61043	75	0.074627
61149	60756	2	0.001990
61149	60750	2	0.001990
61149	60922	35	0.034826
61150	60903	1	0.047619
61150	60750	2	0.095238
61150	60784	4	0.190476
61150	61043	6	0.285714
61150	60756	2	0.095238
61150	60974	2	0.095238
61150	60792	2	0.095238
61150	60820	1	0.047619
61150	60925	4	0.190476
61150	61118	1	0.047619
61153	60800	2672	0.805304
61153	60801	2662	0.802291
61153	60805	26	0.007836
61153	60935	2672	0.805304
61153	60939	2670	0.804702
61153	61068	2672	0.805304
61153	60824	2672	0.805304
61153	60958	2672	0.805304
61153	60959	2672	0.805304
61153	60962	2672	0.805304
61153	60870	2672	0.805304
61153	60967	2672	0.805304
61153	60970	2672	0.805304
61153	61104	2672	0.805304
61153	60851	2672	0.805304
61153	60981	2672	0.805304
61153	60855	2672	0.805304
61153	60856	27348	8.242315
61153	60857	2662	0.802291
61153	60987	2672	0.805304
61153	60988	2672	0.805304
61153	60742	2672	0.805304
61153	61127	2662	0.802291
61153	60747	2690	0.810729
61153	61140	2678	0.807113
61153	60885	2672	0.805304
61153	60760	2672	0.805304
61153	60893	2672	0.805304
61153	60766	2672	0.805304
61153	60895	4	0.001206
61153	61026	2678	0.807113
61153	61029	2677	0.806811
61153	61034	2672	0.805304
61153	60908	2672	0.805304
61153	60783	2682	0.808318
61153	60785	2672	0.805304
61153	60914	2682	0.808318
61153	61043	1	0.000301
61153	60778	2672	0.805304
61153	61141	4	0.001206
61154	61125	14	0.019915
61154	60775	2	0.002845
61154	60839	30	0.042674
61154	60780	6	0.008535
61154	61006	1	0.001422
61154	61074	3	0.004267
61154	61043	8	0.011380
61154	60948	4	0.005690
61154	61147	1	0.001422
61154	60903	1	0.001422
61155	61074	2	0.021505
61155	61043	2	0.021505
61155	61006	4	0.043011
61155	61125	88	0.946237
61155	61062	3	0.032258
60738	60904	4	0.007005
60738	60772	4	0.007005
60738	60775	4	0.007005
60740	60816	1	1.000000
60740	60775	1	1.000000
60741	60989	6	0.111111
60742	60800	2378	0.799865
60742	60801	2372	0.797847
60742	60805	14	0.004709
60742	60935	2378	0.799865
60742	60939	2376	0.799193
60742	61068	2378	0.799865
60742	60824	2378	0.799865
60742	60958	2378	0.799865
60742	60959	2378	0.799865
60742	60962	2378	0.799865
60742	61126	6	0.002018
60742	60967	2378	0.799865
60742	60970	2378	0.799865
60742	61104	2378	0.799865
60742	60851	2378	0.799865
60742	60981	2378	0.799865
60742	60855	2378	0.799865
60742	60856	17135	5.763539
60742	60857	2372	0.797847
60742	60987	2378	0.799865
60742	60988	2378	0.799865
60742	60870	2378	0.799865
60742	61127	2372	0.797847
60742	60747	2390	0.803902
60742	61140	2382	0.801211
60742	60885	2378	0.799865
60742	60760	2378	0.799865
60742	60893	2378	0.799865
60742	60766	2378	0.799865
60742	60895	2	0.000673
60742	61153	2378	0.799865
60742	61026	2382	0.801211
60742	61029	2381	0.800875
60742	61034	2378	0.799865
60742	60908	2378	0.799865
60742	60783	2384	0.801884
60742	60785	2378	0.799865
60742	60914	2384	0.801884
60742	61043	1	0.000336
60742	60778	2378	0.799865
60742	61141	2	0.000673
60743	61043	2	0.000153
60743	60805	2	0.000153
60743	61054	2	0.000153
60744	61048	4	0.000464
60744	61043	9	0.001043
60744	60989	564120	65.405217
60744	60741	3	0.000348
60744	60805	2	0.000232
60745	61048	4	0.000453
60745	61043	9	0.001019
60745	60989	577901	65.403010
60745	60741	3	0.000340
60745	60805	2	0.000226
60746	61048	4	0.000458
60746	61043	10	0.001146
60746	60989	570955	65.408982
60746	60741	3	0.000344
60746	60805	2	0.000229
60747	60800	3254	0.831375
60747	60801	3243	0.828564
60747	60805	19	0.004854
60747	60935	3254	0.831375
60747	60939	3257	0.832141
60747	61068	3254	0.831375
60747	60824	3254	0.831375
60747	60958	3254	0.831375
60747	60959	3254	0.831375
60747	60962	3254	0.831375
60747	60870	3254	0.831375
60747	60967	3254	0.831375
60747	60970	3254	0.831375
60747	61104	3254	0.831375
60747	60851	3254	0.831375
60747	60981	3254	0.831375
60747	60855	3254	0.831375
60747	60856	21911	5.598109
60747	60857	3243	0.828564
60747	60987	3254	0.831375
60747	60988	3254	0.831375
60747	60742	3254	0.831375
60747	61127	3243	0.828564
60747	61140	3263	0.833674
60747	60885	3254	0.831375
60747	60760	3254	0.831375
60747	60893	3254	0.831375
60747	60766	3254	0.831375
60747	60895	2	0.000511
60747	61153	3254	0.831375
60747	61026	3263	0.833674
60747	61029	3262	0.833418
60747	61034	3254	0.831375
60747	60908	3254	0.831375
60747	60783	3265	0.834185
60747	60785	3254	0.831375
60747	60914	3265	0.834185
60747	61043	1	0.000255
60747	60778	3254	0.831375
60747	61141	2	0.000511
60748	60793	3	0.200000
60748	61125	3	0.200000
60748	60805	3	0.200000
60749	60804	6	0.001908
60749	60805	16	0.005087
60749	61070	6	0.001908
60749	60816	4	0.001272
60749	60952	6	0.001908
60749	60831	4	0.001272
60749	60834	6	0.001908
60749	60845	2	0.000636
60749	60853	4	0.001272
60749	60854	4	0.001272
60749	60859	5	0.001590
60749	60743	4	0.001272
60749	60872	6	0.001908
60749	60750	7	0.002226
60749	60756	5	0.001590
60749	61141	2	0.000636
60749	60763	10	0.003180
60749	60894	2	0.000636
60749	60775	14	0.004452
60749	61043	29	0.009221
60749	61048	2	0.000636
60749	60924	9	0.002862
60750	61043	1	0.058824
60750	60749	1	0.058824
60750	61070	2	0.117647
60751	60805	6	0.004175
60751	61101	1119	0.778706
60751	60752	1119	0.778706
60751	60787	1119	0.778706
60751	61045	1119	0.778706
60751	61049	1492	1.038274
60751	60891	1119	0.778706
60752	61092	1	0.000666
60752	60805	9	0.005992
60752	61043	1	0.000666
60752	61101	1141	0.759654
60752	60751	1141	0.759654
60752	60787	1555	1.035286
60752	61045	1141	0.759654
60752	61049	1698	1.130493
60752	60891	1141	0.759654
60756	60963	546	0.590270
60756	60805	7	0.007568
60756	60903	11	0.011892
60756	60748	4	0.004324
60756	60816	3	0.003243
60756	61074	6	0.006486
60756	61043	10	0.010811
60756	61107	3	0.003243
60756	60826	3	0.003243
60756	60859	5	0.005405
60756	60926	6	0.006486
60756	61125	102	0.110270
60759	60867	6	0.024096
60759	61060	6	0.024096
60759	61125	2	0.008032
60759	60904	2	0.008032
60759	60780	4	0.016064
60759	60978	4	0.016064
60759	61059	2	0.008032
60759	61014	4	0.016064
60759	60952	4	0.016064
60759	60857	4	0.016064
60759	60923	4	0.016064
60759	60892	4	0.016064
60759	61118	2	0.008032
60760	60800	6352	0.867049
60760	60801	6344	0.865957
60760	60805	23	0.003140
60760	60935	6352	0.867049
60760	60939	6350	0.866776
60760	61068	6352	0.867049
60760	60824	6352	0.867049
60760	60958	6352	0.867049
60760	60959	6352	0.867049
60760	60962	6352	0.867049
60760	60870	6352	0.867049
60760	60967	6352	0.867049
60760	60970	6352	0.867049
60760	61104	6352	0.867049
60760	60851	6352	0.867049
60760	60981	6352	0.867049
60760	60855	6352	0.867049
60760	60856	33832	4.618073
60760	60857	6344	0.865957
60760	60987	6352	0.867049
60760	60988	6352	0.867049
60760	60867	20	0.002730
60760	60742	6352	0.867049
60760	61127	6344	0.865957
60760	60747	6370	0.869506
60760	61140	6358	0.867868
60760	60885	6352	0.867049
60760	60893	6352	0.867049
60760	60766	6352	0.867049
60760	60895	3	0.000410
60760	61153	6352	0.867049
60760	61026	6358	0.867868
60760	61029	6357	0.867731
60760	61034	6352	0.867049
60760	60908	6352	0.867049
60760	60783	6360	0.868141
60760	60785	6352	0.867049
60760	60914	6360	0.868141
60760	60778	6352	0.867049
60760	61141	2	0.000273
60762	60769	59	1.255319
60762	61043	2	0.042553
60762	61125	1	0.021277
60762	61006	1	0.021277
60762	60775	10	0.212766
60763	60805	6	0.018405
60763	61033	3	0.009202
60763	60845	374	1.147239
60763	60816	326	1.000000
60763	61043	6	0.018405
60763	61141	365	1.119632
60763	61048	359	1.101227
60763	61082	362	1.110429
60763	60765	353	1.082822
60763	61054	3	0.009202
60764	61022	4	0.042105
60764	60775	79	0.831579
60765	60961	1	0.000943
60765	60805	2	0.001887
60765	61033	3	0.002830
60765	60845	2	0.001887
60765	60749	5	0.004717
60765	61043	9	0.008491
60765	61141	2	0.001887
60765	60951	3	0.002830
60765	61048	2	0.001887
60765	61082	2	0.001887
60765	61054	2	0.001887
60765	60831	1	0.000943
60766	60800	3081	0.844804
60766	60801	3070	0.841788
60766	60805	27	0.007403
60766	60935	3081	0.844804
60766	60939	3080	0.844530
60766	61068	3081	0.844804
60766	60824	3081	0.844804
60766	60958	3081	0.844804
60766	60959	3081	0.844804
60766	60962	3081	0.844804
60766	60870	3081	0.844804
60766	60967	3081	0.844804
60766	60970	3081	0.844804
60766	61104	3081	0.844804
60766	60851	3081	0.844804
60766	60981	3081	0.844804
60766	60855	3081	0.844804
60766	60856	21544	5.907321
60766	60857	3070	0.841788
60766	60987	3081	0.844804
60766	60988	3081	0.844804
60766	60742	3081	0.844804
60766	61127	3070	0.841788
60766	60747	3105	0.851385
60766	61140	3089	0.846998
60766	60885	3081	0.844804
60766	60760	3081	0.844804
60766	60893	3081	0.844804
60766	60895	4	0.001097
60766	61153	3081	0.844804
60766	61026	3089	0.846998
60766	61029	3088	0.846723
60766	61034	3081	0.844804
60766	60908	3081	0.844804
60766	60783	3092	0.847820
60766	60785	3081	0.844804
60766	60914	3092	0.847820
60766	60778	3081	0.844804
60766	61141	2	0.000548
60767	60816	42	0.677419
60767	60933	45	0.725806
60767	61125	1	0.016129
60769	61043	2	0.041667
60769	61125	1	0.020833
60769	61006	1	0.020833
60769	60775	10	0.208333
60770	60816	1	0.000970
60770	61125	1	0.000970
60770	60839	2	0.001940
60770	60805	41	0.039767
60770	60775	1	0.000970
60772	60775	1	0.012195
60775	60738	1	0.003401
60775	60932	1	0.003401
60775	61125	8	0.027211
60775	60789	1	0.003401
60775	60845	1	0.003401
60775	61070	1	0.003401
60775	60816	137	0.465986
60775	61074	1	0.003401
60775	61043	9	0.030612
60775	60990	2	0.006803
60775	60772	1	0.003401
60775	60922	2	0.006803
60775	61092	1	0.003401
60775	60924	3	0.010204
60775	60829	2	0.006803
60775	61022	2	0.006803
60775	60805	2	0.006803
60777	60838	3	1.000000
60778	60800	3381	0.798536
60778	60801	3375	0.797119
60778	60805	14	0.003307
60778	60935	3381	0.798536
60778	60939	3379	0.798063
60778	61068	3381	0.798536
60778	60824	3381	0.798536
60778	60958	3381	0.798536
60778	60959	3381	0.798536
60778	60962	3381	0.798536
60778	60870	3381	0.798536
60778	60967	3381	0.798536
60778	60970	3381	0.798536
60778	61104	3381	0.798536
60778	60851	3381	0.798536
60778	60981	3381	0.798536
60778	60855	3381	0.798536
60778	60856	22573	5.331365
60778	60857	3375	0.797119
60778	60987	3381	0.798536
60778	60988	3381	0.798536
60778	60742	3381	0.798536
60778	61127	3375	0.797119
60778	60747	3393	0.801370
60778	61140	3385	0.799480
60778	60885	3381	0.798536
60778	60760	3381	0.798536
60778	60893	3381	0.798536
60778	60766	3381	0.798536
60778	60895	2	0.000472
60778	61153	3381	0.798536
60778	61026	3385	0.799480
60778	61029	3384	0.799244
60778	61034	3381	0.798536
60778	60908	3381	0.798536
60778	60783	3387	0.799953
60778	60785	3381	0.798536
60778	60914	3387	0.799953
60778	61043	1	0.000236
60778	61141	2	0.000472
60779	60980	10000	100.000000
60780	60816	1	0.001553
60780	61154	16	0.024845
60780	61074	2	0.003106
60781	60769	1	0.006757
60782	60816	3	0.187500
60782	60775	10	0.625000
60783	60800	648	0.819216
60783	60801	646	0.816688
60783	60805	6	0.007585
60783	60935	648	0.819216
60783	60939	650	0.821745
60783	61068	648	0.819216
60783	60824	648	0.819216
60783	60958	648	0.819216
60783	60959	648	0.819216
60783	60962	648	0.819216
60783	60870	648	0.819216
60783	60967	648	0.819216
60783	60970	648	0.819216
60783	61104	648	0.819216
60783	60851	648	0.819216
60783	60981	648	0.819216
60783	60855	648	0.819216
60783	60856	6633	8.385588
60783	60857	646	0.816688
60783	60987	648	0.819216
60783	60988	648	0.819216
60783	60742	648	0.819216
60783	61127	646	0.816688
60783	60747	657	0.830594
60783	61140	651	0.823009
60783	60885	648	0.819216
60783	60760	648	0.819216
60783	60893	648	0.819216
60783	60766	648	0.819216
60783	60895	1	0.001264
60783	61153	648	0.819216
60783	61026	651	0.823009
60783	61029	651	0.823009
60783	61034	648	0.819216
60783	60908	648	0.819216
60783	60785	648	0.819216
60783	60914	650	0.821745
60783	60778	648	0.819216
60783	61141	1	0.001264
60784	60816	15	0.789474
60784	61125	15	0.789474
60785	60800	8755	0.825398
60785	60801	8747	0.824644
60785	60805	23	0.002168
60785	60935	8755	0.825398
60785	60939	8753	0.825210
60785	61068	8755	0.825398
60785	60824	8755	0.825398
60785	61082	3	0.000283
60785	60958	8755	0.825398
60785	60959	8755	0.825398
60785	60961	3	0.000283
60785	60962	8755	0.825398
60785	60870	8755	0.825398
60785	60967	8755	0.825398
60785	60970	8755	0.825398
60785	60845	3	0.000283
60785	61104	8755	0.825398
60785	60851	8755	0.825398
60785	60981	8755	0.825398
60785	60855	8755	0.825398
60785	60856	47877	4.513717
60785	60857	8750	0.824927
60785	60987	8755	0.825398
60785	60988	8755	0.825398
60785	60742	8755	0.825398
60785	61127	8747	0.824644
60785	60747	8770	0.826812
60785	60749	3	0.000283
60785	61140	8760	0.825870
60785	60885	8755	0.825398
60785	60760	8755	0.825398
60785	60893	8755	0.825398
60785	60766	8755	0.825398
60785	60895	3	0.000283
60785	61153	8755	0.825398
60785	61026	8760	0.825870
60785	61029	8759	0.825775
60785	60775	11	0.001037
60785	61034	8755	0.825398
60785	60908	8755	0.825398
60785	60783	8763	0.826153
60785	60914	8763	0.826153
60785	61043	21	0.001980
60785	61048	3	0.000283
60785	60778	8755	0.825398
60785	61054	6	0.000566
60785	61141	45	0.004242
60786	61097	22	5.500000
60786	60748	4	1.000000
60786	60813	6	1.500000
60786	60816	8	2.000000
60786	61043	4	1.000000
60786	61047	4	1.000000
60786	60991	4	1.000000
60787	60805	7	0.007600
60787	61101	621	0.674267
60787	60751	621	0.674267
60787	60752	621	0.674267
60787	61045	621	0.674267
60787	61049	994	1.079262
60787	60891	621	0.674267
60788	60784	2	0.002706
60788	61125	539	0.729364
60788	60775	1	0.001353
60788	61014	1	0.001353
60788	60816	741	1.002706
60788	60786	2	0.002706
60788	60918	1	0.001353
60788	60952	2	0.002706
60788	60857	1	0.001353
60788	60826	1	0.001353
60788	60892	1	0.001353
60788	60925	1	0.001353
60788	60805	1	0.001353
60789	60803	1	0.043478
60789	60805	2	0.086957
60789	60816	4	0.173913
60789	61092	2	0.086957
60789	60845	1	0.043478
60789	60859	1	0.043478
60789	60991	1	0.043478
60789	61125	6	0.260870
60789	61126	3	0.130435
60789	61006	1	0.043478
60789	61007	1	0.043478
60789	60756	1	0.043478
60789	61141	1	0.043478
60789	60759	1	0.043478
60789	60763	1	0.043478
60789	60765	1	0.043478
60789	60772	2	0.086957
60789	60903	2	0.086957
60789	60775	9	0.391304
60789	60784	1	0.043478
60789	61043	9	0.391304
60789	61048	2	0.086957
60789	60924	2	0.086957
60789	60926	1	0.043478
60791	60805	2	0.045455
60792	61043	68	0.430380
60793	61125	2	0.045455
60793	60748	47	1.068182
60793	60814	2	0.045455
60793	60816	41	0.931818
60793	61074	41	0.931818
60793	60759	2	0.045455
60798	60805	3	1.000000
60800	60801	1572	0.764591
60800	60805	15	0.007296
60800	60935	1579	0.767996
60800	60939	1576	0.766537
60800	61068	1579	0.767996
60800	60824	1579	0.767996
60800	60958	1579	0.767996
60800	60959	1579	0.767996
60800	60962	1579	0.767996
60800	60870	1579	0.767996
60800	60967	1579	0.767996
60800	60970	1579	0.767996
60800	61104	1579	0.767996
60800	60851	1579	0.767996
60800	60981	1579	0.767996
60800	60855	1579	0.767996
60800	60856	16042	7.802529
60800	60857	1572	0.764591
60800	60987	1579	0.767996
60800	60988	1579	0.767996
60800	60742	1579	0.767996
60800	61127	1572	0.764591
60800	60747	1591	0.773833
60800	61140	1583	0.769942
60800	60885	1579	0.767996
60800	60760	1579	0.767996
60800	60893	1579	0.767996
60800	60766	1579	0.767996
60800	60895	3	0.001459
60800	61153	1579	0.767996
60800	61026	1583	0.769942
60800	61029	1582	0.769455
60800	61034	1579	0.767996
60800	60908	1579	0.767996
60800	60783	1586	0.771401
60800	60785	1579	0.767996
60800	60914	1586	0.771401
60800	61043	1	0.000486
60800	60778	1579	0.767996
60800	61141	2	0.000973
60801	60800	605	0.822011
60801	60805	6	0.008152
60801	60935	605	0.822011
60801	60939	607	0.824728
60801	61068	605	0.822011
60801	60824	605	0.822011
60801	60958	605	0.822011
60801	60959	605	0.822011
60801	60962	605	0.822011
60801	60870	605	0.822011
60801	60967	605	0.822011
60801	60970	605	0.822011
60801	61104	605	0.822011
60801	60851	605	0.822011
60801	60981	605	0.822011
60801	60855	605	0.822011
60801	60856	5850	7.948370
60801	60857	603	0.819293
60801	60987	605	0.822011
60801	60988	605	0.822011
60801	60742	605	0.822011
60801	61127	603	0.819293
60801	60747	614	0.834239
60801	61140	608	0.826087
60801	60885	605	0.822011
60801	60760	605	0.822011
60801	60893	605	0.822011
60801	60766	605	0.822011
60801	60895	1	0.001359
60801	61153	605	0.822011
60801	61026	608	0.826087
60801	60772	2	0.002717
60801	61029	608	0.826087
60801	61034	605	0.822011
60801	60908	605	0.822011
60801	60783	607	0.824728
60801	60785	605	0.822011
60801	60914	607	0.824728
60801	60778	605	0.822011
60801	61141	1	0.001359
60805	60931	8	0.029740
60805	60934	1	0.003717
60805	60935	1	0.003717
60805	60939	1	0.003717
60805	60942	1	0.003717
60805	60946	4	0.014870
60805	60951	4	0.014870
60805	60958	1	0.003717
60805	60959	1	0.003717
60805	60962	1	0.003717
60805	60967	1	0.003717
60805	60970	1	0.003717
60805	60981	1	0.003717
60805	60987	1	0.003717
60805	60988	1	0.003717
60805	60989	36	0.133829
60805	60993	18	0.066914
60805	60994	1	0.003717
60805	61008	11	0.040892
60805	61015	1	0.003717
60805	61026	1	0.003717
60805	61028	1	0.003717
60805	61029	1	0.003717
60805	61033	1	0.003717
60805	61034	1	0.003717
60805	61037	1	0.003717
60805	61043	6	0.022305
60805	61045	1	0.003717
60805	61049	1	0.003717
60805	61051	1	0.003717
60805	61068	1	0.003717
60805	61076	7	0.026022
60805	61080	5	0.018587
60805	61081	1	0.003717
60805	61086	1	0.003717
60805	61093	1	0.003717
60805	61095	1	0.003717
60805	61096	3	0.011152
60805	61099	2	0.007435
60805	61101	1	0.003717
60805	61104	1	0.003717
60805	61122	1	0.003717
60805	61125	204	0.758364
60805	61127	1	0.003717
60805	61130	5	0.018587
60805	61132	4	0.014870
60805	61133	8	0.029740
60805	61134	6	0.022305
60805	61135	11	0.040892
60805	61140	1	0.003717
60805	61141	1	0.003717
60805	61153	1	0.003717
60805	61157	1	0.003717
60805	60741	1	0.003717
60805	60742	1	0.003717
60805	60743	7	0.026022
60805	60747	1	0.003717
60805	60751	1	0.003717
60805	60752	1	0.003717
60805	60753	1	0.003717
60805	60760	1	0.003717
60805	60763	5	0.018587
60805	60766	1	0.003717
60805	60770	1	0.003717
60805	60778	1	0.003717
60805	60781	5	0.018587
60805	60783	1	0.003717
60805	60785	1	0.003717
60805	60787	1	0.003717
60805	60791	4	0.014870
60805	60798	1	0.003717
60805	60800	1	0.003717
60805	60801	1	0.003717
60805	60804	2	0.007435
60805	60807	9	0.033457
60805	60808	3	0.011152
60805	60811	1	0.003717
60805	60812	1	0.003717
60805	60816	188	0.698885
60805	60824	1	0.003717
60805	60830	15	0.055762
60805	60833	6	0.022305
60805	60834	9	0.033457
60805	60838	6	0.022305
60805	60841	1	0.003717
60805	60851	1	0.003717
60805	60853	5	0.018587
60805	60855	1	0.003717
60805	60856	1	0.003717
60805	60863	4	0.014870
60805	60869	18	0.066914
60805	60870	1	0.003717
60805	60872	4	0.014870
60805	60885	1	0.003717
60805	60888	1	0.003717
60805	60890	8	0.029740
60805	60891	1	0.003717
60805	60893	1	0.003717
60805	60894	6	0.022305
60805	60899	1	0.003717
60805	60900	4	0.014870
60805	60902	12	0.044610
60805	60905	11	0.040892
60805	60908	1	0.003717
60805	60911	12	0.044610
60805	60913	4	0.014870
60805	60914	1	0.003717
60806	60980	10000	100.000000
60807	60805	7	0.152174
60807	61070	2	0.043478
60808	61033	148	1.873418
60808	60765	4	0.050633
60811	60770	434	0.265931
60811	60805	42	0.025735
60811	60839	2	0.001225
60811	60775	1	0.000613
60811	60816	1	0.000613
60811	61125	1	0.000613
60813	60784	1	0.005376
60813	61092	1	0.005376
60813	61125	7	0.037634
60813	61126	1	0.005376
60813	60775	9	0.048387
60813	61096	1	0.005376
60813	61097	4	0.021505
60813	60748	4	0.021505
60813	61074	1	0.005376
60813	61007	1	0.005376
60813	60816	1	0.005376
60813	60786	176	0.946237
60813	61054	1	0.005376
60813	60793	2	0.010753
60813	60826	1	0.005376
60813	61118	7	0.037634
60814	60805	10	0.128205
60814	61062	1	0.012821
60814	61142	1	0.012821
60814	60813	8	0.102564
60814	60845	2	0.025641
60814	60944	1	0.012821
60814	61074	17	0.217949
60814	60819	1	0.012821
60814	60948	1	0.012821
60814	60895	1	0.012821
60814	60952	1	0.012821
60814	60826	5	0.064103
60814	60956	3	0.038462
60814	60957	2	0.025641
60814	60933	1	0.012821
60814	60963	3	0.038462
60814	61092	2	0.025641
60814	61147	2	0.025641
60814	61096	5	0.064103
60814	61097	6	0.076923
60814	61118	1	0.012821
60814	60843	1	0.012821
60814	61106	3	0.038462
60814	60765	2	0.025641
60814	60767	1	0.012821
60814	60850	1	0.012821
60814	61107	3	0.038462
60814	60857	1	0.012821
60814	60859	4	0.051282
60814	60990	6	0.076923
60814	60991	4	0.051282
60814	60992	3	0.038462
60814	60867	1	0.012821
60814	61125	68	0.871795
60814	61126	1	0.012821
60814	60918	2	0.025641
60814	60748	4	0.051282
60814	61154	1	0.012821
60814	61006	52	0.666667
60814	61007	4	0.051282
60814	60792	3	0.038462
60814	60756	1	0.012821
60814	60750	1	0.012821
60814	61014	1	0.012821
60814	60759	1	0.012821
60814	60829	4	0.051282
60814	60926	2	0.025641
60814	61082	1	0.012821
60814	60763	4	0.051282
60814	60892	1	0.012821
60814	61149	1	0.012821
60814	61151	1	0.012821
60814	60816	26	0.333333
60814	60898	1	0.012821
60814	60775	6	0.076923
60814	60903	6	0.076923
60814	61013	2	0.025641
60814	60915	1	0.012821
60814	60784	18	0.230769
60814	61043	6	0.076923
60814	60788	3	0.038462
60814	60789	2	0.025641
60814	60749	1	0.012821
60814	61047	1	0.012821
60814	61048	2	0.025641
60814	60793	5	0.064103
60814	60923	1	0.012821
60814	60924	1	0.012821
60814	60916	2	0.025641
60814	61054	9	0.115385
60814	61141	2	0.025641
60815	60944	1	0.006579
60815	61089	1	0.006579
60815	61043	1	0.006579
60815	61108	666	4.381579
60815	60805	5	0.032895
60816	60978	1	0.001406
60816	60867	1	0.001406
60816	60932	1	0.001406
60816	60850	1	0.001406
60816	61126	2	0.002813
60817	60830	105	1.721311
60819	60805	4	0.153846
60819	60816	29	1.115385
60819	61074	59	2.269231
60819	60948	1	0.038462
60819	60952	1	0.038462
60819	61154	1	0.038462
60819	60826	5	0.192308
60819	61107	3	0.115385
60819	60956	3	0.115385
60819	60957	2	0.076923
60819	60750	1	0.038462
60819	60963	3	0.115385
60819	61092	2	0.076923
60819	61147	2	0.076923
60819	61097	21	0.807692
60819	60843	1	0.038462
60819	60845	1	0.038462
60819	60829	4	0.153846
60819	61106	3	0.115385
60819	60915	1	0.038462
60819	60852	1	0.038462
60819	60916	2	0.076923
60819	60859	2	0.076923
60819	60990	6	0.230769
60819	60991	2	0.076923
60819	60992	3	0.115385
60819	61149	1	0.038462
60819	60867	1	0.038462
60819	61125	74	2.846154
60819	61126	2	0.076923
60819	60850	1	0.038462
60819	60748	3	0.115385
60819	60749	1	0.038462
60819	61006	29	1.115385
60819	61007	4	0.153846
60819	60792	3	0.115385
60819	60756	1	0.038462
60819	61141	1	0.038462
60819	61014	1	0.038462
60819	60857	1	0.038462
60819	60889	3	0.115385
60819	60763	5	0.192308
60819	60892	1	0.038462
60819	60765	1	0.038462
60819	61151	1	0.038462
60819	60944	1	0.038462
60819	60898	1	0.038462
60819	60775	6	0.230769
60819	60903	6	0.230769
60819	60784	18	0.692308
60819	61043	8	0.307692
60819	60788	1	0.038462
60819	60789	5	0.192308
60819	60918	2	0.076923
60819	61047	1	0.038462
60819	61048	1	0.038462
60819	60793	5	0.192308
60819	60923	1	0.038462
60819	60924	1	0.038462
60819	60925	21	0.807692
60819	61054	8	0.307692
60819	61013	1	0.038462
60820	60784	1	0.007692
60820	60933	93	0.715385
60820	60974	1	0.007692
60820	60816	94	0.723077
60820	61107	1	0.007692
60820	60792	1	0.007692
60820	61125	4	0.030769
60822	60816	1	0.100000
60824	60800	4248	0.856970
60824	60801	4238	0.854953
60824	60805	25	0.005043
60824	60935	4248	0.856970
60824	60939	4248	0.856970
60824	61068	4248	0.856970
60824	60958	4248	0.856970
60824	60959	4248	0.856970
60824	60962	4248	0.856970
60824	60870	4248	0.856970
60824	60967	4248	0.856970
60824	60970	4248	0.856970
60824	61104	4248	0.856970
60824	60851	4248	0.856970
60824	60981	4248	0.856970
60824	60855	4248	0.856970
60824	60856	25420	5.128102
60824	60857	4238	0.854953
60824	60987	4248	0.856970
60824	60988	4248	0.856970
60824	60742	4248	0.856970
60824	61127	4238	0.854953
60824	60747	4272	0.861812
60824	61140	4256	0.858584
60824	60885	4248	0.856970
60824	60760	4248	0.856970
60824	60893	4250	0.857373
60824	60766	4248	0.856970
60824	60895	3	0.000605
60824	61153	4248	0.856970
60824	61026	4256	0.858584
60824	61029	4255	0.858382
60824	61034	4248	0.856970
60824	60908	4248	0.856970
60824	60783	4258	0.858987
60824	60785	4248	0.856970
60824	60914	4258	0.858987
60824	60778	4248	0.856970
60824	61141	4	0.000807
60825	60944	1	0.006536
60825	61089	1	0.006536
60825	61043	1	0.006536
60825	61108	669	4.372549
60825	60805	5	0.032680
60826	61097	9	1.000000
60826	60816	18	2.000000
60826	61074	9	1.000000
60826	61043	9	1.000000
60826	60916	9	1.000000
60826	61047	9	1.000000
60826	60991	9	1.000000
60827	60838	3	1.000000
60829	60915	12	2.400000
60829	60966	1	0.200000
60830	60816	1	0.001019
60830	60805	3	0.003058
60830	61125	2	0.002039
60831	60805	6	0.018405
60831	61033	3	0.009202
60831	60845	374	1.147239
60831	60816	326	1.000000
60831	61043	6	0.018405
60831	61141	365	1.119632
60831	61048	359	1.101227
60831	61082	362	1.110429
60831	60763	684	2.098160
60831	60765	353	1.082822
60831	61054	3	0.009202
60834	60805	77	0.041962
60834	60845	1	0.000545
60834	61043	5	0.002725
60834	61048	2	0.001090
60834	61082	1	0.000545
60834	61125	1	0.000545
60835	60816	1	1.000000
60835	60775	1	1.000000
60836	60816	23	0.958333
60836	61097	1	0.041667
60836	60933	23	0.958333
60838	60845	1	0.002075
60838	60805	3	0.006224
60839	60961	1	0.022222
60839	61154	32	0.711111
60839	60775	91	2.022222
60839	61098	1	0.022222
60839	60780	3	0.066667
60839	60814	3	0.066667
60839	60924	13	0.288889
60839	60925	3	0.066667
60839	60798	1	0.022222
60845	60960	3	0.001890
60845	60805	12	0.007561
60845	60775	4	0.002520
60845	60843	1	0.000630
60845	60816	1	0.000630
60845	61043	5	0.003151
60845	61141	1	0.000630
60845	61048	2	0.001260
60845	61082	1	0.000630
60845	60763	11	0.006931
60845	60765	2	0.001260
60850	60992	12	0.007477
60850	60738	414	0.257944
60850	60964	8	0.004984
60850	61125	51	0.031776
60850	60904	3	0.001869
60850	61006	3	0.001869
60850	60784	3	0.001869
60850	61043	10	0.006231
60850	60854	3	0.001869
60850	61147	9	0.005607
60851	60800	2121	0.804018
60851	60801	2114	0.801365
60851	60805	22	0.008340
60851	60935	2121	0.804018
60851	60939	2118	0.802881
60851	61068	2121	0.804018
60851	60824	2121	0.804018
60851	60958	2121	0.804018
60851	60959	2121	0.804018
60851	60962	2121	0.804018
60851	60870	2121	0.804018
60851	60967	2121	0.804018
60851	60970	2121	0.804018
60851	61104	2121	0.804018
60851	60981	2121	0.804018
60851	60855	2121	0.804018
60851	60856	16909	6.409780
60851	60857	2114	0.801365
60851	60987	2121	0.804018
60851	60988	2121	0.804018
60851	60742	2121	0.804018
60851	61127	2114	0.801365
60851	60747	2136	0.809704
60851	61140	2126	0.805914
60851	60885	2121	0.804018
60851	60760	2121	0.804018
60851	60893	2121	0.804018
60851	60766	2121	0.804018
60851	60895	3	0.001137
60851	61153	2121	0.804018
60851	61026	2126	0.805914
60851	61029	2125	0.805534
60851	61034	2121	0.804018
60851	60908	2121	0.804018
60851	60783	2128	0.806672
60851	60785	2121	0.804018
60851	60914	2128	0.806672
60851	60778	2121	0.804018
60851	61141	2	0.000758
60853	60805	1	0.009901
60854	60748	1	0.011494
60854	60805	1	0.011494
60854	61006	1	0.011494
60855	60800	2620	0.832274
60855	60801	2611	0.829416
60855	60805	24	0.007624
60855	60935	2620	0.832274
60855	60939	2615	0.830686
60855	61068	2620	0.832274
60855	60824	2620	0.832274
60855	60958	2620	0.832274
60855	60959	2620	0.832274
60855	60962	2620	0.832274
60855	60870	2620	0.832274
60855	60967	2620	0.832274
60855	60970	2620	0.832274
60855	61104	2620	0.832274
60855	60851	2620	0.832274
60855	60981	2620	0.832274
60855	60856	20232	6.426938
60855	60857	2611	0.829416
60855	60987	2620	0.832274
60855	60988	2620	0.832274
60855	60742	2620	0.832274
60855	61127	2611	0.829416
60855	60747	2635	0.837039
60855	61140	2625	0.833863
60855	60885	2620	0.832274
60855	60760	2620	0.832274
60855	60893	2620	0.832274
60855	60766	2620	0.832274
60855	60895	5	0.001588
60855	61153	2620	0.832274
60855	61026	2625	0.833863
60855	61029	2624	0.833545
60855	61034	2620	0.832274
60855	60908	2620	0.832274
60855	60783	2629	0.835133
60855	60785	2620	0.832274
60855	60914	2629	0.835133
60855	60778	2620	0.832274
60855	61141	2	0.000635
60856	60800	6537	0.897323
60856	60801	6511	0.893754
60856	60805	48	0.006589
60856	60935	6537	0.897323
60856	60939	6529	0.896225
60856	61068	6537	0.897323
60856	60824	6537	0.897323
60856	60958	6566	0.901304
60856	60959	6537	0.897323
60856	60962	6537	0.897323
60856	60870	6537	0.897323
60856	60967	6537	0.897323
60856	60970	6537	0.897323
60856	61104	6537	0.897323
60856	60851	6537	0.897323
60856	60981	6537	0.897323
60856	60855	6537	0.897323
60856	60857	6512	0.893892
60856	60987	6537	0.897323
60856	60988	6537	0.897323
60856	60742	6537	0.897323
60856	61127	6511	0.893754
60856	60747	6599	0.905834
60856	61140	6548	0.898833
60856	60885	6614	0.907893
60856	60760	6537	0.897323
60856	60893	6537	0.897323
60856	60766	6537	0.897323
60856	60895	8	0.001098
60856	61153	6537	0.897323
60856	61026	6548	0.898833
60856	61029	6547	0.898696
60856	61034	6537	0.897323
60856	60908	6537	0.897323
60856	60783	6563	0.900892
60856	60785	6537	0.897323
60856	60914	6563	0.900892
60856	60778	6537	0.897323
60856	61141	6	0.000824
60857	60772	2529	0.996061
60857	61125	2459	0.968492
60857	61126	2378	0.936589
60857	60775	1	0.000394
60857	61097	2	0.000788
60857	61054	3	0.001182
60857	61006	14	0.005514
60857	60816	9	0.003545
60857	61074	2	0.000788
60857	61043	12	0.004726
60857	61141	4	0.001575
60857	60814	2	0.000788
60857	60759	13	0.005120
60857	60856	16	0.006302
60857	61092	2	0.000788
60857	60956	2	0.000788
60857	60925	2	0.000788
60857	61118	2	0.000788
60857	60991	6	0.002363
60859	60816	12	1.000000
60860	60872	1	0.090909
60863	60868	1	0.010638
60864	61043	4	0.250000
60867	61125	1	0.001458
60867	60905	1	0.001458
60867	60816	2	0.002915
60867	61074	1	0.001458
60867	60788	1	0.001458
60867	60859	2	0.002915
60867	60925	1	0.001458
60867	61054	1	0.001458
60868	60786	1	0.016393
60868	61043	1	0.016393
60868	60845	1	0.016393
60870	60800	1679	0.780567
60870	60801	1673	0.777778
60870	60805	14	0.006509
60870	60935	1679	0.780567
60870	60939	1677	0.779637
60870	61068	1679	0.780567
60870	60824	1679	0.780567
60870	60958	1679	0.780567
60870	60959	1679	0.780567
60870	60962	1679	0.780567
60870	60967	1679	0.780567
60870	60970	1679	0.780567
60870	61104	1679	0.780567
60870	60851	1679	0.780567
60870	60981	1679	0.780567
60870	60855	1679	0.780567
60870	60856	15765	7.329149
60870	60857	1673	0.777778
60870	60987	1679	0.780567
60870	60988	1679	0.780567
60870	60742	1679	0.780567
60870	61127	1673	0.777778
60870	60747	1691	0.786146
60870	61140	1683	0.782427
60870	60885	1679	0.780567
60870	60760	1679	0.780567
60870	60893	1679	0.780567
60870	60766	1679	0.780567
60870	60895	2	0.000930
60870	61153	1679	0.780567
60870	61026	1683	0.782427
60870	61029	1682	0.781962
60870	61034	1679	0.780567
60870	60908	1679	0.780567
60870	60783	1685	0.783357
60870	60785	1679	0.780567
60870	60914	1685	0.783357
60870	61043	1	0.000465
60870	60778	1679	0.780567
60870	61141	2	0.000930
60871	60944	1	0.006579
60871	61089	1	0.006579
60871	61043	1	0.006579
60871	61108	666	4.381579
60871	60805	5	0.032895
60872	61048	1	0.003333
60872	61043	1	0.003333
60872	60845	1	0.003333
60872	61006	1	0.003333
60872	60805	1	0.003333
60873	61048	4	0.000453
60873	61043	10	0.001134
60873	60989	577030	65.408071
60873	60741	3	0.000340
60873	60805	2	0.000227
60874	60805	2	0.000227
60874	61048	4	0.000453
60874	61043	9	0.001019
60874	60989	577393	65.404735
60874	60741	3	0.000340
60875	61048	4	0.000453
60875	61043	9	0.001018
60875	60989	578103	65.403666
60875	60741	3	0.000339
60875	60805	2	0.000226
60877	61048	4	0.000452
60877	61043	9	0.001016
60877	60989	579302	65.406119
60877	60741	3	0.000339
60877	60805	2	0.000226
60878	60860	2	0.285714
60879	61048	4	0.000458
60879	61043	9	0.001032
60879	60989	570602	65.398510
60879	60741	3	0.000344
60879	60805	2	0.000229
60880	61048	4	0.000451
60880	61043	9	0.001015
60880	60989	579794	65.402594
60880	60741	3	0.000338
60880	60805	2	0.000226
60881	61048	4	0.000454
60881	61043	9	0.001021
60881	60989	576570	65.400408
60881	60741	3	0.000340
60881	60805	2	0.000227
60882	61048	4	0.000453
60882	61043	9	0.001019
60882	60989	577294	65.393521
60882	60741	3	0.000340
60882	60805	2	0.000227
60883	61048	4	0.000452
60883	61043	9	0.001017
60883	60989	578682	65.402577
60883	60741	3	0.000339
60883	60805	2	0.000226
60884	61048	4	0.000445
60884	61043	9	0.001000
60884	60989	588406	65.392976
60884	60741	3	0.000333
60884	60805	2	0.000222
60885	60800	2872	0.841488
60885	60801	2862	0.838558
60885	60805	29	0.008497
60885	60935	2872	0.841488
60885	60939	2870	0.840902
60885	61068	2872	0.841488
60885	60824	2872	0.841488
60885	60958	2872	0.841488
60885	60959	2872	0.841488
60885	60962	2872	0.841488
60885	60870	2872	0.841488
60885	60967	2872	0.841488
60885	60970	2872	0.841488
60885	61104	2872	0.841488
60885	60851	2872	0.841488
60885	60981	2872	0.841488
60885	60855	2872	0.841488
60885	60856	23724	6.951069
60885	60857	5599	1.640492
60885	60987	2872	0.841488
60885	60988	2872	0.841488
60885	60742	2872	0.841488
60885	61127	2862	0.838558
60885	60747	2893	0.847641
60885	61140	2879	0.843539
60885	61141	3	0.000879
60885	60760	2872	0.841488
60885	60893	2872	0.841488
60885	60766	2872	0.841488
60885	60895	4	0.001172
60885	61153	2872	0.841488
60885	61026	2879	0.843539
60885	61029	2878	0.843246
60885	61034	2872	0.841488
60885	60908	2872	0.841488
60885	60783	2882	0.844418
60885	60785	2872	0.841488
60885	60914	2882	0.844418
60885	60778	2872	0.841488
60886	60805	2	0.000221
60886	61048	4	0.000442
60886	61043	9	0.000994
60886	60989	592276	65.387061
60886	60741	3	0.000331
60887	61048	4	0.000444
60887	61043	10	0.001111
60887	60989	588605	65.393290
60887	60741	3	0.000333
60887	60805	2	0.000222
60889	61125	1	0.004000
60889	61043	2	0.008000
60889	61014	1	0.004000
60889	61048	1	0.004000
60889	60857	1	0.004000
60889	60956	1	0.004000
60891	61092	3	0.001449
60891	60805	10	0.004831
60891	61101	1633	0.788889
60891	60751	1633	0.788889
60891	60752	1633	0.788889
60891	60787	1633	0.788889
60891	61045	1633	0.788889
60891	61049	2194	1.059903
60891	61043	3	0.001449
60892	60784	2	0.001544
60892	60765	1	0.000772
60893	60800	21943	0.916890
60893	60801	21935	0.916555
60893	60805	16	0.000669
60893	60935	21943	0.916890
60893	60939	21943	0.916890
60893	61068	21943	0.916890
60893	60824	21943	0.916890
60893	60958	21943	0.916890
60893	60959	21943	0.916890
60893	60962	21943	0.916890
60893	60870	21943	0.916890
60893	60967	21943	0.916890
60893	60970	21943	0.916890
60893	61104	21943	0.916890
60893	60851	21943	0.916890
60893	60981	21943	0.916890
60893	60855	21943	0.916890
60893	60856	117398	4.905482
60893	60857	21935	0.916555
60893	60987	21943	0.916890
60893	60988	21943	0.916890
60893	60742	21943	0.916890
60893	61127	21935	0.916555
60893	60747	21961	0.917642
60893	61007	6	0.000251
60893	61140	21949	0.917140
60893	60885	21943	0.916890
60893	60760	21943	0.916890
60893	60766	21943	0.916890
60893	60895	2	0.000084
60893	61153	21943	0.916890
60893	61026	21949	0.917140
60893	61029	21948	0.917098
60893	61034	21943	0.916890
60893	60908	21943	0.916890
60893	60783	21951	0.917224
60893	60785	21943	0.916890
60893	60914	21951	0.917224
60893	61043	1	0.000042
60893	60778	21943	0.916890
60893	61141	43733	1.827386
60894	60805	4	0.100000
60895	60931	1	0.010526
60895	60804	1	0.010526
60895	60805	1	0.010526
60895	60951	1	0.010526
60895	60946	1	0.010526
60895	61076	1	0.010526
60895	60823	1	0.010526
60895	61080	1	0.010526
60895	60830	1	0.010526
60895	61033	1	0.010526
60895	60833	1	0.010526
60895	60834	1	0.010526
60895	60838	1	0.010526
60895	60853	1	0.010526
60895	60856	1	0.010526
60895	60989	1	0.010526
60895	61118	5	0.052632
60895	60863	1	0.010526
60895	60993	1	0.010526
60895	60869	1	0.010526
60895	60743	1	0.010526
60895	60872	1	0.010526
60895	61130	1	0.010526
60895	61132	1	0.010526
60895	61133	1	0.010526
60895	61134	1	0.010526
60895	61135	1	0.010526
60895	61008	1	0.010526
60895	60890	1	0.010526
60895	60894	1	0.010526
60895	60900	1	0.010526
60895	60905	1	0.010526
60895	60781	1	0.010526
60895	60911	1	0.010526
60895	60913	1	0.010526
60895	60791	1	0.010526
60895	61049	1	0.010526
60896	60924	1	0.090909
60896	61006	1	0.090909
60896	60933	1	0.090909
60896	60814	1	0.090909
60898	60816	2	0.003053
60898	61125	30	0.045802
60898	60966	1	0.001527
60898	60775	1	0.001527
60898	61006	19	0.029008
60898	60784	6	0.009160
60898	61043	78	0.119084
60898	60788	7	0.010687
60898	61014	30	0.045802
60898	61048	33	0.050382
60898	60956	7	0.010687
60898	60989	71	0.108397
60898	61022	118	0.180153
60898	60991	1	0.001527
60899	60770	433	0.266790
60899	60805	42	0.025878
60899	60839	2	0.001232
60899	60775	1	0.000616
60899	60816	1	0.000616
60899	61125	1	0.000616
60900	61081	240	1.012658
60900	61043	1	0.004219
60900	61037	240	1.012658
60900	60934	240	1.012658
60900	61095	240	1.012658
60902	60805	2894	1.449900
60902	60816	1	0.000501
60902	61043	4	0.002004
60902	60789	1	0.000501
60902	60854	1	0.000501
60902	61125	1	0.000501
60903	61125	28	1.555556
60904	60738	2	0.004310
60905	61043	2	0.001860
60905	60805	13	0.012093
60906	60992	4	0.017544
60906	60900	59	0.258772
60906	61097	10	0.043860
60906	61130	59	0.258772
60906	61043	59	0.258772
60906	60926	71	0.311404
60908	60800	2659	0.834589
60908	60801	2651	0.832078
60908	60805	23	0.007219
60908	60935	2659	0.834589
60908	60939	2655	0.833333
60908	61068	2659	0.834589
60908	60824	2659	0.834589
60908	60958	2659	0.834589
60908	60959	2659	0.834589
60908	60962	2659	0.834589
60908	60870	2659	0.834589
60908	60967	2659	0.834589
60908	60970	2659	0.834589
60908	61104	2659	0.834589
60908	60851	2659	0.834589
60908	60981	2659	0.834589
60908	60855	2659	0.834589
60908	60856	19731	6.193032
60908	60857	2651	0.832078
60908	60987	2659	0.834589
60908	60988	2659	0.834589
60908	60742	2671	0.838355
60908	61127	2651	0.832078
60908	60747	2674	0.839297
60908	61140	2664	0.836158
60908	60885	2659	0.834589
60908	60760	2659	0.834589
60908	60893	2659	0.834589
60908	60766	2659	0.834589
60908	60895	4	0.001255
60908	61153	2659	0.834589
60908	61026	2664	0.836158
60908	61029	2663	0.835844
60908	61034	2659	0.834589
60908	60783	2667	0.837100
60908	60785	2659	0.834589
60908	60914	2667	0.837100
60908	60778	2659	0.834589
60908	61141	2	0.000628
60911	60845	3	0.002377
60911	60816	8	0.006339
60911	61043	6	0.004754
60911	61141	3	0.002377
60911	61048	10	0.007924
60911	61082	3	0.002377
60911	60765	3	0.002377
60911	60895	1	0.000792
60914	60800	2699	0.837159
60914	60801	2690	0.834367
60914	60805	24	0.007444
60914	60935	2699	0.837159
60914	60939	2696	0.836228
60914	61068	2699	0.837159
60914	60824	2699	0.837159
60914	60958	2699	0.837159
60914	60959	2699	0.837159
60914	60962	2699	0.837159
60914	60870	2699	0.837159
60914	60967	2699	0.837159
60914	60970	2699	0.837159
60914	61104	2699	0.837159
60914	60851	2699	0.837159
60914	60981	2699	0.837159
60914	60855	2699	0.837159
60914	60856	19908	6.174938
60914	60857	2690	0.834367
60914	60987	2699	0.837159
60914	60988	2699	0.837159
60914	60853	2	0.000620
60914	60742	2699	0.837159
60914	61127	2690	0.834367
60914	60747	2717	0.842742
60914	61140	2705	0.839020
60914	60885	2699	0.837159
60914	60760	2699	0.837159
60914	60893	2699	0.837159
60914	60766	2699	0.837159
60914	60895	4	0.001241
60914	61153	2699	0.837159
60914	61026	2705	0.839020
60914	61029	2704	0.838710
60914	61034	2699	0.837159
60914	60908	2699	0.837159
60914	60783	2708	0.839950
60914	60785	2699	0.837159
60914	60778	2699	0.837159
60914	61141	2	0.000620
60915	60816	3	1.000000
60915	60829	1	0.333333
60916	60816	3	0.103448
60918	61043	9	0.900000
60918	61125	2	0.200000
60918	60814	4	0.400000
60920	60913	4263	4.578947
60921	60793	1	0.003663
60921	61125	1	0.003663
60922	61149	10	0.833333
60922	60775	22	1.833333
60923	61072	2	0.003817
60923	60816	2	0.003817
60923	61060	2	0.003817
60923	60925	2	0.003817
60923	61006	3	0.005725
60924	60867	1	0.083333
60924	61060	1	0.083333
60924	61125	3	0.250000
60924	60775	2	0.166667
60924	61014	1	0.083333
60924	61006	3	0.250000
60924	60978	1	0.083333
60924	61043	1	0.083333
60924	60854	1	0.083333
60924	60759	1	0.083333
60924	60857	1	0.083333
60924	60892	1	0.083333
60925	60903	1	0.000818
60925	60816	1	0.000818
60925	60792	2	0.001637
60925	61043	1	0.000818
60925	60756	1	0.000818
60925	61013	77	0.063011
60925	61048	1	0.000818
60925	60820	2	0.001637
60925	61082	1	0.000818
60925	60991	1	0.000818
60926	61043	3	0.136364
60927	60833	35	0.686275
