Src	Trg	LinkCount	RelLinkCount
33280	33176	636	0.832461
33280	33290	636	0.832461
33280	33533	636	0.832461
33282	33176	3	0.007282
33282	33245	4	0.009709
33284	33245	1	0.002037
33284	33294	6	0.012220
33285	33383	1	0.020000
33285	33545	4	0.080000
33285	33579	1	0.020000
33285	33548	1	0.020000
33285	33359	1	0.020000
33285	33648	1	0.020000
33285	33628	1	0.020000
33286	33452	2	0.076923
33286	33581	1	0.038462
33286	33534	1	0.038462
33286	33679	1	0.038462
33287	33176	3	0.069767
33288	33216	1	0.001808
33288	33176	1	0.001808
33288	33237	358	0.647378
33288	33534	1	0.001808
33288	33581	1	0.001808
33290	33488	2	0.001727
33290	33675	3	0.002591
33290	33526	1	0.000864
33290	33545	1156	0.998273
33290	33163	1	0.000864
33290	33452	2	0.001727
33290	33294	1	0.000864
33290	33679	1	0.000864
33290	33168	2	0.001727
33290	33406	1	0.000864
33290	33142	21	0.018135
33290	33176	4	0.003454
33290	33407	1	0.000864
33290	33245	1	0.000864
33290	33534	3	0.002591
33290	33301	1	0.000864
33291	33534	2	0.057143
33292	33168	3	0.040541
33292	33648	3	0.040541
33292	33545	2	0.027027
33292	33163	4	0.054054
33292	33136	3	0.040541
33292	33176	3	0.040541
33292	33534	3	0.040541
33294	33376	2	0.080000
33294	33251	2	0.080000
33294	33290	1	0.040000
33294	33655	2	0.080000
33294	33452	1	0.040000
33294	33679	1	0.040000
33294	33681	1	0.040000
33294	33273	2	0.080000
33294	33529	1	0.040000
33294	33534	1	0.040000
33295	33506	1	0.055556
33297	33203	353	3.966292
33297	33452	1	0.011236
33298	33288	5	0.003320
33298	33545	2	0.001328
33298	33675	2	0.001328
33298	33168	1	0.000664
33298	33688	23	0.015272
33298	33176	3	0.001992
33298	33310	2	0.001328
33298	33136	11	0.007304
33298	33189	2	0.001328
33298	33447	1	0.000664
33298	33339	1	0.000664
33298	33163	3	0.001992
33298	33604	2	0.001328
33298	33488	8	0.005312
33298	33247	2	0.001328
33298	33506	3	0.001992
33298	33251	2	0.001328
33298	33253	2	0.001328
33298	33126	2	0.001328
33298	33133	1	0.000664
33298	33648	4	0.002656
33298	33530	2	0.001328
33298	33534	3	0.001992
33300	33168	1	0.035714
33301	33545	2	0.003643
33301	33675	907	1.652095
33301	33679	1	0.001821
33301	33168	4	0.007286
33301	33427	1	0.001821
33301	33173	1	0.001821
33301	33176	2	0.003643
33301	33314	5	0.009107
33301	33573	2	0.003643
33301	33323	1	0.001821
33301	33452	12	0.021858
33301	33325	1	0.001821
33301	33456	34	0.061931
33301	33351	1	0.001821
33301	33488	1	0.001821
33301	33273	1	0.001821
33301	33245	1	0.001821
33301	33251	4	0.007286
33301	33581	4	0.007286
33301	33515	1	0.001821
33301	33134	5	0.009107
33301	33139	2	0.003643
33301	33534	1	0.001821
33301	33142	1	0.001821
33301	33529	2	0.003643
33301	33406	2	0.003643
33302	33675	1	0.009901
33302	33581	7	0.069307
33302	33374	7718	76.415842
33303	33506	29	1.000000
33304	33620	1	0.076923
33304	33141	1	0.076923
33305	33176	1	0.142857
33307	33314	1	0.015385
33307	33675	1	0.015385
33307	33445	1	0.015385
33307	33515	1	0.015385
33307	33129	4	0.061538
33307	33290	1	0.015385
33307	33163	1	0.015385
33307	33452	2	0.030769
33307	33581	1	0.015385
33307	33235	10	0.153846
33307	33533	1	0.015385
33307	33168	1	0.015385
33307	33683	1	0.015385
33307	33141	5	0.076923
33307	33176	2	0.030769
33307	33276	1	0.015385
33307	33245	1	0.015385
33307	33557	1	0.015385
33309	33681	1	0.006993
33309	33573	1	0.006993
33309	33255	1	0.006993
33309	33577	1	0.006993
33309	33452	2	0.013986
33309	33679	2	0.013986
33309	33649	1	0.006993
33309	33428	1	0.006993
33309	33273	1	0.006993
33309	33176	23	0.160839
33309	33529	1	0.006993
33309	33276	2	0.013986
33309	33534	1	0.006993
33310	33452	2	1.000000
33311	33675	1	0.006897
33312	33300	1	0.015152
33177	33251	9	0.034615
33177	33163	10	0.038462
33177	33581	13	0.050000
33177	33134	1	0.003846
33177	33168	3	0.011538
33177	33270	1	0.003846
33177	33245	3	0.011538
33314	33168	2	0.004902
33315	33291	1	0.027027
33315	33163	1	0.027027
33315	33511	1	0.027027
33315	33541	1	0.027027
33315	33251	1	0.027027
33318	33176	4	0.108108
33318	33393	1	0.027027
33320	33154	17	0.166667
33320	33251	1	0.009804
33320	33545	1	0.009804
33320	33515	1	0.009804
33320	33516	3	0.029412
33320	33134	1	0.009804
33320	33295	3	0.029412
33320	33270	1322	12.960784
33320	33163	1	0.009804
33321	33176	7	0.700000
33323	33506	3	0.004942
33323	33251	3	0.004942
33323	33545	466	0.767710
33323	33290	2	0.003295
33323	33675	5	0.008237
33323	33516	3	0.004942
33323	33134	3591	5.915980
33323	33679	5	0.008237
33323	33584	1	0.001647
33323	33393	491	0.808896
33323	33327	1	0.001647
33323	33534	2	0.003295
33324	33176	1	0.125000
33326	33176	3	0.040000
33329	33176	10	0.333333
33330	33288	2328	258.666667
33330	33237	9	1.000000
33331	33176	2	0.285714
33336	33534	5	1.000000
33339	33452	1	0.021277
33341	33176	373	0.655536
33341	33245	28	0.049209
33343	33675	1	0.333333
33345	33371	3	0.100000
33346	33288	1	0.016949
33349	33176	4	0.105263
33351	33445	1	0.004237
33351	33290	30	0.127119
33351	33675	3	0.012712
33351	33452	3	0.012712
33351	33273	2	0.008475
33351	33503	4	0.016949
33351	33533	1	0.004237
33351	33534	3	0.012712
33351	33343	1	0.004237
33353	33176	2	0.003891
33353	33300	1	0.001946
33353	33423	1	0.001946
33356	33283	1	0.003610
33356	33286	1	0.003610
33356	33288	53	0.191336
33356	33290	2506	9.046931
33356	33291	1	0.003610
33356	33294	6	0.021661
33356	33295	2	0.007220
33356	33298	2	0.007220
33356	33300	2	0.007220
33356	33301	27	0.097473
33356	33304	4	0.014440
33356	33305	4	0.014440
33356	33307	1	0.003610
33356	33310	7	0.025271
33356	33314	1128	4.072202
33356	33315	3	0.010830
33356	33322	1	0.003610
33356	33323	1	0.003610
33356	33327	1	0.003610
33356	33337	3	0.010830
33356	33346	1	0.003610
33356	33348	1	0.003610
33356	33351	3	0.010830
33356	33359	3	0.010830
33356	33360	3	0.010830
33356	33364	1	0.003610
33356	33374	1	0.003610
33356	33376	11	0.039711
33356	33383	1	0.003610
33356	33387	1	0.003610
33356	33391	2	0.007220
33356	33393	6	0.021661
33356	33406	1	0.003610
33356	33407	10	0.036101
33356	33409	1	0.003610
33356	33424	1	0.003610
33356	33428	1	0.003610
33356	33439	1	0.003610
33356	33136	16	0.057762
33356	33452	7	0.025271
33356	33456	1	0.003610
33356	33476	17	0.061372
33356	33481	2	0.007220
33356	33488	3	0.010830
33356	33491	5	0.018051
33356	33146	1	0.003610
33356	33503	2	0.007220
33356	33506	18	0.064982
33356	33511	2	0.007220
33356	33515	1	0.003610
33356	33516	1	0.003610
33356	33529	2	0.007220
33356	33533	1	0.003610
33356	33534	6	0.021661
33356	33538	1	0.003610
33356	33541	2	0.007220
33356	33545	7	0.025271
33356	33548	1	0.003610
33356	33557	1	0.003610
33356	33558	1	0.003610
33356	33563	1	0.003610
33356	33564	4	0.014440
33356	33570	3	0.010830
33356	33573	1	0.003610
33356	33577	1	0.003610
33356	33579	3	0.010830
33356	33581	21	0.075812
33356	33584	2	0.007220
33356	33589	1	0.003610
33356	33594	1	0.003610
33356	33598	1	0.003610
33356	33599	1	0.003610
33356	33602	1	0.003610
33356	33163	6	0.021661
33356	33625	1	0.003610
33356	33627	13	0.046931
33356	33628	3	0.010830
33356	33638	6	0.021661
33356	33681	2	0.007220
33356	33129	1	0.003610
33356	33133	3	0.010830
33356	33134	17	0.061372
33356	33647	1	0.003610
33356	33648	1	0.003610
33356	33141	12	0.043321
33356	33142	2	0.007220
33356	33655	14	0.050542
33356	33658	4	0.014440
33356	33659	4	0.014440
33356	33660	3	0.010830
33356	33668	1	0.003610
33356	33160	4	0.014440
33356	33162	1	0.003610
33356	33675	78	0.281588
33356	33679	5	0.018051
33356	33168	1698	6.129964
33356	33176	575	2.075812
33356	33683	1	0.003610
33356	33684	3	0.010830
33356	33688	8	0.028881
33356	33182	9	0.032491
33356	33189	4	0.014440
33356	33192	1	0.003610
33356	33194	1	0.003610
33356	33213	6	0.021661
33356	33215	2	0.007220
33356	33216	4	0.014440
33356	33223	3	0.010830
33356	33226	1	0.003610
33356	33235	1	0.003610
33356	33237	2	0.007220
33356	33238	3	0.010830
33356	33243	2	0.007220
33356	33245	1153	4.162455
33356	33247	2	0.007220
33356	33250	3	0.010830
33356	33253	2	0.007220
33356	33255	1	0.003610
33356	33270	2	0.007220
33356	33273	3	0.010830
33356	33276	1	0.003610
33358	33176	2	0.003914
33358	33353	40557	79.367906
33358	33300	1	0.001957
33358	33423	1	0.001957
33359	33648	9	0.027108
33359	33545	2	0.006024
33360	33163	2	0.008658
33360	33245	3	0.012987
33360	33534	1	0.004329
33360	33589	1	0.004329
33361	33383	1	0.038462
33361	33545	1	0.038462
33361	33579	1	0.038462
33361	33548	1	0.038462
33361	33359	1	0.038462
33361	33648	1	0.038462
33361	33492	1	0.038462
33361	33620	1	0.038462
33361	33300	1	0.038462
33361	33628	1	0.038462
33363	33176	1351	3.120092
33363	33300	1	0.002309
33363	33294	3	0.006928
33364	33376	1	0.003401
33364	33288	1	0.003401
33364	33514	2	0.006803
33364	33452	1	0.003401
33364	33581	1	0.003401
33364	33679	1	0.003401
33364	33168	1	0.003401
33364	33141	1	0.003401
33364	33627	1	0.003401
33364	33534	2	0.006803
33364	33503	1	0.003401
33367	33176	2	0.012500
33368	33176	35	0.945946
33368	33290	2	0.054054
33369	33168	1	0.100000
33369	33452	1	0.100000
33369	33581	2	0.200000
33371	33573	1	0.004975
33371	33255	1	0.004975
33371	33192	1	0.004975
33371	33515	3	0.014925
33371	33452	2	0.009950
33371	33679	1	0.004975
33371	33424	2	0.009950
33371	33681	1	0.004975
33371	33683	1	0.004975
33371	33428	1	0.004975
33371	33273	1	0.004975
33371	33176	85	0.422886
33371	33529	2	0.009950
33371	33533	1	0.004975
33371	33534	10	0.049751
33374	33675	1	0.009901
33374	33581	7	0.069307
33378	33176	7	0.269231
33379	33176	868	1.850746
33379	33283	3	0.006397
33379	33452	1	0.002132
33379	33679	1	0.002132
33380	33581	2	1.000000
33381	33176	14	0.086420
33382	33294	1	0.005128
33383	33545	1	0.055556
33383	33579	1	0.055556
33383	33359	2	0.111111
33383	33648	3	0.166667
33383	33655	1	0.055556
33383	33176	1	0.055556
33383	33628	1	0.055556
33383	33407	1	0.055556
33384	33176	1	0.071429
33384	33134	1	0.071429
33384	33558	2	0.142857
33385	33376	209	0.229670
33385	33176	209	0.229670
33385	33538	1	0.001099
33385	33452	1	0.001099
33388	33176	10	0.019763
33388	33515	1	0.001976
33388	33294	1	0.001976
33390	33376	1	0.011765
33390	33577	2	0.023529
33390	33452	2	0.023529
33390	33294	7	0.082353
33390	33176	181	2.129412
33390	33564	4	0.047059
33390	33245	7	0.082353
33390	33534	2	0.023529
33390	33407	1	0.011765
33391	33648	1	0.062500
33392	33176	5	0.027027
33392	33300	1	0.005405
33393	33134	49343	7.036937
33394	33506	21	1.000000
33397	33176	2	1.000000
33398	33176	15	3.750000
33400	33249	2	0.012821
33400	33315	1	0.006410
33400	33141	2	0.012821
33400	33288	1	0.006410
33400	33545	1	0.006410
33400	33581	169	1.083333
33400	33168	1	0.006410
33400	33235	2	0.012821
33400	33301	1	0.006410
33400	33407	1	0.006410
33401	33130	431	5.070588
33407	33376	2	0.028571
33407	33314	6	0.085714
33407	33447	3	0.042857
33407	33545	1	0.014286
33407	33163	3	0.042857
33407	33304	1	0.014286
33407	33236	2	0.028571
33407	33301	2	0.028571
33407	33655	9	0.128571
33407	33176	2	0.028571
33408	33323	1	0.071429
33408	33141	3	0.214286
33408	33245	1	0.071429
33409	33288	2	0.003839
33409	33168	2	0.003839
33409	33406	2	0.003839
33409	33294	3	0.005758
33409	33247	1	0.001919
33411	33168	1	0.014706
33411	33141	1	0.014706
33412	33176	24	0.235294
33415	33176	8	0.195122
33638	33147	1	0.041667
33420	33250	1	0.002584
33420	33675	4	0.010336
33420	33647	1	0.002584
33421	33554	1	0.045455
33421	33125	1	0.045455
33421	33222	1	0.045455
33422	33283	6	0.016807
33423	33679	3	0.200000
33424	33168	1	0.000962
33424	33406	3	0.002887
33424	33294	5	0.004812
33425	33406	1	0.023810
33425	33294	2	0.047619
33425	33245	1	0.023810
33427	33176	7	0.090909
33428	33156	43	0.017152
33428	33351	1	0.000399
33428	33529	1	0.000399
33428	33452	2	0.000798
33428	33679	1	0.000399
33428	33488	1	0.000399
33428	33681	3	0.001197
33428	33273	1	0.000399
33428	33625	43	0.017152
33428	33534	1	0.000399
33646	33452	1	0.018182
33646	33679	1	0.018182
33646	33273	1	0.018182
33646	33176	7	0.127273
33646	33529	1	0.018182
33646	33534	1	0.018182
33430	33452	1	0.029412
33430	33126	1	0.029412
33432	33409	1	0.010417
33432	33538	1	0.010417
33432	33283	1	0.010417
33432	33288	1	0.010417
33432	33679	2	0.020833
33432	33424	1	0.010417
33432	33681	1	0.010417
33432	33683	1	0.010417
33432	33428	1	0.010417
33432	33301	1	0.010417
33432	33305	1	0.010417
33432	33439	1	0.010417
33432	33314	1	0.010417
33432	33573	1	0.010417
33432	33192	1	0.010417
33432	33452	1	0.010417
33432	33581	1	0.010417
33432	33529	1	0.010417
33432	33627	1	0.010417
33432	33376	1	0.010417
33432	33168	1	0.010417
33432	33506	1	0.010417
33432	33126	1	0.010417
33432	33515	1	0.010417
33432	33136	1	0.010417
33432	33273	1	0.010417
33432	33276	1	0.010417
33432	33533	1	0.010417
33432	33534	1	0.010417
33432	33407	1	0.010417
33434	33251	3	0.028846
33434	33253	76	0.730769
33434	33450	1	0.009615
33434	33163	2	0.019231
33434	33681	1	0.009615
33434	33691	1	0.009615
33434	33660	2	0.019231
33647	33538	1	0.008197
33647	33288	1	0.008197
33647	33417	1	0.008197
33647	33290	1	0.008197
33647	33420	2	0.016393
33647	33679	1	0.008197
33647	33168	3	0.024590
33647	33681	1	0.008197
33647	33428	2	0.016393
33647	33176	2	0.016393
33647	33587	10	0.081967
33647	33322	2	0.016393
33647	33452	2	0.016393
33647	33581	2	0.016393
33647	33203	1	0.008197
33647	33545	1	0.008197
33647	33351	1	0.008197
33647	33492	1	0.008197
33647	33250	3	0.024590
33647	33141	3	0.024590
33647	33526	2	0.016393
33647	33534	2	0.016393
33165	33472	1	0.050000
33165	33284	1	0.050000
33165	33393	2	0.100000
33165	33288	1	0.050000
33165	33675	2	0.100000
33165	33452	1	0.050000
33165	33581	1	0.050000
33165	33326	2	0.100000
33165	33679	2	0.100000
33165	33168	1	0.050000
33165	33681	2	0.100000
33165	33268	1	0.050000
33165	33173	1	0.050000
33165	33273	1	0.050000
33165	33627	1	0.050000
33165	33276	1	0.050000
33165	33534	1	0.050000
33439	33409	1	0.002132
33439	33538	1	0.002132
33439	33192	1	0.002132
33439	33515	1	0.002132
33439	33452	1	0.002132
33439	33294	1	0.002132
33439	33213	1	0.002132
33439	33424	1	0.002132
33439	33681	1	0.002132
33439	33618	1	0.002132
33439	33683	1	0.002132
33439	33428	1	0.002132
33439	33141	1	0.002132
33439	33529	1	0.002132
33439	33679	1	0.002132
33439	33276	1	0.002132
33439	33533	1	0.002132
33439	33406	1	0.002132
33440	33176	1	0.009709
33441	33176	36	0.720000
33441	33141	3	0.060000
33443	33176	29	0.144279
33443	33577	1	0.004975
33447	33176	2	0.040816
33447	33163	1	0.020408
33448	33130	202	2.376471
33448	33529	1	0.011765
33448	33452	1	0.011765
33448	33294	1	0.011765
33448	33679	1	0.011765
33448	33681	1	0.011765
33448	33234	1	0.011765
33448	33683	1	0.011765
33448	33273	1	0.011765
33448	33176	1	0.011765
33448	33177	1	0.011765
33448	33534	1	0.011765
33450	33563	2	0.003049
33450	33251	1	0.001524
33450	33615	1	0.001524
33451	33176	865	1.844350
33451	33283	2	0.004264
33451	33379	429	0.914712
33451	33452	1	0.002132
33451	33679	1	0.002132
33452	33168	1	0.000774
33452	33290	1	0.000774
33452	33675	1	0.000774
33452	33516	2	0.001548
33452	33294	32	0.024768
33452	33488	576	0.445820
33452	33526	427	0.330495
33452	33627	1	0.000774
33452	33534	2	0.001548
33452	33407	3	0.002322
33455	33176	3	0.006122
33457	33176	4	0.006309
33457	33384	188	0.296530
33457	33468	188	0.296530
33462	33200	6	0.125000
33462	33163	3	0.062500
33462	33476	2	0.041667
33462	33534	1	0.020833
33462	33251	2	0.041667
33463	33176	4	0.015267
33465	33176	1	0.037037
33466	33176	1	0.111111
33468	33384	1	0.000509
33468	33176	2	0.001018
33470	33176	11	0.916667
33470	33178	6	0.500000
33471	33176	4	0.166667
33475	33141	25	1.000000
33476	33288	46	0.938776
33476	33581	1	0.020408
33481	33288	5	0.003281
33481	33545	2	0.001312
33481	33675	2	0.001312
33481	33168	1	0.000656
33481	33688	23	0.015092
33481	33176	3	0.001969
33481	33310	2	0.001312
33481	33648	4	0.002625
33481	33189	4	0.002625
33481	33447	1	0.000656
33481	33339	1	0.000656
33481	33163	3	0.001969
33481	33604	2	0.001312
33481	33488	8	0.005249
33481	33247	2	0.001312
33481	33506	3	0.001969
33481	33251	2	0.001312
33481	33253	2	0.001312
33481	33126	2	0.001312
33481	33133	1	0.000656
33481	33136	9	0.005906
33481	33530	2	0.001312
33481	33534	3	0.001969
33655	33376	1	0.007576
33655	33545	1	0.007576
33655	33301	1	0.007576
33655	33407	406	3.075758
33484	33176	2	0.083333
33485	33168	2	0.023529
33485	33675	2	0.023529
33485	33439	2	0.023529
33485	33581	4	0.047059
33485	33679	59	0.694118
33488	33163	1	0.000733
33488	33160	2	0.001465
33488	33290	2	0.001465
33488	33675	1	0.000733
33488	33452	33	0.024176
33488	33294	15	0.010989
33488	33301	1	0.000733
33488	33273	2	0.001465
33488	33245	2	0.001465
33488	33534	2	0.001465
33488	33407	3	0.002198
33489	33283	3	0.013953
33489	33288	1	0.004651
33489	33546	1	0.004651
33489	33163	1	0.004651
33489	33294	1	0.004651
33489	33688	1	0.004651
33489	33554	2	0.009302
33489	33177	1	0.004651
33489	33176	1	0.004651
33489	33689	1	0.004651
33489	33564	1	0.004651
33489	33189	1	0.004651
33489	33581	1	0.004651
33489	33327	2	0.009302
33489	33200	1	0.004651
33489	33589	1	0.004651
33489	33209	1	0.004651
33489	33596	1	0.004651
33489	33290	1	0.004651
33489	33359	1	0.004651
33489	33235	1	0.004651
33489	33237	1	0.004651
33489	33627	1	0.004651
33489	33245	1	0.004651
33489	33376	1	0.004651
33489	33249	1	0.004651
33489	33251	3	0.013953
33489	33380	2	0.009302
33489	33129	2	0.009302
33489	33134	1	0.004651
33489	33136	1	0.004651
33489	33141	1	0.004651
33489	33270	1	0.004651
33489	33655	1	0.004651
33489	33660	1	0.004651
33489	33407	1	0.004651
33491	33689	1	0.002247
33491	33665	2	0.004494
33491	33237	2	0.004494
33491	33409	1	0.002247
33492	33168	12	6.000000
33492	33176	4	2.000000
33492	33314	8	4.000000
33492	33245	8	4.000000
33493	33176	1	0.004329
33496	33176	2	1.000000
33497	33176	44	0.936170
33499	33176	1	0.111111
33146	33129	110	1.000000
33146	33307	2	0.018182
33146	33452	2	0.018182
33146	33301	35	0.318182
33146	33294	1	0.009091
33503	33681	1	0.000299
33503	33351	1	0.000299
33503	33452	1	0.000299
33503	33273	1	0.000299
33506	33516	2	1.000000
33506	33134	4	2.000000
33512	33176	4	1.000000
33512	33178	52	13.000000
33513	33176	12	0.218182
33513	33245	6	0.109091
33515	33290	1	0.002475
33515	33163	1	0.002475
33515	33452	1	0.002475
33515	33294	1	0.002475
33515	33681	1	0.002475
33515	33618	1	0.002475
33515	33301	1	0.002475
33515	33182	1	0.002475
33515	33273	1	0.002475
33515	33529	1	0.002475
33515	33406	9	0.022277
33515	33534	2	0.004950
33515	33407	1	0.002475
33516	33456	4	0.012270
33516	33314	6	0.018405
33516	33251	2	0.006135
33516	33270	3	0.009202
33516	33189	4	0.012270
33516	33545	6	0.018405
33516	33290	39	0.119632
33516	33163	8	0.024540
33516	33581	6	0.018405
33516	33134	9	0.027607
33516	33679	358	1.098160
33516	33168	6	0.018405
33516	33176	31	0.095092
33516	33428	1	0.003067
33516	33301	2	0.006135
33516	33538	5	0.015337
33516	33688	6	0.018405
33516	33506	19	0.058282
33516	33530	6	0.018405
33516	33627	3	0.009202
33516	33295	12	0.036810
33518	33371	1	0.142857
33522	33176	3	0.006928
33522	33282	740	1.709007
33522	33245	6	0.013857
33523	33176	1	0.017857
33523	33452	1	0.017857
33523	33141	68	1.214286
33523	33534	10	0.178571
33525	33409	1	0.002732
33525	33452	3	0.008197
33525	33424	1	0.002732
33525	33618	1	0.002732
33525	33529	1	0.002732
33525	33176	7	0.019126
33525	33273	1	0.002732
33525	33534	1	0.002732
33526	33452	170	0.720339
33526	33647	500	2.118644
33527	33176	12	0.016973
33527	33225	1577	2.230552
33527	33538	2	0.002829
33527	33452	2	0.002829
33527	33407	1	0.001414
33528	33176	4	0.013468
33529	33452	1	0.001311
33529	33294	384	0.503277
33529	33679	1	0.001311
33529	33681	1	0.001311
33529	33236	1	0.001311
33529	33176	375	0.491481
33529	33273	1	0.001311
33529	33245	1	0.001311
33529	33534	1	0.001311
33529	33407	3	0.003932
33649	33573	1	0.001565
33649	33255	1	0.001565
33649	33577	1	0.001565
33649	33452	1	0.001565
33649	33679	4	0.006260
33649	33681	1	0.001565
33649	33428	1	0.001565
33649	33273	1	0.001565
33649	33176	396	0.619718
33649	33529	1	0.001565
33649	33534	1	0.001565
33533	33409	1	0.001802
33533	33538	1	0.001802
33533	33351	4	0.007207
33533	33515	1	0.001802
33533	33452	1	0.001802
33533	33424	1	0.001802
33533	33618	1	0.001802
33533	33683	1	0.001802
33533	33428	1	0.001802
33533	33141	1	0.001802
33533	33176	2	0.003604
33533	33529	1	0.001802
33533	33276	1	0.001802
33533	33245	1	0.001802
33533	33406	544	0.980180
33533	33439	1	0.001802
33534	33288	3	0.000882
33534	33290	4	0.001176
33534	33163	3	0.000882
33534	33294	2	0.000588
33534	33301	1	0.000294
33534	33176	15	0.004410
33534	33314	1	0.000294
33534	33452	1	0.000294
33534	33581	1	0.000294
33534	33584	35	0.010291
33534	33589	5	0.001470
33534	33337	1	0.000294
33534	33351	2	0.000588
33534	33488	1	0.000294
33534	33620	1	0.000294
33534	33627	2	0.000588
33534	33245	2	0.000588
33534	33360	3	0.000882
33534	33142	38	0.011173
33534	33273	1	0.000294
33534	33659	6	0.001764
33534	33407	7	0.002058
33538	33376	1	0.001477
33538	33223	1	0.001477
33538	33452	2	0.002954
33538	33420	1	0.001477
33538	33581	1	0.001477
33538	33294	1	0.001477
33538	33647	20	0.029542
33538	33587	1	0.001477
33538	33237	1	0.001477
33538	33526	1	0.001477
33538	33176	1	0.001477
33538	33534	1	0.001477
33542	33452	1	0.001142
33542	33534	7	0.007991
33542	33679	1	0.001142
33153	33529	1	0.047619
33544	33288	76	0.093481
33544	33545	1	0.001230
33544	33163	123	0.151292
33544	33679	1	0.001230
33544	33301	6	0.007380
33544	33314	6	0.007380
33544	33189	6	0.007380
33544	33452	7	0.008610
33544	33581	2	0.002460
33544	33584	1	0.001230
33544	33476	2	0.002460
33544	33142	8	0.009840
33544	33237	42	0.051661
33544	33245	24	0.029520
33544	33506	5	0.006150
33544	33251	5786	7.116851
33544	33516	1	0.001230
33544	33134	1	0.001230
33544	33270	6	0.007380
33544	33273	1	0.001230
33544	33660	2	0.002460
33544	33534	8	0.009840
33545	33300	1	0.023256
33545	33655	1	0.023256
33548	33383	1	0.041667
33548	33545	3	0.125000
33548	33579	1	0.041667
33548	33359	1	0.041667
33548	33648	7	0.291667
33548	33628	1	0.041667
33154	33660	1	0.009174
33554	33632	3	0.063830
33554	33378	5	0.106383
33554	33125	6	0.127660
33554	33351	1	0.021277
33554	33421	1	0.021277
33554	33134	2	0.042553
33554	33295	2	0.042553
33554	33136	2	0.042553
33554	33176	1	0.021277
33554	33581	1	0.021277
33555	33176	2	0.666667
33557	33176	1	0.083333
33557	33129	2	0.166667
33557	33684	1	0.083333
33557	33134	1	0.083333
33557	33351	1	0.083333
33558	33384	33	0.089918
33558	33176	1	0.002725
33558	33134	1	0.002725
33176	33280	2	0.008969
33176	33282	2	0.008969
33176	33290	3	0.013453
33176	33309	2	0.008969
33176	33311	2	0.008969
33176	33312	1	0.004484
33176	33317	1	0.004484
33176	33318	1	0.004484
33176	33321	2	0.008969
33176	33325	2	0.008969
33176	33326	2	0.008969
33176	33329	2	0.008969
33176	33341	1	0.004484
33176	33349	1	0.004484
33176	33353	1	0.004484
33176	33363	2	0.008969
33176	33367	2	0.008969
33176	33371	2	0.008969
33176	33378	1	0.004484
33176	33379	1	0.004484
33176	33381	1	0.004484
33176	33385	2	0.008969
33176	33389	1	0.004484
33176	33390	2	0.008969
33176	33392	1	0.004484
33176	33397	2	0.008969
33176	33398	2	0.008969
33176	33404	2	0.008969
33176	33407	3	0.013453
33176	33412	1	0.004484
33176	33415	2	0.008969
33176	33427	1	0.004484
33176	33440	2	0.008969
33176	33441	2	0.008969
33176	33443	2	0.008969
33176	33457	2	0.008969
33176	33458	2	0.008969
33176	33463	2	0.008969
33176	33465	2	0.008969
33176	33467	2	0.008969
33176	33468	442	1.982063
33176	33469	2	0.008969
33176	33470	2	0.008969
33176	33472	1	0.004484
33176	33473	2	0.008969
33176	33655	4	0.017937
33176	33484	2	0.008969
33176	33493	1	0.004484
33176	33496	2	0.008969
33176	33497	2	0.008969
33176	33514	2	0.008969
33176	33519	1	0.004484
33176	33525	1	0.004484
33176	33528	1	0.004484
33176	33532	2	0.008969
33176	33542	1	0.004484
33176	33554	1	0.004484
33176	33569	440	1.973094
33176	33590	2	0.008969
33176	33591	3	0.013453
33176	33610	2	0.008969
33176	33616	2	0.008969
33176	33621	2	0.008969
33176	33624	2	0.008969
33176	33631	2	0.008969
33176	33122	2	0.008969
33176	33127	1	0.004484
33176	33128	2	0.008969
33176	33130	2	0.008969
33176	33132	2	0.008969
33176	33646	2	0.008969
33176	33135	1	0.004484
33176	33649	1	0.004484
33176	33651	2	0.008969
33176	33143	1	0.004484
33176	33151	2	0.008969
33176	33664	2	0.008969
33176	33676	1	0.004484
33176	33173	2	0.008969
33176	33685	1	0.004484
33176	33178	1	0.004484
33176	33185	2	0.008969
33176	33188	1	0.004484
33176	33190	1	0.004484
33176	33193	2	0.008969
33176	33197	2	0.008969
33176	33201	1	0.004484
33176	33203	2	0.008969
33176	33220	2	0.008969
33176	33224	1	0.004484
33176	33228	3	0.013453
33176	33231	2	0.008969
33176	33248	2	0.008969
33176	33252	2	0.008969
33176	33256	2	0.008969
33176	33267	3	0.013453
33176	33268	2	0.008969
33176	33274	2	0.008969
33156	33141	1	0.028571
33563	33121	2	0.200000
33563	33288	3	0.300000
33563	33450	4	0.400000
33563	33323	1	0.100000
33563	33615	4	0.400000
33563	33141	7	0.700000
33563	33178	2	0.200000
33563	33343	4	0.400000
33564	33168	2	0.057143
33565	33383	1	0.028571
33565	33545	2	0.057143
33565	33579	1	0.028571
33565	33548	1	0.028571
33565	33359	1	0.028571
33565	33648	1	0.028571
33565	33361	1	0.028571
33565	33300	1	0.028571
33565	33628	1	0.028571
33568	33288	79	0.987500
33568	33668	1	0.012500
33568	33596	79	0.987500
33568	33245	79	0.987500
33569	33620	1	0.010417
33570	33294	1	0.052632
33573	33506	1	0.002242
33573	33273	2	0.004484
33573	33322	1	0.002242
33573	33452	3	0.006726
33573	33294	1	0.002242
33573	33679	1	0.002242
33573	33648	1	0.002242
33573	33618	1	0.002242
33573	33534	4	0.008969
33573	33529	1	0.002242
33573	33337	1	0.002242
33573	33245	1	0.002242
33573	33307	2	0.004484
33573	33226	1	0.002242
33573	33406	9	0.020179
33573	33407	2	0.004484
33574	33176	51	0.894737
33574	33322	51	0.894737
33575	33288	1	0.016129
33577	33409	1	0.001901
33577	33452	2	0.003802
33579	33548	1	0.200000
33579	33628	1	0.200000
33579	33359	1	0.200000
33580	33201	1	0.043478
33581	33184	2	0.007874
33581	33249	2	0.007874
33581	33251	2	0.007874
33581	33126	1	0.003937
33581	33288	1	0.003937
33581	33545	1	0.003937
33581	33301	23	0.090551
33581	33294	2	0.007874
33581	33168	2	0.007874
33581	33315	1	0.003937
33581	33235	2	0.007874
33581	33141	2	0.007874
33581	33530	1	0.003937
33581	33564	2	0.007874
33581	33407	1	0.003937
33584	33506	6	0.008086
33584	33251	2	0.002695
33584	33545	1	0.001348
33584	33675	4	0.005391
33584	33134	51	0.068733
33584	33679	6	0.008086
33584	33245	6	0.008086
33584	33534	7	0.009434
33587	33250	17	0.027823
33587	33675	8	0.013093
33587	33223	6	0.009820
33587	33288	6	0.009820
33587	33163	8	0.013093
33587	33420	16	0.026187
33587	33581	8	0.013093
33587	33134	1	0.001637
33587	33647	4	0.006547
33587	33136	5	0.008183
33587	33203	24	0.039280
33587	33492	4	0.006547
33587	33294	1	0.001637
33587	33251	8	0.013093
33587	33236	1	0.001637
33587	33679	1	0.001637
33587	33310	4	0.006547
33589	33136	24	0.016151
33589	33251	216	0.145357
33590	33192	2	1.000000
33590	33276	2	1.000000
33590	33534	2	1.000000
33590	33439	2	1.000000
33591	33176	16	0.034409
33594	33283	1	0.076923
33595	33288	4	0.010610
33595	33163	1	0.002653
33595	33679	1	0.002653
33596	33668	56	0.767123
33596	33542	56	0.767123
33596	33581	1	0.013699
33596	33683	56	0.767123
33596	33627	56	0.767123
33596	33660	1	0.013699
33598	33141	1	0.062500
33598	33581	4	0.250000
33598	33143	3	0.187500
33599	33627	1	0.083333
33599	33236	1	0.083333
33599	33310	1	0.083333
33648	33628	1	0.166667
33648	33383	1	0.166667
33648	33548	1	0.166667
33648	33579	1	0.166667
33648	33359	1	0.166667
33602	33339	135	1.015038
33163	33314	1	0.009804
33163	33251	1	0.009804
33163	33288	2	0.019608
33163	33545	1	0.009804
33163	33290	1	0.009804
33163	33237	2	0.019608
33163	33301	1	0.009804
33163	33627	1	0.009804
33163	33245	1	0.009804
33163	33407	1	0.009804
33604	33126	3	0.157895
33606	33176	1	0.008621
33610	33176	30	0.384615
33610	33290	2	0.025641
33611	33424	3	0.120000
33611	33176	1	0.040000
33611	33371	4	0.160000
33611	33534	1	0.040000
33611	33561	1	0.040000
33615	33450	3	0.009740
33615	33134	3	0.009740
33615	33136	6	0.019481
33615	33176	3	0.009740
33615	33627	1	0.003247
33615	33245	3	0.009740
33616	33176	139	0.399425
33618	33185	1	0.000469
33618	33318	1	0.000469
33618	33290	1	0.000469
33618	33581	1	0.000469
33618	33294	4	0.001875
33618	33267	2	0.000938
33618	33134	1	0.000469
33618	33176	3	0.001406
33618	33245	1	0.000469
33618	33407	3	0.001406
33620	33168	2	0.027397
33620	33648	2	0.027397
33620	33545	2	0.027397
33620	33163	4	0.054795
33620	33136	2	0.027397
33620	33176	2	0.027397
33620	33534	3	0.041096
33621	33176	37	0.359223
33621	33294	3	0.029126
33622	33545	2	0.034483
33622	33579	1	0.017241
33625	33681	1	0.022727
33625	33341	1	0.022727
33625	33209	3	0.068182
33627	33675	1	0.001984
33627	33476	1	0.001984
33627	33189	1	0.001984
33627	33223	1	0.001984
33627	33288	1	0.001984
33627	33290	1	0.001984
33627	33163	1	0.001984
33627	33134	1	0.001984
33627	33136	78	0.154762
33627	33236	1	0.001984
33627	33176	1	0.001984
33628	33545	1	0.029412
33629	33126	1	0.027778
33629	33163	1	0.027778
33629	33237	1	0.027778
33629	33655	1	0.027778
33629	33691	1	0.027778
33629	33407	2	0.055556
33631	33569	4	0.065574
33631	33290	1	0.016393
33631	33468	4	0.065574
33631	33245	1	0.016393
33123	33176	2	0.166667
33126	33136	1	0.008929
33126	33545	1	0.008929
33126	33691	1	0.008929
33126	33629	3	0.026786
33126	33581	2	0.017857
33127	33176	4	0.036036
33127	33245	1	0.009009
33640	33288	2598	259.800000
33640	33237	10	1.000000
33129	33679	1	0.023810
33129	33307	1	0.023810
33129	33557	3	0.071429
33129	33301	1	0.023810
33129	33351	1	0.023810
33130	33176	7	0.031963
33130	33234	2	0.009132
33132	33573	1	0.010204
33132	33452	1	0.010204
33132	33679	1	0.010204
33132	33681	1	0.010204
33132	33273	1	0.010204
33132	33176	38	0.387755
33132	33529	1	0.010204
33132	33534	1	0.010204
33133	33291	7	0.269231
33133	33534	2	0.076923
33134	33323	1	0.000654
33134	33506	4	0.002614
33134	33251	11	0.007190
33134	33545	1463	0.956209
33134	33290	3	0.001961
33134	33675	8	0.005229
33134	33516	6	0.003922
33134	33327	2	0.001307
33134	33584	2	0.001307
33134	33393	1512	0.988235
33134	33647	1	0.000654
33134	33679	2	0.001307
33135	33176	14	0.052045
33136	33648	2	0.004950
33136	33314	2	0.004950
33136	33288	2	0.004950
33136	33545	3	0.007426
33136	33516	8	0.019802
33136	33168	2	0.004950
33136	33301	2	0.004950
33136	33176	6	0.014851
33136	33273	1	0.002475
33136	33627	2	0.004950
33136	33245	4	0.009901
33136	33534	4	0.009901
33136	33407	1	0.002475
33137	33627	1	0.040000
33138	33409	1	0.013699
33138	33538	1	0.013699
33138	33573	1	0.013699
33138	33192	1	0.013699
33138	33515	1	0.013699
33138	33452	3	0.041096
33138	33294	1	0.013699
33138	33679	1	0.013699
33138	33424	1	0.013699
33138	33681	1	0.013699
33138	33618	1	0.013699
33138	33683	1	0.013699
33138	33428	1	0.013699
33138	33273	1	0.013699
33138	33176	74	1.013699
33138	33529	2	0.027397
33138	33276	2	0.027397
33138	33533	1	0.013699
33138	33534	1	0.013699
33138	33439	1	0.013699
33139	33301	1	0.004032
33139	33245	1	0.004032
33652	33376	1	0.100000
33652	33176	1	0.100000
33652	33251	1	0.100000
33652	33294	1	0.100000
33141	33176	3	0.107143
33142	33506	6	0.008230
33142	33251	2	0.002743
33142	33545	1	0.001372
33142	33675	4	0.005487
33142	33134	52	0.071331
33142	33679	6	0.008230
33142	33584	176	0.241427
33142	33245	6	0.008230
33142	33534	7	0.009602
33143	33176	8	0.082474
33143	33515	4	0.041237
33143	33213	4	0.041237
33144	33476	2	1.000000
33145	33627	1	0.038462
33658	33176	4	0.235294
33658	33534	4	0.235294
33659	33251	4	0.000285
33659	33162	850	0.060636
33659	33163	1	0.000071
33659	33200	11	0.000785
33659	33123	5	0.000357
33659	33142	1	0.000071
33659	33691	1	0.000071
33659	33534	1	0.000071
33660	33154	1	0.003509
33660	33283	2	0.007018
33660	33160	1	0.003509
33660	33545	1	0.003509
33660	33163	1	0.003509
33660	33420	1	0.003509
33660	33365	1	0.003509
33660	33295	1	0.003509
33660	33168	1	0.003509
33660	33681	1	0.003509
33660	33301	1	0.003509
33660	33177	1	0.003509
33660	33176	1	0.003509
33660	33561	1	0.003509
33660	33564	1	0.003509
33660	33568	1	0.003509
33660	33648	1	0.003509
33660	33570	1	0.003509
33660	33315	1	0.003509
33660	33445	1	0.003509
33660	33450	1	0.003509
33660	33579	1	0.003509
33660	33251	1	0.003509
33660	33200	1	0.003509
33660	33288	3	0.010526
33660	33460	1	0.003509
33660	33589	1	0.003509
33660	33595	1	0.003509
33660	33596	1	0.003509
33660	33213	1	0.003509
33660	33243	1	0.003509
33660	33215	1	0.003509
33660	33216	1	0.003509
33660	33346	1	0.003509
33660	33291	1	0.003509
33660	33142	1	0.003509
33660	33223	1	0.003509
33660	33456	1	0.003509
33660	33548	1	0.003509
33660	33354	1	0.003509
33660	33359	2	0.007018
33660	33360	1	0.003509
33660	33235	1	0.003509
33660	33236	1	0.003509
33660	33237	1	0.003509
33660	33241	1	0.003509
33660	33627	1	0.003509
33660	33628	1	0.003509
33660	33245	1	0.003509
33660	33503	1	0.003509
33660	33488	1	0.003509
33660	33506	4	0.014035
33660	33659	1	0.003509
33660	33253	4	0.014035
33660	33638	1	0.003509
33660	33383	1	0.003509
33660	33675	1	0.003509
33660	33134	1	0.003509
33660	33136	6	0.021053
33660	33393	1	0.003509
33660	33491	1	0.003509
33660	33140	1	0.003509
33660	33141	2	0.007018
33660	33526	1	0.003509
33660	33655	1	0.003509
33660	33620	1	0.003509
33660	33530	1	0.003509
33660	33147	1	0.003509
33660	33406	2	0.007018
33660	33407	1	0.003509
33149	33638	2	0.125000
33149	33351	1	0.062500
33149	33452	2	0.125000
33149	33294	1	0.062500
33149	33141	2	0.125000
33149	33529	1	0.062500
33149	33215	2	0.125000
33151	33176	70	0.921053
33664	33176	13	0.055319
33664	33300	2	0.008511
33665	33409	1	0.071429
33665	33649	1	0.071429
33665	33491	2	0.142857
33665	33141	1	0.071429
33665	33689	2	0.142857
33665	33533	1	0.071429
33665	33525	1	0.071429
33666	33406	1	0.016667
33666	33294	2	0.033333
33666	33245	1	0.016667
33668	33568	1	0.015152
33668	33675	1	0.015152
33668	33452	2	0.030303
33668	33581	3	0.045455
33668	33679	1	0.015152
33668	33683	1	0.015152
33668	33141	1	0.015152
33668	33596	1	0.015152
33668	33534	2	0.030303
33669	33141	1	1.000000
33158	33327	1	0.030303
33158	33581	1	0.030303
33158	33606	1	0.030303
33158	33311	2	0.060606
33671	33305	6	0.750000
33671	33594	9	1.125000
33671	33283	9	1.125000
33160	33488	1	0.005882
33160	33322	2	0.011765
33162	33668	1	0.010000
33162	33288	1	0.010000
33162	33545	2	0.020000
33162	33290	1	0.010000
33162	33675	1	0.010000
33162	33294	1	0.010000
33162	33423	1	0.010000
33162	33168	1	0.010000
33162	33681	1	0.010000
33162	33683	1	0.010000
33162	33301	1	0.010000
33162	33176	1	0.010000
33162	33177	1	0.010000
33162	33307	1	0.010000
33162	33310	2	0.020000
33162	33456	1	0.010000
33162	33314	1	0.010000
33162	33563	1	0.010000
33162	33573	1	0.010000
33162	33322	1	0.010000
33162	33195	1	0.010000
33162	33452	1	0.010000
33162	33581	1	0.010000
33162	33200	3	0.030000
33162	33598	1	0.010000
33162	33584	1	0.010000
33162	33351	1	0.010000
33162	33226	1	0.010000
33162	33691	1	0.010000
33162	33488	1	0.010000
33162	33234	1	0.010000
33162	33364	1	0.010000
33162	33273	1	0.010000
33162	33625	1	0.010000
33162	33679	1	0.010000
33162	33245	2	0.020000
33162	33247	1	0.010000
33162	33376	1	0.010000
33162	33126	1	0.010000
33162	33284	1	0.010000
33162	33515	1	0.010000
33162	33134	1	0.010000
33162	33647	1	0.010000
33162	33136	3	0.030000
33162	33393	1	0.010000
33162	33406	1	0.010000
33162	33267	1	0.010000
33162	33141	2	0.020000
33162	33529	1	0.010000
33162	33659	2	0.020000
33162	33534	7	0.070000
33675	33568	1	0.030303
33675	33506	4	0.121212
33675	33507	1	0.030303
33675	33476	1	0.030303
33675	33288	1	0.030303
33675	33452	1	0.030303
33675	33420	1	0.030303
33675	33134	17	0.515152
33675	33160	2	0.060606
33675	33684	2	0.060606
33675	33142	1	0.030303
33676	33176	2	0.017241
33677	33288	5	0.003385
33677	33545	2	0.001354
33677	33163	3	0.002031
33677	33168	1	0.000677
33677	33688	23	0.015572
33677	33176	3	0.002031
33677	33310	2	0.001354
33677	33136	9	0.006093
33677	33189	2	0.001354
33677	33447	1	0.000677
33677	33339	1	0.000677
33677	33675	2	0.001354
33677	33604	2	0.001354
33677	33488	8	0.005416
33677	33247	2	0.001354
33677	33506	3	0.002031
33677	33251	2	0.001354
33677	33253	2	0.001354
33677	33126	2	0.001354
33677	33133	1	0.000677
33677	33648	4	0.002708
33677	33530	2	0.001354
33677	33534	3	0.002031
33679	33290	5	0.001493
33679	33163	1	0.000299
33679	33516	9	0.002688
33679	33294	3	0.000896
33679	33595	2	0.000597
33679	33310	1	0.000299
33679	33503	2	0.000597
33168	33538	4	0.007782
33168	33545	6	0.011673
33168	33294	1	0.001946
33168	33679	4	0.007782
33168	33424	2	0.003891
33168	33681	2	0.003891
33168	33683	4	0.007782
33168	33428	2	0.003891
33168	33301	7	0.013619
33168	33176	1	0.001946
33168	33564	3	0.005837
33168	33439	2	0.003891
33168	33573	4	0.007782
33168	33577	2	0.003891
33168	33452	2	0.003891
33168	33620	3	0.005837
33168	33273	4	0.007782
33168	33255	4	0.007782
33168	33515	2	0.003891
33168	33136	8	0.015564
33168	33534	2	0.003891
33168	33529	4	0.007782
33168	33276	4	0.007782
33168	33533	2	0.003891
33168	33406	5	0.009728
33681	33282	1	0.000562
33681	33412	1	0.000562
33681	33415	1	0.000562
33681	33290	1	0.000562
33681	33294	13	0.007312
33681	33197	1	0.000562
33681	33428	1	0.000562
33681	33176	3	0.001687
33681	33178	1	0.000562
33681	33564	2	0.001125
33681	33440	1	0.000562
33681	33317	1	0.000562
33681	33322	1	0.000562
33681	33581	1	0.000562
33681	33329	1	0.000562
33681	33203	1	0.000562
33681	33209	2	0.001125
33681	33467	1	0.000562
33681	33341	1	0.000562
33681	33220	1	0.000562
33681	33488	1	0.000562
33681	33363	1	0.000562
33681	33367	1	0.000562
33681	33368	1	0.000562
33681	33627	1	0.000562
33681	33248	1	0.000562
33681	33379	1	0.000562
33681	33254	1	0.000562
33681	33256	1	0.000562
33681	33132	1	0.000562
33681	33141	2	0.001125
33681	33404	1	0.000562
33683	33488	1	0.000961
33683	33168	1	0.000961
33683	33681	1	0.000961
33683	33618	1	0.000961
33683	33141	2	0.001921
33683	33273	1	0.000961
33683	33529	1	0.000961
33683	33534	1	0.000961
33684	33675	2	1.000000
33684	33660	2	1.000000
33684	33142	2	1.000000
33685	33176	24	0.148148
33685	33679	3	0.018519
33685	33439	1	0.006173
33174	33176	9	0.065693
33687	33655	4	0.800000
33687	33407	117	23.400000
33688	33648	2	0.011561
33688	33314	1	0.005780
33688	33126	1	0.005780
33688	33545	175	1.011561
33688	33163	1	0.005780
33688	33136	3	0.017341
33688	33236	2	0.011561
33688	33241	2	0.011561
33688	33492	173	1.000000
33688	33627	1	0.005780
33688	33245	3	0.017341
33689	33491	5	0.090909
33178	33176	16	0.150943
33178	33563	1	0.009434
33691	33376	1	0.011364
33691	33251	3	0.034091
33691	33163	1	0.011364
33691	33301	2	0.022727
33691	33270	1	0.011364
33691	33245	1	0.011364
33691	33237	1	0.011364
33693	33691	1	0.018519
33693	33126	1	0.018519
33693	33545	1	0.018519
33693	33163	1	0.018519
33693	33452	1	0.018519
33693	33581	2	0.037037
33693	33145	1	0.018519
33693	33627	1	0.018519
33693	33564	1	0.018519
33693	33629	2	0.037037
33182	33376	1	0.007407
33182	33253	8	0.059259
33182	33288	1	0.007407
33182	33163	1	0.007407
33182	33237	2	0.014815
33182	33176	2	0.014815
33182	33627	1	0.007407
33182	33301	1	0.007407
33183	33168	6	0.222222
33183	33288	3	0.111111
33183	33290	1	0.037037
33183	33683	2	0.074074
33183	33141	1	0.037037
33184	33581	1	0.100000
33185	33176	32	0.123552
33185	33618	3	0.011583
33185	33141	2	0.007722
33185	33294	2	0.007722
33185	33423	1	0.003861
33188	33176	137	1.356436
33189	33506	1	0.018868
33189	33163	1	0.018868
33189	33237	1	0.018868
33190	33176	1	0.005587
33192	33452	4	0.005284
33192	33581	2	0.002642
33192	33294	3	0.003963
33192	33298	1	0.001321
33192	33301	1	0.001321
33192	33176	24	0.031704
33193	33176	210	0.168404
33195	33141	1	0.200000
33197	33176	10	0.045872
33197	33213	2	0.009174
33200	33659	1	0.028571
33200	33462	1	0.028571
33201	33573	1	0.004950
33201	33515	1	0.004950
33201	33452	1	0.004950
33201	33294	1	0.004950
33201	33679	1	0.004950
33201	33648	1	0.004950
33201	33681	1	0.004950
33201	33683	1	0.004950
33201	33620	1	0.004950
33201	33273	1	0.004950
33201	33176	17	0.084158
33201	33529	1	0.004950
33201	33534	1	0.004950
33203	33176	1	0.001718
33203	33538	1	0.001718
33204	33176	81	1.038462
33205	33627	1	0.083333
33205	33236	1	0.083333
33205	33310	1	0.083333
33207	33176	1	0.250000
33209	33506	1	0.012821
33209	33163	2	0.025641
33209	33189	1	0.012821
33209	33291	1	0.012821
33209	33301	64	0.820513
33209	33681	64	0.820513
33209	33141	1	0.012821
33209	33177	1	0.012821
33209	33625	65	0.833333
33209	33627	1	0.012821
33209	33407	2	0.025641
33635	33192	1	0.047619
33635	33379	1	0.047619
33635	33452	1	0.047619
33212	33294	1	0.002494
33212	33679	2	0.004988
33213	33538	1	0.034483
33213	33284	1	0.034483
33213	33287	1	0.034483
33213	33290	1	0.034483
33213	33294	30	1.034483
33213	33679	1	0.034483
33213	33424	1	0.034483
33213	33681	1	0.034483
33213	33683	1	0.034483
33213	33428	1	0.034483
33213	33176	4	0.137931
33213	33573	1	0.034483
33213	33577	1	0.034483
33213	33452	1	0.034483
33213	33197	1	0.034483
33213	33141	1	0.034483
33213	33271	1	0.034483
33213	33484	2	0.068966
33213	33488	1	0.034483
33213	33363	1	0.034483
33213	33273	2	0.068966
33213	33616	4	0.137931
33213	33379	1	0.034483
33213	33382	1	0.034483
33213	33127	1	0.034483
33213	33515	1	0.034483
33213	33649	1	0.034483
33213	33232	1	0.034483
33213	33406	1	0.034483
33213	33143	3	0.103448
33213	33529	1	0.034483
33213	33276	1	0.034483
33213	33533	1	0.034483
33213	33534	2	0.068966
33215	33237	1	0.000366
33215	33691	2	0.000732
33215	33163	2	0.000732
33215	33573	1596	0.583760
33215	33245	5	0.001829
33216	33251	10	0.010953
33216	33163	2	0.002191
33216	33581	1	0.001095
33216	33134	2	0.002191
33216	33301	5	0.005476
33216	33407	1	0.001095
33222	33193	3	0.061224
33222	33581	1	0.020408
33222	33168	1	0.020408
33222	33234	1	0.020408
33222	33141	49	1.000000
33222	33627	1	0.020408
33222	33534	1	0.020408
33223	33545	3	0.024590
33223	33314	5	0.040984
33223	33627	2	0.016393
33223	33407	1	0.008197
33224	33176	28	0.140000
33224	33534	4	0.020000
33225	33176	12	0.017118
33225	33538	2	0.002853
33225	33452	2	0.002853
33225	33407	1	0.001427
33228	33176	2	0.002762
33230	33337	2	0.010870
33230	33314	3	0.016304
33231	33176	28	0.205882
33234	33162	1	0.016667
33234	33627	1	0.016667
33234	33141	1	0.016667
33234	33515	1	0.016667
33235	33307	3	0.002950
33235	33163	5	0.004916
33235	33460	1	0.000983
33235	33237	3	0.002950
33235	33310	5	0.004916
33237	33288	7	0.166667
33237	33163	2	0.047619
33237	33245	3	0.071429
33237	33534	1	0.023810
33238	33142	6	0.016484
33238	33126	2	0.005495
33238	33545	2	0.005495
33238	33290	1	0.002747
33238	33581	10	0.027473
33238	33168	2	0.005495
33238	33301	3	0.008242
33238	33270	2	0.005495
33238	33176	2	0.005495
33238	33145	2	0.005495
33238	33407	1	0.002747
33240	33545	1	0.028571
33240	33691	1	0.028571
33240	33629	1	0.028571
33241	33648	2	0.011628
33241	33314	1	0.005814
33241	33126	1	0.005814
33241	33545	174	1.011628
33241	33163	1	0.005814
33241	33136	3	0.017442
33241	33492	172	1.000000
33241	33688	8965	52.122093
33241	33236	2	0.011628
33241	33627	1	0.005814
33241	33245	3	0.017442
33247	33409	2	0.013245
33247	33573	1	0.006623
33247	33488	1	0.006623
33247	33683	2	0.013245
33247	33428	1	0.006623
33247	33276	1	0.006623
33248	33176	5	0.098039
33250	33288	2	0.000843
33250	33251	4	0.001686
33250	33516	1	0.000421
33250	33203	34	0.014328
33250	33581	2	0.000843
33251	33288	76	0.030832
33251	33545	2	0.000811
33251	33290	2	0.000811
33251	33163	135	0.054767
33251	33420	1	0.000406
33251	33679	1	0.000406
33251	33168	2	0.000811
33251	33301	6	0.002434
33251	33176	2	0.000811
33251	33177	1	0.000406
33251	33200	1	0.000406
33251	33314	9	0.003651
33251	33189	5	0.002028
33251	33447	2	0.000811
33251	33452	7	0.002840
33251	33581	2	0.000811
33251	33584	32	0.012982
33251	33476	2	0.000811
33251	33270	8	0.003245
33251	33237	42	0.017039
33251	33295	3	0.001217
33251	33245	26	0.010548
33251	33506	6	0.002434
33251	33253	4	0.001623
33251	33516	3	0.001217
33251	33134	2	0.000811
33251	33142	20	0.008114
33251	33273	1	0.000406
33251	33660	1	0.000406
33251	33534	189	0.076673
33252	33176	193	0.624595
33255	33627	1	0.000796
33255	33533	1	0.000796
33255	33406	14	0.011146
33258	33176	3	0.103448
33258	33141	9	0.310345
33267	33618	2	0.006231
33267	33290	8	0.024922
33270	33154	17	0.157407
33270	33251	1	0.009259
33270	33545	1	0.009259
33270	33515	1	0.009259
33270	33516	3	0.027778
33270	33134	1	0.009259
33270	33295	3	0.027778
33270	33163	1	0.009259
33271	33176	7	0.041916
33271	33534	1	0.005988
33273	33216	1	0.000571
33273	33251	1	0.000571
33273	33573	1	0.000571
33273	33452	2	0.001142
33273	33294	4	0.002284
33273	33488	1	0.000571
33273	33176	15	0.008567
33273	33529	1	0.000571
33273	33627	1	0.000571
33273	33564	1	0.000571
33273	33534	2	0.001142
33273	33503	1	0.000571
33274	33176	55	0.283505
33276	33452	1	0.001484
33276	33294	3	0.004451
33276	33406	2	0.002967
